Group01_01.txt
6 23 30 66 72 96 131 137 158 168 182 235 336 364 397 514 535 579 585 598 613 625 
Group01_02.txt
2 20 24 44 101 124 135 165 254 261 270 303 315 327 341 
Group01_03.txt
93 101 128 136 183 192 205 242 320 434 450 464 468 474 512 573 585 614 624 632 637 644 651 658 671 684 718 723 728 733 742 759 784 790 801 825 836 867 874 877 884 901 970 980 987 1009 1017 1074 1079 1094 1104 1107 1118 1121 1137 1150 1168 1174 1179 1185 1203 1213 1228 
Group01_04.txt
51 188 223 237 261 269 310 334 341 366 
Group01_05.txt
54 65 92 98 105 159 164 234 274 334 347 349 
Group01_06.txt
19 170 176 197 268 278 364 389 397 450 467 471 477 537 597 613 648 662 719 722 731 778 791 799 862 891 920 981 1024 1140 1175 
Group01_07.txt
11 28 111 114 134 142 159 186 233 250 266 282 341 413 419 465 518 571 582 596 
Group01_08.txt
12 34 47 56 70 81 85 95 100 131 150 179 225 268 298 311 331 345 375 383 388 409 430 468 480 499 555 595 622 665 701 711 723 756 860 869 920 981 994 1011 1025 1032 1039 1088 1143 
Group01_09.txt
39 93 256 265 280 295 333 361 404 421 470 485 530 572 581 586 590 619 720 755 
Group01_10.txt
80 135 173 176 210 236 245 262 296 308 348 390 393 396 425 432 438 450 510 531 544 697 804 906 993 1003 
Group01_11.txt
34 82 116 135 187 209 244 262 352 491 624 689 698 901 926 979 
Group01_12.txt
13 18 58 109 148 187 206 245 267 270 274 277 294 307 334 430 437 536 624 692 716 
Group01_13.txt
70 103 113 121 140 144 
Group01_14.txt
32 50 58 173 226 240 293 309 344 361 391 403 420 436 478 494 529 546 576 588 605 621 
Group01_15.txt
66 90 187 219 229 247 281 290 293 300 328 398 
Group01_16.txt
5 31 144 201 308 333 396 406 
Group01_17.txt
18 56 120 137 237 258 
Group01_18.txt
20 170 193 224 227 
Group01_19.txt
33 37 58 72 126 212 319 328 344 362 387 395 400 410 425 460 476 543 559 586 600 644 663 684 721 728 
Group01_20.txt
33 154 158 213 227 291 338 377 429 507 520 545 557 583 637 655 
Group01_21.txt
2 20 27 32 68 73 82 101 183 196 208 231 297 316 331 372 401 420 440 485 549 
Group01_22.txt
59 114 156 187 190 218 221 255 288 402 417 
Group01_23.txt
2 80 113 245 273 279 312 316 356 362 373 542 604 646 
Group01_24.txt
51 188 223 237 261 269 303 327 334 359 
Group01_25.txt
141 322 328 352 369 387 445 477 493 528 552 556 597 634 755 769 815 864 872 910 917 955 972 1016 1021 1066 
Group01_26.txt
15 23 72 78 89 99 113 117 133 149 188 190 195 206 216 223 229 232 237 240 352 370 425 440 444 448 524 571 583 600 613 635 658 661 664 685 743 753 780 
Group01_27.txt
14 40 55 92 95 176 203 236 284 295 361 371 
Group01_28.txt
30 112 244 281 508 
Group01_29.txt
18 28 81 88 128 149 155 182 195 264 269 284 301 349 375 388 456 459 469 493 505 521 529 536 558 569 611 649 660 672 715 728 740 751 763 808 
Group01_30.txt
14 28 113 155 203 229 272 369 383 402 423 431 462 481 603 640 661 682 785 
Group01_31.txt
4 113 135 200 220 234 289 369 416 
Group01_32.txt
4 26 63 123 248 256 264 385 393 413 573 579 609 621 628 634 776 827 948 1003 1051 1167 1174 1193 1209 1257 
Group01_33.txt
0 19 91 227 238 272 296 313 333 361 414 427 445 451 491 548 579 585 671 773 
Group01_34.txt
79 127 392 490 496 521 551 648 
Group01_35.txt
38 48 51 58 73 105 222 292 399 423 448 451 512 534 536 546 642 648 672 680 725 779 832 896 978 981 986 1007 1172 1220 1233 1254 1257 1271 1283 
Group01_36.txt
11 15 37 144 258 259 333 383 396 514 609 
Group01_37.txt
1 60 127 141 199 218 266 273 288 422 499 503 
Group01_38.txt
2 20 27 32 68 81 100 182 194 206 229 295 314 329 370 399 418 438 482 546 
Group01_39.txt
26 58 78 112 189 221 317 375 383 387 481 491 498 515 517 525 
Group01_40.txt
41 48 182 189 213 226 382 515 540 848 863 
Group01_41.txt
55 73 88 112 155 161 265 285 297 334 346 364 385 392 459 
Group01_42.txt
1 14 28 48 70 78 156 160 192 242 259 288 302 363 372 524 529 539 595 
Group01_43.txt
44 131 289 544 
Group01_44.txt
0 22 37 44 59 96 110 148 174 189 217 244 249 268 274 345 371 403 
Group01_45.txt
4 32 159 180 212 239 318 345 480 515 
Group01_46.txt
0 45 136 170 180 258 326 343 423 466 474 532 
Group01_47.txt
11 24 69 165 214 302 322 418 449 
Group01_48.txt
0 23 39 95 186 214 307 347 452 478 
Group01_49.txt
19 38 137 157 253 347 522 560 
Group01_50.txt
21 55 89 98 109 120 125 198 290 308 349 371 414 440 493 499 523 542 
Group02_01.txt
14 25 37 79 144 154 159 201 220 235 395 513 535 606 632 636 650 656 674 
Group02_02.txt
46 115 120 162 209 229 234 273 323 331 379 394 461 479 485 514 530 549 586 699 746 773 777 785 791 825 870 912 922 938 
Group02_03.txt
83 125 147 153 180 195 201 259 270 323 338 359 365 399 425 533 552 559 730 794 797 830 860 867 957 983 
Group02_04.txt
145 177 183 303 322 361 460 747 781 795 
Group02_05.txt
58 129 232 272 395 428 484 541 597 604 640 678 737 
Group02_06.txt
34 225 345 398 634 674 764 801 887 
Group02_07.txt
66 111 126 170 223 248 252 276 296 334 356 374 474 478 562 658 
Group02_08.txt
11 235 361 382 528 584 593 598 613 623 
Group02_09.txt
35 66 86 97 107 166 250 299 343 380 552 580 659 682 734 768 
Group02_10.txt
9 138 173 194 290 469 476 491 522 547 556 560 577 639 654 658 693 733 763 867 874 884 899 913 980 994 1032 1091 1106 1153 
Group02_11.txt
29 48 59 100 148 158 193 262 267 291 418 423 427 440 460 519 552 563 580 584 605 631 641 676 807 815 845 859 869 890 
Group02_12.txt
9 25 28 77 266 450 713 774 810 901 907 1009 1022 
Group02_13.txt
44 48 63 66 167 180 201 277 315 475 625 774 795 879 931 942 961 
Group02_14.txt
13 42 52 85 100 144 188 319 478 573 579 758 773 871 
Group02_15.txt
55 68 190 198 247 270 284 319 369 452 462 491 505 
Group02_16.txt
5 43 63 102 114 157 161 165 170 200 228 250 331 343 354 366 382 407 414 426 433 436 480 537 605 633 651 658 687 714 731 783 898 902 917 
Group02_17.txt
12 32 70 111 137 155 159 163 180 183 218 246 296 342 364 382 397 437 481 614 618 696 752 760 
Group02_18.txt
92 97 113 117 128 131 234 274 339 410 419 438 442 523 526 539 604 623 680 695 700 715 723 745 760 765 770 777 791 833 838 842 850 878 901 918 924 973 1010 1042 1047 1094 1132 1149 1242 1249 1266 1308 1322 1351 1364 1474 1491 1528 1535 1557 1564 1593 1605 1631 1801 1836 1881 1974 2081 2098 2107 2126 2136 2156 2176 2182 2218 2221 2226 2244 2316 2347 2371 2394 2460 2497 2655 2766 2781 2785 2792 2822 2864 2903 2905 2955 2988 3017 3073 3077 3092 
Group02_19.txt
3 74 77 82 110 123 138 147 158 165 169 185 251 258 379 431 524 560 589 666 699 709 715 718 786 859 894 1071 1077 1087 1122 1135 1195 1242 1303 1327 1389 1417 1423 1486 1522 1532 1604 1607 1630 1658 1663 1686 1746 1793 1800 1829 
Group02_20.txt
3 26 178 191 258 285 351 434 468 504 522 558 601 696 707 740 748 752 761 766 775 790 818 881 905 913 940 947 979 991 994 1035 1044 1052 1073 1131 1189 1231 1254 1263 1295 1325 1342 1355 1360 1364 1378 1385 1420 1444 1448 1451 1549 1563 1591 1605 1619 1690 1711 1770 1806 1812 1918 1934 1961 1993 2011 2023 2041 2088 2115 2248 2252 2324 2378 2382 2387 2428 2470 2483 2512 2529 2539 2597 2636 2657 2694 2730 2735 2754 2760 2812 2850 2857 2871 2874 2888 2891 2915 2936 2942 2969 2978 2982 2995 2998 3048 3085 3089 3105 3111 3155 3227 3252 3257 3268 3291 3316 3326 3333 3367 3379 3416 3427 3432 3434 3440 3453 3461 3468 3503 3508 3518 3525 3592 3594 3599 3604 3622 3644 3654 3675 3678 3685 3714 3735 3753 3795 3807 3811 3820 3864 3874 3900 3957 3961 3968 3981 4022 4025 4028 4066 4071 4088 4202 
Group02_21.txt
4 13 69 147 171 184 194 215 218 256 267 370 380 426 487 552 698 743 752 822 845 899 949 952 961 999 1024 1040 1046 1050 1069 1076 1178 1240 1278 1345 1361 1375 1391 1462 1523 1533 1536 1540 1570 1594 1607 1610 1615 1619 1738 1756 1828 1851 1854 1917 1924 1928 1982 2003 2020 2036 2060 2087 2104 2145 2202 2227 2269 2283 2313 2336 2371 2407 2416 2509 2521 2526 2561 2607 2660 2789 2794 
Group02_22.txt
4 20 70 135 144 151 159 173 252 305 341 357 405 415 438 490 586 626 646 657 671 698 721 764 775 816 846 955 966 970 1090 1138 1201 1264 1328 1371 1384 1397 1429 1462 1490 1663 1718 1733 1754 1808 1814 1825 1839 1947 1963 2061 2076 2090 2125 2169 2177 2185 2245 2332 2368 2444 2499 2546 2562 2605 2608 2684 2697 2740 2806 2814 2937 2944 2967 2983 3039 3088 3284 3353 3379 3429 3432 3437 3483 3541 3609 3673 3678 3767 
Group02_23.txt
7 63 79 160 202 266 292 341 394 414 484 537 549 571 590 604 639 653 659 666 732 823 831 912 919 948 956 982 1012 1039 1052 1056 1093 1118 1264 1286 1364 1379 1398 1449 1453 1466 1474 1512 1561 1674 
Group02_24.txt
31 40 65 82 92 101 106 109 117 132 135 189 216 306 355 360 364 376 388 391 401 419 450 471 532 564 571 579 612 655 663 697 700 719 739 744 761 767 812 826 907 919 923 964 984 1074 1126 1146 1151 1165 1203 1273 1282 1299 1324 1351 1361 1368 1490 1496 1506 1512 
Group02_25.txt
44 74 115 162 176 207 434 455 459 481 501 553 638 641 649 712 844 890 894 914 929 941 947 950 969 987 1035 1081 1325 
Group02_26.txt
98 109 117 180 192 202 247 331 346 383 398 436 448 523 534 579 679 687 692 695 706 709 777 820 832 849 
Group02_27.txt
14 19 60 72 75 79 102 110 138 147 170 175 183 192 221 242 250 275 278 310 356 365 421 442 460 474 483 499 510 523 528 539 554 587 594 601 602 615 619 626 634 648 655 666 679 688 694 702 724 747 756 772 802 804 816 836 875 883 924 938 950 955 969 976 990 1026 1034 1049 1055 1082 1085 1113 1139 1151 1159 1173 1193 1203 1206 1211 1213 1221 1224 1250 1259 1264 1268 1273 1279 1317 1338 1358 1374 1380 1384 1388 1403 1413 1426 1430 1475 1478 1533 1539 1556 1561 1591 1594 1599 1628 1643 1661 1703 1741 1744 1760 1762 1768 1793 1794 1801 
Group02_28.txt
12 90 100 113 129 257 262 283 292 296 310 320 344 376 432 454 471 487 536 701 711 771 788 856 930 949 1021 1125 1165 1229 1284 1287 1299 1308 1325 1338 1346 1407 1422 1428 1528 1559 1571 1595 1605 1669 1693 1712 1725 1739 1768 1780 1805 1819 1837 1866 1878 1959 1967 1988 2078 
Group02_29.txt
16 23 44 67 79 100 108 112 117 148 200 209 225 314 469 473 549 558 744 824 907 919 929 938 998 1051 1126 1134 1219 
Group02_30.txt
10 51 59 83 103 133 144 147 154 193 200 247 262 304 355 412 414 473 481 567 664 776 812 944 952 981 992 1010 1037 1125 1135 1186 1196 1241 1324 1336 1397 1424 1430 1448 1535 1546 1592 1594 1612 1644 1667 1674 1704 1727 1738 1776 1802 1986 2067 2099 2129 2312 2372 2388 2572 2731 2742 2801 2806 2810 2824 3056 3076 3102 3119 3183 3209 3360 3367 3368 3375 3388 3389 3391 3404 3447 3458 3466 3501 3504 3506 3521 3556 3618 3622 3700 3736 3768 3789 3845 3926 3937 3973 3996 4033 4071 4122 4127 4190 4220 4233 4284 4294 4306 4311 4339 4362 4401 4405 4418 4423 4430 4468 4475 
Group02_31.txt
59 96 104 115 124 138 143 169 221 233 243 270 275 279 281 288 299 317 416 454 457 477 482 516 531 582 613 668 683 760 810 821 826 845 849 877 909 917 934 938 962 1047 1052 1100 1121 1166 1176 1187 1206 1231 1248 1256 1259 1262 1271 1277 1279 1302 1306 1314 1337 1417 1484 1555 1615 1625 1682 1703 1764 1854 1896 1919 1927 2020 2031 2167 2206 2252 2263 2278 2355 2439 2456 2486 2500 2776 2787 2826 2904 2917 2977 
Group02_32.txt
22 74 365 383 393 424 521 539 577 698 799 805 948 1150 1196 1379 1620 1629 1837 1927 1932 2078 2328 2350 2355 2411 2424 2499 2521 2602 2714 
Group02_33.txt
27 47 83 232 290 326 335 393 416 433 458 505 536 637 732 807 855 876 982 1007 1037 1153 1204 1217 1268 1283 1402 1448 1484 1491 1500 1526 1604 1611 1737 1754 1761 1778 1806 1810 1814 1972 2040 2081 2105 2109 2124 2137 2154 2180 2293 2297 2379 2455 2578 2679 2696 2780 2784 2808 2862 2926 2931 2945 3228 3293 3362 
Group02_34.txt
4 8 13 36 82 97 132 142 149 155 163 175 191 207 231 271 281 294 301 304 318 327 376 383 389 408 419 421 439 462 507 518 522 601 629 674 683 699 732 751 755 759 771 788 791 820 830 833 842 846 981 1049 1061 1074 1078 1164 1181 1194 1201 1240 1272 1285 1288 1292 1295 1312 1346 1357 1384 1418 
Group02_35.txt
27 59 148 180 245 256 281 404 465 492 554 621 739 750 773 857 861 868 907 
Group02_36.txt
9 24 28 61 65 125 184 199 318 371 392 400 429 514 557 593 595 622 655 659 661 689 692 725 805 873 881 908 1084 1088 1211 1217 1247 1289 1317 1355 1370 1414 1435 1439 1460 1475 1558 1599 1615 1633 1635 1642 1678 1727 1752 1772 
Group02_37.txt
9 13 73 87 134 160 184 256 268 318 323 331 372 391 401 426 437 518 551 594 624 642 661 710 715 736 822 830 852 871 957 969 1067 1073 1079 1118 1155 1169 1208 1226 1263 1344 1367 1421 1437 1510 
Group02_38.txt
15 37 62 65 87 119 145 195 228 260 267 286 303 322 358 380 387 405 416 419 451 465 522 530 543 566 573 585 593 597 619 626 629 641 648 671 731 735 748 758 765 780 791 805 819 837 840 852 857 885 904 907 913 943 953 963 974 991 1002 1026 1043 1055 1059 1062 1067 1082 1097 1124 1135 1157 1162 1248 1291 1319 1341 1355 1361 1465 1469 1496 1543 1547 1556 1562 1576 1578 1600 1625 1636 1668 1699 1720 1750 1774 1777 1785 1816 1828 1832 1865 1877 1883 1889 1892 1909 1918 1927 1978 1985 1990 2006 2014 2032 2038 2044 2048 2052 2060 2064 2079 2102 2109 2120 2130 2135 2145 2209 2237 2254 2275 2282 2344 2356 2369 2387 2389 2400 2426 2434 2453 2471 2485 2495 2516 2533 2538 2579 2603 2633 2647 2654 2663 2692 2698 2703 2738 2741 2812 2842 2862 2910 2920 2924 2949 2956 2960 2977 2996 3003 3010 3019 3044 3053 3110 3121 3132 3161 3164 3208 3232 3248 3269 3277 3281 3301 3306 3314 3327 3352 3373 3377 3440 3456 3491 3507 3547 3575 3579 3591 
Group02_39.txt
69 94 116 128 137 155 162 194 213 228 304 335 383 402 489 553 572 598 603 674 683 707 715 760 779 853 873 880 885 889 892 899 929 935 940 968 975 991 1002 1062 1084 1087 1093 1126 1132 1161 1183 1217 1222 1257 1276 1289 1311 1336 1352 1396 1440 1471 1502 1619 1624 1632 1643 1677 1688 1714 1721 
Group02_40.txt
22 44 47 61 64 68 88 162 167 232 235 239 260 315 319 330 364 412 418 476 502 588 640 652 677 680 684 706 834 842 855 867 872 881 902 909 926 929 936 998 1006 1161 1203 1257 1267 1324 1328 1357 1417 1419 1430 1467 1597 1601 1639 1688 1706 1777 1856 2099 2113 2175 2255 2261 2307 
Group02_41.txt
0 51 158 166 171 176 181 193 205 209 219 280 289 322 325 335 339 343 349 366 382 387 392 399 402 409 416 443 451 685 712 763 775 778 815 831 841 877 903 933 935 943 969 974 994 1016 1023 1066 1073 1098 1279 1309 1368 1388 1530 1537 1615 1640 
Group02_42.txt
57 61 82 134 164 256 267 287 339 359 401 480 530 653 675 
Group02_43.txt
8 14 20 32 51 84 109 124 133 203 296 320 325 383 404 487 498 527 555 562 604 623 656 667 692 699 725 743 751 798 801 808 865 906 981 991 1000 1046 1110 1139 1149 1154 1168 1210 1219 1228 1232 1240 1246 1262 1323 1388 1396 1426 1577 1613 1625 1667 
Group02_44.txt
70 106 155 193 209 257 274 508 539 552 634 649 693 794 869 887 897 911 939 1030 1033 1080 1128 1360 1364 1413 1475 1536 1548 1586 1596 1615 1619 1638 1656 1675 
Group02_45.txt
9 19 46 79 83 91 98 187 209 220 229 232 239 247 321 340 365 375 388 391 399 407 412 427 446 449 453 478 509 515 545 549 561 568 609 622 629 643 719 748 753 767 786 970 979 1017 1022 1071 1092 1096 1122 1134 1151 1161 1165 1203 1211 1232 1241 1274 1303 1457 1470 1496 1514 1522 1526 1615 1650 1672 1681 1684 1688 1692 1747 1788 1821 1824 1870 1873 1938 
Group02_46.txt
3 43 46 144 175 191 196 222 250 294 303 363 482 502 515 557 562 566 621 636 639 770 903 1047 1077 1132 1142 1182 1235 1251 1272 1298 1312 1317 1329 1373 1505 1632 1636 1648 1681 1801 1818 1914 2004 2072 2179 2186 2200 2228 2277 2297 2342 2358 2472 2488 2541 2571 2611 
Group02_47.txt
19 32 144 169 202 275 296 312 317 346 353 360 364 379 389 470 495 779 782 831 843 851 956 992 999 1035 1059 1083 1091 1094 1141 1144 1155 1199 1217 1241 1252 1276 1304 1337 1346 1351 1387 1412 
Group02_48.txt
23 26 45 64 75 158 162 190 208 213 309 375 381 394 400 492 642 813 819 863 951 972 1012 1065 1101 1112 1124 1168 1188 1225 1253 1263 1279 1309 1320 1366 1449 1453 1471 1504 1513 1590 1599 1625 1631 1658 1677 1729 1742 1758 1760 1762 1765 1778 1780 1783 1785 1787 1789 1792 1794 1796 1798 1800 1802 1818 1831 1848 1850 1853 1855 1871 1879 1881 1883 1887 1894 1896 1898 1942 1944 1946 1954 1974 1976 1978 2003 2005 2034 2036 2054 2056 2094 2101 2217 2235 2265 2267 2269 2471 2626 2628 2670 2678 2717 2719 2721 2732 2734 2737 2748 2768 2771 2773 2776 2778 2780 2787 2791 2815 2823 2847 2852 2877 
Group02_49.txt
58 129 142 157 166 174 200 205 309 313 321 417 437 443 448 463 519 527 565 569 574 638 642 663 667 757 1064 1169 1223 1312 1378 1383 1555 1675 1706 1794 1988 1992 2066 2135 2154 2358 2378 2386 2414 2520 2523 2595 2605 2703 2716 2750 2777 2796 2834 3032 3050 3073 3134 3253 3260 3305 3312 3388 3517 3571 3671 3827 3868 4045 4271 4293 4330 
Group02_50.txt
20 30 57 106 127 129 136 141 143 148 153 277 282 286 342 351 665 711 866 875 881 901 949 961 1110 1122 1134 1256 1306 1497 1575 1617 1630 1839 1851 1906 1917 1952 1955 2003 
Group03_01.txt
38 48 97 122 307 482 
Group03_02.txt
3 9 24 35 47 83 91 93 154 159 184 190 196 210 214 221 249 272 302 309 327 335 506 548 577 644 676 714 772 784 
Group03_03.txt
42 45 52 73 141 161 165 172 350 392 402 498 563 629 679 685 712 742 858 874 889 898 1018 1083 1098 1112 1139 1169 1176 1179 1207 
Group03_04.txt
7 15 42 81 126 157 173 177 361 387 439 470 611 656 854 941 1089 1196 1276 1286 1304 1319 1358 1373 1389 1397 1402 1434 1441 1457 1474 1493 1501 1520 1536 1601 1608 1652 1731 1739 1752 1807 1891 2132 2168 2194 2204 2210 2213 2273 2307 
Group03_05.txt
96 255 302 330 342 357 392 426 528 642 668 741 804 885 974 1040 1049 
Group03_06.txt
84 105 141 151 188 191 241 248 325 332 335 348 381 389 418 425 465 479 514 558 563 584 627 643 666 693 768 780 905 917 921 924 932 1013 1098 1141 1149 1231 1261 1274 1337 1342 1415 1429 1515 1576 1597 1724 1733 1759 1786 1794 1952 1975 1980 2000 2094 2103 2111 2180 2232 2251 2283 2291 2294 2306 2357 2388 2447 2466 2521 2549 2568 2598 2640 2669 2733 2774 
Group03_07.txt
31 118 185 310 336 410 413 450 472 602 629 722 782 796 869 886 920 998 1006 1056 1117 1122 1176 1181 1204 1279 1285 1361 1419 1472 1477 1488 1493 1495 1506 1641 1688 1762 1775 1841 1886 1957 1969 1972 2014 2133 2143 2245 2372 2409 2620 2651 2681 
Group03_08.txt
37 56 99 104 207 217 224 244 248 259 261 269 295 344 374 425 542 548 571 631 644 754 760 765 832 844 
Group03_09.txt
32 43 131 137 158 259 269 287 320 356 407 415 443 505 516 527 583 639 712 740 749 816 825 835 851 870 896 930 1087 
Group03_10.txt
4 8 51 193 214 251 260 274 281 413 433 510 570 602 628 777 794 827 901 914 985 
Group03_11.txt
64 72 110 121 151 213 342 353 371 465 498 504 574 602 623 628 653 657 727 734 753 756 835 839 843 906 916 932 
Group03_12.txt
17 43 49 52 107 197 225 248 338 354 368 378 459 473 480 494 560 571 590 601 607 743 849 905 925 963 1003 1033 1062 1068 1095 1119 1128 1144 1217 1224 1276 1282 1323 1338 1372 1387 
Group03_13.txt
17 67 136 183 262 264 383 402 483 519 580 590 596 628 660 664 671 695 705 719 773 908 923 932 942 994 1076 1103 1106 1113 1304 1370 1459 1483 1493 1496 1503 
Group03_14.txt
7 10 17 34 43 168 178 185 256 266 355 366 406 448 457 549 579 583 604 625 716 731 765 783 855 946 966 982 991 1026 1115 1169 1205 1217 1247 1256 
Group03_15.txt
18 42 61 64 71 76 104 121 138 148 162 184 195 253 283 310 317 358 398 429 432 438 465 488 522 638 671 680 690 698 723 
Group03_16.txt
74 123 203 215 271 280 305 372 510 521 532 538 596 599 707 823 
Group03_17.txt
96 116 190 196 310 313 351 379 429 457 468 545 571 576 609 616 619 645 665 684 722 753 771 804 811 822 826 834 
Group03_18.txt
53 64 111 123 128 173 184 193 201 310 318 336 378 396 429 469 498 501 521 559 631 734 747 770 865 898 907 940 955 994 1018 1094 1135 
Group03_19.txt
0 34 44 46 49 53 64 127 165 301 381 450 526 563 621 689 693 701 728 793 873 909 
Group03_20.txt
3 49 75 79 89 225 238 248 271 349 365 403 438 481 502 516 544 549 558 604 629 679 740 833 847 884 896 932 943 
Group03_21.txt
33 59 63 77 129 226 267 286 301 329 355 361 374 454 552 571 586 631 641 672 786 837 845 936 967 1032 1119 1168 1204 1208 1229 1264 1307 1317 1340 1344 1358 1387 1437 1467 1471 1478 1502 1518 1570 1646 1667 1681 1801 1828 1846 1981 
Group03_22.txt
41 63 72 129 149 157 162 175 207 239 256 290 293 332 355 444 537 577 587 594 622 650 654 829 937 943 952 962 1084 1128 1134 1153 
Group03_23.txt
0 16 52 58 88 114 151 258 267 343 359 398 425 431 460 467 532 644 704 746 752 
Group03_24.txt
36 39 68 116 159 235 339 361 399 457 461 540 611 650 653 661 690 699 739 747 803 806 812 824 835 845 861 871 901 936 1005 1022 1029 1085 1109 1171 1194 1199 1213 1250 1280 1285 1300 1319 1342 1381 1457 1548 1580 1722 1787 1814 1865 1897 
Group03_25.txt
9 14 21 73 128 197 258 275 280 303 315 321 341 428 441 508 533 549 647 659 722 735 750 
Group03_26.txt
11 25 46 49 62 108 113 165 171 177 200 204 345 348 423 430 444 453 455 458 470 501 644 667 714 755 761 769 818 874 922 973 1152 1173 1178 1227 1277 1305 1329 1399 1460 1466 1480 1500 1514 1564 1575 1598 
Group03_27.txt
1 66 105 171 174 195 341 347 351 419 423 469 474 477 497 545 562 597 602 660 699 740 809 835 842 948 959 971 984 1006 1042 1050 1148 1184 1256 1342 1350 1358 1368 1400 1414 1426 1447 1477 1507 1512 1538 1611 1733 1737 1795 1850 1853 1865 1916 
Group03_28.txt
58 68 91 108 142 158 330 396 466 504 566 630 649 691 710 714 718 788 812 828 836 861 877 894 921 947 965 979 1001 
Group03_29.txt
48 52 76 96 111 130 169 257 277 313 324 329 348 407 422 429 489 510 513 516 526 532 539 544 661 664 667 704 715 770 804 822 854 864 897 928 1020 1080 1099 1106 1190 1362 1370 1444 1451 1501 1508 1521 1556 1599 1719 1737 1907 1919 1939 1969 1990 1996 2020 
Group03_30.txt
80 89 133 156 173 327 334 348 353 379 411 452 457 489 498 546 648 684 688 750 766 771 800 819 849 884 906 943 974 982 1013 1053 1067 1140 1167 1204 1278 1303 1344 1387 1466 1486 1499 1621 
Group03_31.txt
3 35 58 121 130 150 158 222 268 365 421 438 504 512 559 581 591 646 683 761 779 829 839 863 980 989 1061 1084 1120 1205 1220 1234 1239 1255 1285 1290 1295 1346 1413 1508 1539 1560 1568 1574 1593 1602 1606 1636 1655 1659 1666 1731 1741 1762 1814 1827 1839 1892 1946 1956 1964 1991 1999 2072 2102 2122 2129 2170 2252 2267 2296 2300 2307 2330 2437 2454 2462 2522 2541 2546 2623 2629 2675 2692 2766 2902 
Group03_32.txt
4 93 114 151 175 237 238 263 277 390 410 478 479 508 517 527 582 606 656 686 699 751 791 883 888 901 1083 1088 1092 1169 1180 1191 1213 1237 1369 1506 
Group03_33.txt
7 16 52 67 72 74 77 80 96 100 126 169 200 211 317 346 379 459 468 565 575 683 704 724 728 801 812 853 858 871 923 932 1013 1072 1111 1143 1152 1164 1206 1352 1384 
Group03_34.txt
14 38 41 62 66 127 134 167 174 177 250 257 292 296 344 354 364 379 418 455 465 498 502 527 556 560 643 652 667 692 709 744 796 819 940 957 989 996 1007 1022 1035 1084 1118 1146 1212 1215 1218 1235 1249 1317 1322 1378 1391 1436 1465 1524 1527 1584 1618 1643 1665 1678 1684 1692 1695 1728 1743 1760 1777 1795 1800 1824 1830 1845 1854 1857 1870 1892 1918 1925 2049 2127 2134 2145 2207 2260 2263 2266 2271 2274 2415 2429 2432 2435 2461 2464 2469 2515 2541 2593 2607 2627 2649 2719 2806 2870 2886 2888 
Group03_35.txt
23 27 65 98 104 126 185 292 328 348 415 422 461 465 519 564 651 656 663 683 717 756 780 783 883 940 957 1027 1133 1260 1323 1333 
Group03_36.txt
19 31 192 223 281 294 311 323 362 484 491 515 540 554 684 831 912 935 949 989 1134 1142 1162 1188 1205 1211 1317 1336 1352 1370 1406 1414 1433 1436 1583 1589 1702 
Group03_37.txt
24 27 30 56 97 126 171 184 190 231 239 364 414 473 487 546 604 619 623 633 655 748 768 815 832 870 945 953 1015 1130 1171 1192 1204 1287 1306 1323 1329 1334 1397 1428 1432 1467 1589 1614 1620 1654 1665 1682 1750 1937 2023 2180 2250 2281 2295 2305 2324 2334 
Group03_38.txt
4 15 23 66 73 82 148 195 205 223 270 295 302 334 364 392 411 502 510 522 574 597 600 711 733 761 874 969 1002 1024 1030 1032 1058 
Group03_39.txt
4 76 97 134 158 220 221 246 260 373 393 461 462 491 500 510 565 589 639 669 682 734 774 866 871 884 
Group03_40.txt
31 46 51 53 56 59 75 79 105 148 179 190 296 325 358 438 447 544 554 662 683 703 707 780 791 832 837 850 902 911 992 1051 1090 1122 1131 1143 
Group03_41.txt
8 12 23 104 120 150 219 264 278 281 
Group03_42.txt
29 33 57 77 92 111 150 238 261 297 308 313 332 391 406 413 473 494 497 500 510 516 523 528 651 654 657 694 705 760 794 812 844 854 890 921 1013 1077 1096 1103 1208 1380 1388 1462 1469 1519 1529 1542 1577 1620 
Group03_43.txt
13 22 27 34 139 155 173 200 253 398 469 495 512 560 567 600 616 
Group03_44.txt
3 39 159 204 219 276 306 388 442 451 570 589 673 765 772 812 821 843 910 970 979 989 1073 1093 1145 1207 1279 1286 1289 1298 1353 1373 1403 1420 1447 1508 1532 1538 
Group03_45.txt
1 7 45 65 291 328 422 465 485 
Group03_46.txt
5 9 28 50 73 79 100 119 126 131 152 228 286 291 310 346 355 365 371 383 391 396 455 478 486 518 532 538 564 584 
Group03_47.txt
10 43 123 142 204 234 248 252 285 362 366 389 392 399 420 424 433 438 442 477 497 526 558 595 623 686 698 752 755 856 923 951 982 1023 1034 1044 1048 
Group03_48.txt
7 83 96 318 348 419 455 540 558 772 782 809 834 851 861 865 893 896 899 945 
Group03_49.txt
58 65 73 172 182 193 198 354 365 369 377 384 392 492 536 696 708 725 775 783 810 816 838 845 
Group03_50.txt
90 94 125 142 144 214 276 284 300 388 409 466 504 516 600 609 624 636 640 671 791 872 904 1013 1073 1100 1117 1124 1139 1148 1176 1180 1192 1201 1220 1345 1353 1416 1523 1579 1583 
Group04_01.txt
156 218 392 403 489 522 555 567 683 726 748 794 826 850 860 
Group04_02.txt
42 86 101 107 121 129 171 252 256 266 360 376 393 417 434 438 476 489 522 567 650 
Group04_03.txt
9 72 92 105 128 140 184 315 319 420 561 
Group04_04.txt
78 151 168 220 256 282 345 368 383 394 458 
Group04_05.txt
21 50 59 93 170 175 375 422 439 448 466 483 488 510 527 579 590 627 
Group04_06.txt
43 81 121 233 267 292 300 320 400 477 486 507 535 557 577 594 609 614 640 687 704 738 771 807 814 822 846 856 869 872 890 913 
Group04_07.txt
24 93 109 122 146 173 200 231 245 250 258 261 304 317 342 370 377 414 430 436 467 534 537 563 583 606 612 622 653 741 751 768 779 787 828 847 922 963 966 1017 1036 1068 1081 1091 1100 1103 1122 1165 1169 
Group04_08.txt
33 47 60 74 77 102 115 156 183 188 191 219 225 241 244 248 272 293 310 356 418 440 500 544 585 610 
Group04_09.txt
57 83 167 171 236 377 390 396 408 422 438 475 537 545 
Group04_10.txt
9 20 68 154 186 200 213 245 253 263 280 290 342 346 414 422 437 452 591 828 851 873 
Group04_11.txt
9 20 38 87 94 100 130 140 156 207 231 247 251 483 490 504 520 575 
Group04_12.txt
14 19 115 226 248 250 253 270 496 502 518 525 529 565 580 586 
Group04_13.txt
16 22 62 79 97 121 243 285 312 337 368 424 437 455 465 526 613 627 646 656 844 862 869 891 900 903 931 1078 1108 1146 
Group04_14.txt
11 24 64 81 127 148 155 281 529 580 590 596 623 643 654 
Group04_15.txt
18 21 42 59 69 91 100 104 123 140 245 297 361 366 425 433 481 492 505 586 605 645 657 686 713 800 828 895 901 913 964 967 1024 1051 1089 1119 1135 1139 1151 1176 1190 1203 
Group04_16.txt
9 40 44 94 187 196 201 211 238 307 310 338 352 361 432 458 475 
Group04_17.txt
14 33 110 211 268 328 338 382 431 444 492 520 535 560 582 769 775 803 808 846 859 964 
Group04_18.txt
13 67 100 187 223 230 233 282 285 449 476 484 525 
Group04_19.txt
5 20 94 197 208 213 216 221 338 474 
Group04_20.txt
23 68 88 168 258 393 401 432 503 
Group04_21.txt
57 91 112 135 163 203 229 250 301 323 369 381 395 401 404 426 462 474 479 512 531 548 562 576 583 632 644 672 691 852 869 891 894 932 959 
Group04_22.txt
29 75 79 95 153 256 277 283 295 325 376 398 449 471 473 483 
Group04_23.txt
38 47 82 87 106 148 172 176 213 268 301 319 332 360 366 403 448 517 528 540 
Group04_24.txt
41 397 535 596 622 644 657 685 724 727 
Group04_25.txt
11 68 109 168 222 264 274 281 288 348 353 476 506 521 527 557 562 597 625 666 674 
Group04_26.txt
104 284 438 520 709 837 
Group04_27.txt
8 10 62 74 100 130 145 151 202 210 291 296 308 329 360 440 451 464 598 624 645 668 705 717 741 770 791 807 819 869 
Group04_28.txt
36 78 112 167 293 316 385 422 462 482 484 521 541 543 603 644 
Group04_29.txt
87 110 167 192 210 266 313 366 389 395 427 476 491 495 521 533 542 560 577 600 604 
Group04_30.txt
37 41 118 122 171 174 210 314 328 336 340 362 431 468 500 526 537 572 585 589 593 617 643 649 658 679 748 773 878 929 964 979 989 1003 1050 
Group04_31.txt
69 266 282 284 367 494 579 615 
Group04_32.txt
56 130 160 184 191 357 415 493 497 693 710 727 737 767 778 782 829 
Group04_33.txt
9 70 81 177 248 338 350 360 372 540 
Group04_34.txt
47 129 344 384 391 410 432 446 519 563 630 644 657 681 720 739 871 929 956 
Group04_35.txt
7 25 29 73 155 165 245 250 273 297 318 325 350 388 430 528 539 
Group04_36.txt
37 52 150 196 203 217 223 359 361 496 530 545 574 647 707 785 789 
Group04_37.txt
13 31 61 84 229 243 246 280 318 356 520 525 535 542 
Group04_38.txt
33 75 378 548 561 570 575 586 601 
Group04_39.txt
1 36 48 56 85 88 183 249 259 287 290 296 310 370 374 415 452 457 511 521 541 599 606 617 622 668 754 845 943 948 956 961 
Group04_40.txt
129 145 172 201 229 307 333 388 419 517 522 
Group04_41.txt
17 54 67 99 110 132 144 210 224 248 266 300 321 328 351 358 384 404 410 443 450 460 470 494 548 559 617 622 655 692 711 715 723 761 791 803 809 863 901 963 969 989 995 1017 1025 1032 1075 1102 
Group04_42.txt
49 54 184 200 209 254 310 348 366 409 417 526 
Group04_43.txt
65 102 114 173 187 191 231 258 286 307 314 357 473 493 558 567 631 664 667 721 738 767 
Group04_44.txt
9 133 248 274 304 340 383 388 415 636 665 668 
Group04_45.txt
32 59 95 140 145 203 459 486 
Group04_46.txt
9 21 76 140 264 288 322 384 422 459 486 496 671 738 749 868 956 971 1018 1041 1088 1141 
Group04_47.txt
17 83 110 162 219 344 457 516 518 538 547 550 584 646 
Group04_48.txt
9 71 85 120 237 276 344 400 
Group04_49.txt
23 67 86 130 244 277 335 351 409 448 546 578 602 
Group04_50.txt
38 59 158 168 217 240 339 439 473 548 655 669 685 710 731 741 
Group05_01.txt
21 109 126 160 
Group05_02.txt
22 35 92 144 231 249 387 455 486 593 620 643 674 704 724 735 743 814 936 991 1069 1082 1188 1221 
Group05_03.txt
14 22 39 56 58 83 127 132 156 185 231 242 276 344 
Group05_04.txt
32 48 81 114 210 242 281 296 318 355 359 374 379 391 508 523 537 596 601 617 628 635 665 704 803 
Group05_05.txt
16 30 48 80 153 173 234 276 294 302 321 349 366 379 
Group05_06.txt
47 86 89 135 142 160 195 257 270 364 425 430 449 475 511 628 631 636 640 739 761 789 804 826 842 860 863 908 937 953 1013 1055 1077 
Group05_07.txt
117 150 250 306 324 364 460 475 492 501 
Group05_08.txt
81 250 400 
Group05_09.txt
51 59 69 82 99 126 137 153 172 232 304 445 449 456 481 547 566 624 658 758 777 803 831 
Group05_10.txt
40 73 114 129 185 243 253 265 499 559 599 654 679 687 691 
Group05_11.txt
87 127 149 227 259 284 330 389 402 
Group05_12.txt
5 31 92 
Group05_13.txt
35 89 176 226 258 268 279 289 320 346 372 470 542 555 562 565 586 616 655 681 692 696 715 750 802 825 831 972 1043 1142 1185 1226 1255 
Group05_14.txt
18 63 96 176 237 264 269 331 340 370 444 458 481 490 508 539 587 601 617 622 651 659 791 827 887 900 919 996 
Group05_15.txt
120 204 265 316 328 380 401 421 508 533 564 569 578 646 
Group05_16.txt
52 66 89 107 113 134 255 323 329 389 410 507 517 568 578 631 720 818 826 835 853 973 997 
Group05_17.txt
109 208 222 245 266 299 310 326 366 468 520 534 547 657 748 819 834 950 953 988 1007 1013 1023 1026 1033 1036 1044 1074 1103 1110 
Group05_18.txt
4 54 65 82 105 221 319 429 459 491 509 599 703 773 804 817 864 882 917 969 1005 1034 
Group05_19.txt
13 25 84 130 333 437 450 456 470 555 588 633 639 718 744 757 778 
Group05_20.txt
1 11 18 60 63 70 94 102 112 130 156 161 203 235 269 280 287 291 305 321 326 328 338 344 417 423 427 449 457 591 605 609 613 623 629 651 686 755 762 768 820 862 876 880 962 966 977 997 1002 1024 1028 1071 1107 
Group05_21.txt
20 61 142 151 177 225 269 272 298 332 463 474 545 602 609 660 700 821 863 880 900 912 
Group05_22.txt
2 13 19 43 51 70 115 123 151 191 203 211 273 292 322 433 443 508 530 568 
Group05_23.txt
74 95 108 185 214 280 296 358 368 416 543 550 652 704 750 798 873 889 902 916 960 965 1001 1076 1109 1124 1151 1172 1183 1239 1247 1345 1349 1399 
Group05_24.txt
14 43 55 59 72 87 97 100 206 210 215 239 292 327 387 406 417 430 501 522 539 546 549 556 
Group05_25.txt
51 110 192 240 355 457 599 658 669 682 730 800 818 834 884 894 912 925 936 943 962 1033 1052 1089 1150 1171 1186 1199 
Group05_26.txt
17 41 87 142 192 218 562 593 605 633 667 722 745 783 852 866 874 883 
Group05_27.txt
26 49 52 106 110 125 148 175 220 234 242 251 278 281 308 329 376 399 434 546 561 586 660 668 693 713 744 777 783 797 831 908 1052 1133 1138 1144 1171 1241 1250 1257 1262 1287 1360 1389 1400 1412 1456 
Group05_28.txt
50 74 79 100 190 261 277 347 368 409 442 455 553 559 
Group05_29.txt
50 58 62 88 94 108 132 158 165 192 230 239 257 288 342 398 422 456 
Group05_30.txt
82 90 130 196 271 334 366 370 374 379 416 454 471 485 532 589 660 741 821 920 
Group05_31.txt
45 144 158 226 273 297 
Group05_32.txt
77 114 137 203 244 293 402 518 533 583 712 804 827 
Group05_33.txt
74 
Group05_34.txt
27 35 80 137 166 
Group05_35.txt
17 69 143 170 220 228 260 319 341 382 
Group05_36.txt
30 84 145 173 189 196 218 
Group05_37.txt
16 35 44 69 
Group05_38.txt
0 47 227 258 275 330 
Group05_39.txt
28 44 84 109 157 178 182 193 279 
Group05_40.txt
2 83 114 214 226 277 281 326 363 386 394 401 427 466 471 479 
Group05_41.txt
121 125 231 297 302 316 324 335 419 
Group05_42.txt
26 74 104 111 130 141 148 165 170 212 241 291 308 319 329 
Group05_43.txt
8 79 87 96 106 157 172 190 201 205 238 242 258 287 290 310 328 336 352 359 456 476 495 609 639 
Group05_44.txt
2 104 193 219 227 303 346 362 381 406 410 413 425 449 456 494 519 525 691 748 779 867 902 990 1035 1056 1061 1064 1080 1082 1094 1137 
Group05_45.txt
3 99 104 137 158 173 193 197 201 221 257 307 430 435 481 487 538 637 667 673 680 699 738 742 747 781 799 833 868 924 935 989 996 1037 1046 1051 1136 1153 1182 1200 1267 1301 
Group05_46.txt
6 9 28 31 46 51 65 84 102 125 139 186 276 284 356 400 463 477 507 517 574 593 626 
Group05_47.txt
53 94 
Group05_48.txt
20 65 222 285 420 449 550 563 
Group05_49.txt
24 51 68 104 131 162 229 259 333 336 380 404 409 471 480 524 538 561 570 592 604 655 690 738 752 763 771 838 874 
Group05_50.txt
90 117 164 175 237 298 349 361 413 435 461 548 573 604 609 618 686 
Group06_01.txt
12 28 39 54 95 125 134 164 211 302 312 466 486 
Group06_02.txt
114 143 195 213 261 308 322 328 334 389 440 464 469 514 523 618 703 
Group06_03.txt
145 323 484 720 727 
Group06_04.txt
31 156 160 202 226 256 265 338 373 402 460 471 604 676 752 767 
Group06_05.txt
29 43 80 93 110 122 168 173 197 227 266 281 295 302 305 312 372 398 449 466 494 516 529 536 559 592 597 682 686 701 
Group06_06.txt
31 101 216 239 311 330 397 414 428 538 583 589 630 657 743 850 
Group06_07.txt
168 298 366 392 401 407 416 495 552 571 
Group06_08.txt
26 93 141 219 224 343 355 395 460 481 514 
Group06_09.txt
14 29 37 49 59 90 110 139 153 199 319 327 469 628 639 698 
Group06_10.txt
33 48 53 76 123 139 145 177 184 192 218 229 234 239 242 246 259 310 326 341 356 360 381 384 435 440 450 507 603 657 704 
Group06_11.txt
42 64 75 79 93 136 139 155 167 212 234 274 327 407 425 450 517 540 555 631 657 660 692 725 745 777 783 800 836 
Group06_12.txt
151 238 426 
Group06_13.txt
14 49 81 178 215 244 320 322 327 475 485 521 550 716 
Group06_14.txt
5 18 28 56 66 93 121 184 307 349 363 431 443 504 508 514 612 645 720 
Group06_15.txt
21 60 71 92 148 156 165 215 232 250 260 273 308 378 389 392 411 473 483 565 571 576 586 643 695 715 724 730 742 750 753 812 826 839 
Group06_16.txt
34 49 110 121 147 164 168 174 247 309 318 321 328 402 473 521 528 546 593 629 674 715 763 767 773 878 904 929 992 1002 1011 1036 1043 1073 1076 1082 1088 1107 1132 
Group06_17.txt
3 20 30 40 86 110 143 155 163 179 197 223 258 279 306 329 356 373 450 453 466 476 501 517 573 591 603 618 622 628 689 721 755 782 811 817 839 891 914 916 967 1059 
Group06_18.txt
208 226 394 444 499 666 773 
Group06_19.txt
36 39 60 77 208 243 264 274 357 364 376 393 432 456 499 585 646 675 693 710 725 748 
Group06_20.txt
17 46 160 188 221 310 348 368 501 648 657 678 692 731 
Group06_21.txt
39 83 108 144 165 236 250 278 282 285 320 355 408 429 441 461 595 608 612 702 785 789 814 824 827 833 
Group06_22.txt
58 70 150 156 161 182 200 228 301 321 328 361 388 483 485 509 567 586 597 
Group06_23.txt
37 82 104 112 121 133 245 252 270 275 278 292 357 387 442 450 525 556 571 574 596 619 637 642 645 674 700 731 753 
Group06_24.txt
25 43 58 127 140 235 295 321 327 406 553 
Group06_25.txt
19 25 45 56 64 139 298 330 338 369 514 527 588 596 643 646 670 
Group06_26.txt
14 31 86 96 173 233 258 291 337 376 386 406 419 427 472 497 505 553 602 608 649 653 655 671 
Group06_27.txt
56 111 152 198 300 304 309 356 378 438 
Group06_28.txt
30 46 60 69 73 109 120 234 240 246 249 253 270 302 325 332 383 398 410 473 485 508 543 559 584 601 627 641 651 675 680 691 706 727 742 
Group06_29.txt
188 235 246 270 288 302 340 343 366 387 391 403 431 474 500 537 585 631 662 726 
Group06_30.txt
73 90 118 126 146 178 212 276 375 554 
Group06_31.txt
3 20 30 40 86 110 143 155 163 179 197 223 258 279 306 329 356 373 450 453 466 476 501 517 573 591 603 618 622 628 689 721 755 782 811 817 839 891 914 916 967 1059 
Group06_32.txt
42 119 126 231 329 446 506 524 677 755 
Group06_33.txt
29 41 44 84 123 144 153 173 289 382 426 481 486 667 692 707 747 812 
Group06_34.txt
91 140 149 264 279 302 373 468 516 
Group06_35.txt
6 28 60 66 82 90 107 133 178 198 219 238 263 311 372 444 447 
Group06_36.txt
27 48 84 98 243 306 313 320 324 340 362 369 425 446 543 587 639 
Group06_37.txt
0 44 47 79 235 240 346 361 366 397 431 504 
Group06_38.txt
37 122 297 366 396 507 549 671 741 751 
Group06_39.txt
48 196 295 338 362 466 485 
Group06_40.txt
23 36 41 44 52 75 81 115 150 163 172 191 219 223 229 232 252 290 302 373 381 412 420 424 474 498 505 
Group06_41.txt
164 362 431 458 579 593 603 
Group06_42.txt
20 25 30 34 52 79 118 152 196 220 229 243 256 271 279 309 333 351 368 410 455 460 486 492 560 
Group06_43.txt
36 76 88 169 177 246 277 310 320 328 420 439 460 495 500 631 
Group06_44.txt
74 150 214 235 268 277 293 310 376 393 403 436 450 455 483 534 623 650 776 783 798 893 900 909 916 923 
Group06_45.txt
108 204 228 237 268 291 331 374 473 495 510 526 531 571 590 
Group06_46.txt
27 39 69 82 141 224 239 252 292 300 333 337 360 372 417 477 513 545 553 625 651 687 
Group06_47.txt
20 139 168 242 252 256 261 277 284 291 303 315 409 421 434 484 586 
Group06_48.txt
8 19 66 78 103 140 149 183 303 314 343 463 469 482 536 
Group06_49.txt
24 176 218 268 277 355 392 
Group06_50.txt
25 55 87 119 131 243 252 272 287 318 336 359 366 370 415 450 469 537 542 
Group07_01.txt
44 65 165 236 280 301 304 312 323 353 394 451 490 543 612 651 702 710 
Group07_02.txt
64 181 233 244 293 369 439 454 489 496 598 617 632 658 664 769 785 809 
Group07_03.txt
66 69 104 164 166 168 177 203 253 259 272 300 333 356 361 386 389 401 469 512 615 718 773 799 809 850 967 985 1051 1058 1066 1130 1156 1170 1328 1343 1421 1451 1472 1509 1558 1613 1723 1731 1736 1775 1802 1873 1882 1900 1914 1918 1944 1991 2036 2068 2101 2111 2231 2242 2270 2456 2463 2500 2603 2606 2688 2705 2731 
Group07_04.txt
51 65 83 155 174 178 207 234 241 262 314 338 355 377 381 442 478 483 486 590 628 661 689 720 730 896 929 945 964 978 983 1005 1042 1049 1132 1199 1216 1238 1260 
Group07_05.txt
39 58 153 183 189 204 250 335 360 419 429 440 615 629 655 664 686 748 801 807 814 825 865 903 915 934 
Group07_06.txt
52 55 122 129 133 146 168 191 203 286 396 452 492 533 676 691 713 792 
Group07_07.txt
39 55 66 98 103 127 141 162 264 444 481 569 640 702 769 1000 1063 1078 1085 1141 1179 1245 1299 1413 
Group07_08.txt
55 125 153 169 268 348 442 477 499 522 527 542 546 554 560 569 609 617 
Group07_09.txt
9 77 113 151 228 263 276 338 367 404 410 425 436 548 552 598 677 
Group07_10.txt
7 98 110 172 197 223 236 275 307 314 357 378 439 527 547 564 585 604 615 
Group07_11.txt
57 72 103 160 269 291 338 451 531 534 578 
Group07_12.txt
187 194 207 258 312 326 338 350 475 492 555 572 622 679 695 737 758 792 840 853 875 919 924 929 933 942 945 974 1033 1105 1108 
Group07_13.txt
5 28 44 52 87 197 205 230 233 298 440 542 596 604 
Group07_14.txt
67 186 226 255 285 331 418 423 473 478 501 509 
Group07_15.txt
46 82 107 120 157 168 203 254 265 268 276 321 358 431 476 485 529 546 
Group07_16.txt
67 138 250 281 308 376 391 403 542 679 724 731 
Group07_17.txt
61 152 309 476 550 559 
Group07_18.txt
51 55 59 65 101 213 229 238 273 302 337 365 403 413 426 441 448 461 477 512 517 521 550 581 584 594 602 613 618 670 723 729 746 749 767 781 803 865 922 953 961 980 1019 1063 1134 1253 1290 1415 
Group07_19.txt
64 101 157 201 226 262 353 563 587 608 674 745 839 859 877 994 
Group07_20.txt
21 141 172 189 271 285 335 346 396 427 466 
Group07_21.txt
81 175 204 262 326 422 457 536 566 573 576 630 658 684 709 756 
Group07_22.txt
91 126 134 188 204 230 276 281 343 367 393 400 431 449 459 466 482 500 556 582 597 699 740 752 833 
Group07_23.txt
23 45 131 167 207 219 309 341 371 457 484 498 520 540 
Group07_24.txt
23 106 162 219 280 372 425 517 553 563 655 666 679 774 784 854 877 940 944 1138 1208 1286 1328 1372 1379 1451 1464 1552 1610 1833 1854 1865 1915 1958 2001 2073 2100 
Group07_25.txt
3 29 54 73 101 121 142 147 195 231 242 258 276 322 339 350 358 509 517 528 538 
Group07_26.txt
104 146 230 287 322 420 441 576 582 648 720 726 
Group07_27.txt
140 227 508 585 
Group07_28.txt
24 92 131 296 377 380 470 479 489 529 
Group07_29.txt
53 108 116 172 189 208 411 525 528 
Group07_30.txt
94 101 160 220 263 339 366 431 438 455 506 509 536 602 607 612 660 716 719 733 779 838 863 873 901 919 
Group07_31.txt
65 100 147 227 237 255 285 302 327 338 368 400 410 413 500 554 572 611 658 829 833 866 919 952 959 1086 1121 1162 1226 1304 1323 1426 1588 1634 1663 1825 1884 1960 
Group07_32.txt
79 93 105 137 198 233 317 396 417 420 
Group07_33.txt
81 169 183 224 250 331 342 350 450 456 507 
Group07_34.txt
58 87 228 322 353 377 410 436 457 467 473 491 546 550 565 667 
Group07_35.txt
48 64 69 133 176 185 238 243 301 399 403 412 448 551 
Group07_36.txt
80 83 104 171 194 269 304 330 351 404 416 430 446 507 513 541 560 569 580 611 614 684 688 695 754 764 817 838 924 972 1171 1246 
Group07_37.txt
53 99 107 110 113 124 191 212 257 286 315 340 404 447 459 482 492 502 575 637 647 699 738 753 762 787 806 812 827 838 855 876 914 928 947 953 1065 1082 1085 1136 1140 1144 1213 1249 1313 1351 1376 1510 1518 1633 1708 1712 1742 1747 
Group07_38.txt
178 304 321 411 449 489 496 523 541 556 596 606 643 702 753 789 875 1030 1075 1089 1104 1147 1184 1204 1224 1247 1294 1301 1308 1325 1506 1521 1528 1538 1576 1638 1697 1702 1721 1734 1755 1776 1816 1836 
Group07_39.txt
13 160 185 192 207 247 312 331 372 410 413 577 592 613 618 
Group07_40.txt
47 95 193 396 428 497 518 566 757 783 
Group07_41.txt
64 289 292 297 301 308 338 354 379 408 499 507 515 581 609 
Group07_42.txt
23 30 168 180 347 427 435 447 470 503 524 535 567 572 636 716 
Group07_43.txt
57 93 104 114 123 159 191 304 326 330 352 357 369 492 
Group07_44.txt
42 70 88 139 173 221 280 286 339 366 392 464 474 495 577 606 615 656 722 755 763 772 786 793 835 850 
Group07_45.txt
50 59 205 218 255 277 293 317 324 332 356 359 369 397 416 434 445 451 462 469 478 
Group07_46.txt
1 7 28 77 80 92 103 110 142 147 150 163 208 237 250 284 347 384 388 422 448 474 481 495 507 565 604 630 670 717 736 760 777 781 
Group07_47.txt
25 52 144 191 246 263 292 337 356 368 381 517 661 671 
Group07_48.txt
34 69 88 255 303 307 343 376 382 386 399 408 462 488 512 527 556 647 667 733 756 788 804 812 842 872 882 886 940 988 997 1024 1097 1151 1201 1207 1217 
Group07_49.txt
54 157 191 212 221 235 260 286 327 343 351 357 367 381 386 390 403 437 498 503 509 555 560 577 618 651 658 684 722 726 743 789 801 836 845 850 969 1044 1048 1056 1150 1218 1224 1236 1243 1264 1280 1294 1331 1400 1414 1445 1470 1473 1477 1506 1555 1569 1583 1639 1644 1657 1660 1680 1779 1820 1824 1831 1855 1879 1892 1968 2016 2077 2097 2186 2197 2202 2212 2235 2267 2308 2337 2358 2361 2375 2383 2392 2406 2431 2440 2447 2475 2499 2502 2553 2567 2579 2657 2660 2666 2673 2677 2682 2691 
Group07_50.txt
23 28 126 169 192 196 202 301 317 333 341 345 406 422 430 547 551 690 
Group08_01.txt
18 50 81 130 169 174 237 282 330 442 453 507 662 683 717 739 742 748 752 
Group08_02.txt
14 29 70 85 121 131 178 200 252 277 404 470 577 
Group08_03.txt
22 25 29 43 74 112 160 177 181 185 192 205 235 293 349 353 365 412 469 499 529 559 581 
Group08_04.txt
12 24 31 49 65 77 84 102 358 381 385 402 526 566 761 
Group08_05.txt
99 108 111 152 171 238 266 341 351 
Group08_06.txt
42 59 105 122 185 206 225 269 320 369 373 378 388 396 481 555 582 756 790 857 939 960 980 986 1018 1051 1061 1093 1108 1132 
Group08_07.txt
16 35 76 188 237 242 329 333 345 390 
Group08_08.txt
120 140 196 249 293 302 328 
Group08_09.txt
231 253 278 344 372 384 437 496 522 603 611 633 640 682 742 769 
Group08_10.txt
117 149 180 229 268 273 336 381 429 541 552 606 761 782 816 838 841 847 851 
Group08_11.txt
103 156 263 402 428 476 492 516 617 655 686 757 763 773 782 
Group08_12.txt
32 62 85 115 207 255 274 391 396 459 543 553 587 604 649 991 1036 
Group08_13.txt
53 129 201 242 292 409 435 462 503 524 530 676 697 721 745 780 860 864 876 1026 1059 1119 
Group08_14.txt
93 98 139 197 237 348 359 605 
Group08_15.txt
36 104 205 238 276 310 463 510 532 570 648 699 712 812 854 876 
Group08_16.txt
29 55 91 112 119 184 213 231 260 288 336 376 447 602 611 622 700 729 744 816 852 866 920 929 943 948 969 975 1060 1070 1124 1159 1310 1354 1374 1387 1405 1428 1443 1449 1453 1460 1468 1482 1519 1558 1606 1612 1675 1682 1716 1719 1783 1787 1790 
Group08_17.txt
18 31 68 98 111 148 222 274 402 415 444 479 533 607 612 647 696 770 790 823 830 841 849 860 943 951 969 1123 1143 1181 1202 1220 
Group08_18.txt
43 72 114 199 202 223 232 237 322 420 428 478 515 539 546 565 583 596 604 621 642 659 671 681 690 
Group08_19.txt
45 57 68 113 125 136 184 196 211 236 263 268 277 320 379 386 400 420 472 481 539 579 603 609 672 729 738 761 793 
Group08_20.txt
131 163 229 244 288 422 465 493 523 564 579 694 705 711 729 817 878 898 923 949 967 974 977 1014 1158 1182 1199 1205 1229 1235 1279 1298 1437 1457 1490 1499 
Group08_21.txt
171 201 224 281 315 361 367 408 418 440 462 528 574 597 628 634 658 
Group08_22.txt
168 230 284 325 405 647 687 739 750 815 
Group08_23.txt
12 24 31 49 65 77 84 102 358 381 385 402 526 566 762 
Group08_24.txt
56 100 136 181 210 312 323 377 406 436 568 576 604 610 618 797 812 856 882 964 976 1031 1050 1095 1105 
Group08_25.txt
82 96 102 111 122 140 152 170 202 254 341 347 354 359 375 426 542 551 571 644 661 722 801 806 983 1029 1038 1046 1072 1111 1123 1187 1268 1314 
Group08_26.txt
26 30 52 70 119 128 160 171 
Group08_27.txt
30 47 94 105 180 194 206 223 265 285 302 325 343 
Group08_28.txt
3 19 63 171 222 228 268 318 343 428 437 514 522 582 668 677 745 759 
Group08_29.txt
24 35 41 57 85 140 147 174 181 204 244 323 326 330 338 391 415 440 456 469 494 646 688 705 745 813 866 906 923 961 993 997 1009 1024 1048 1057 1094 1110 1182 1248 1259 1267 1354 1401 1415 1437 1450 1500 
Group08_30.txt
5 68 90 98 166 172 196 224 229 262 290 340 421 424 490 555 560 615 700 760 781 803 862 865 875 892 903 920 1015 1052 1056 1091 1110 1148 1159 1368 1425 1428 1439 1466 1471 1500 1574 1592 1602 
Group08_31.txt
95 219 260 359 443 570 580 613 669 764 839 855 858 927 940 
Group08_32.txt
21 24 35 38 58 86 89 97 200 
Group08_33.txt
42 169 271 290 
Group08_34.txt
85 93 186 212 276 387 405 469 506 517 
Group08_35.txt
22 55 137 171 224 362 369 376 381 
Group08_36.txt
80 132 224 320 
Group08_37.txt
36 38 51 66 
Group08_38.txt
38 53 78 116 142 166 224 262 278 
Group08_39.txt
29 33 41 81 116 206 237 257 313 347 406 413 422 426 
Group08_40.txt
42 98 185 322 377 435 
Group08_41.txt
30 42 92 239 
Group08_42.txt
42 66 73 86 118 188 198 215 223 226 276 298 
Group08_43.txt
27 72 78 84 269 299 456 478 486 515 590 600 660 
Group08_44.txt
213 219 
Group08_45.txt
20 33 162 166 
Group08_46.txt
101 119 124 141 174 283 325 
Group08_47.txt
89 206 310 362 452 507 
Group08_48.txt
128 178 294 310 324 336 367 389 421 446 
Group08_49.txt
38 76 150 
Group08_50.txt
73 93 98 132 176 221 229 333 361 382 403 407 418 468 493 502 
Group09_01.txt
12 48 65 83 92 154 219 234 260 274 299 306 337 345 389 414 487 582 
Group09_02.txt
50 61 65 80 148 235 252 286 413 
Group09_03.txt
12 35 109 121 276 423 430 533 
Group09_04.txt
7 46 110 147 209 405 449 484 523 538 581 
Group09_05.txt
75 163 239 260 327 342 422 441 545 751 796 829 927 955 989 998 
Group09_06.txt
12 17 41 118 182 187 200 245 277 371 387 409 479 486 
Group09_07.txt
11 79 96 104 142 160 183 228 235 244 265 325 348 354 478 482 490 598 610 625 628 673 874 943 947 
Group09_08.txt
9 35 39 45 60 104 126 130 179 206 211 269 321 328 349 386 401 460 492 563 
Group09_09.txt
23 58 81 137 185 259 267 354 375 511 535 539 545 569 578 581 613 625 648 654 722 783 851 898 915 944 
Group09_10.txt
15 32 62 65 74 95 232 303 364 380 409 525 586 640 646 652 656 706 785 836 
Group09_11.txt
46 66 76 124 255 261 265 291 337 364 388 411 417 443 459 475 501 508 565 587 593 630 
Group09_12.txt
23 30 35 167 179 188 200 207 226 268 281 413 431 460 492 523 
Group09_13.txt
13 19 26 80 84 91 136 158 173 204 222 235 246 250 268 388 431 483 527 546 564 585 606 
Group09_14.txt
42 98 112 153 185 190 205 214 280 307 320 397 419 434 501 
Group09_15.txt
31 63 126 215 283 295 309 346 366 412 415 428 437 
Group09_16.txt
5 34 250 310 362 435 
Group09_17.txt
10 49 133 179 192 270 318 366 376 419 430 438 457 490 499 595 651 668 726 775 
Group09_18.txt
57 67 140 149 157 232 252 305 311 319 404 447 538 
Group09_19.txt
39 44 59 74 99 232 252 274 321 357 360 408 460 490 500 523 535 
Group09_20.txt
4 65 99 102 116 147 159 193 262 408 434 551 
Group09_21.txt
17 89 129 168 205 240 255 281 499 602 607 662 688 691 707 744 875 906 922 1009 1042 1066 1140 
Group09_22.txt
10 17 30 67 84 130 151 167 293 544 595 605 611 638 658 669 
Group09_23.txt
25 53 92 98 144 238 324 466 513 545 554 573 593 644 
Group09_24.txt
65 103 169 235 293 327 467 584 
Group09_25.txt
10 37 87 120 143 164 177 202 350 368 379 469 
Group09_26.txt
7 21 101 130 206 259 276 299 324 435 456 506 524 532 538 585 677 681 799 802 815 841 938 958 962 1029 1047 1143 1204 1214 1222 1255 1277 
Group09_27.txt
11 98 109 116 131 146 192 224 283 300 367 477 
Group09_28.txt
15 43 82 106 143 193 274 290 294 371 377 472 478 
Group09_29.txt
28 55 91 101 127 170 183 198 214 228 248 273 337 390 469 504 557 
Group09_30.txt
50 76 88 133 149 153 226 232 255 314 382 426 508 527 533 537 542 589 619 637 662 
Group09_31.txt
4 9 16 37 41 44 55 81 91 104 131 134 145 157 212 303 306 335 381 414 436 510 518 566 584 
Group09_32.txt
3 17 22 57 69 118 201 317 366 451 461 583 
Group09_33.txt
12 166 237 262 283 364 395 521 
Group09_34.txt
12 31 52 183 193 279 345 358 393 433 454 533 547 599 
Group09_35.txt
6 9 14 41 48 54 64 84 192 234 241 244 268 286 337 344 355 459 494 540 556 692 765 
Group09_36.txt
6 16 64 150 198 233 281 304 386 400 405 431 456 513 528 
Group09_37.txt
7 48 110 196 276 323 327 351 413 464 517 521 539 554 565 586 617 636 644 655 728 736 758 768 776 803 863 898 951 961 972 1012 1032 1037 1047 1059 1075 1079 1087 1091 1150 1152 1243 1246 1293 
Group09_38.txt
21 89 95 99 116 120 152 155 262 311 376 427 518 557 
Group09_39.txt
68 89 92 95 102 109 122 135 139 145 148 240 286 308 330 419 462 715 
Group09_40.txt
18 23 85 126 136 284 308 335 343 353 548 587 611 631 744 766 
Group09_41.txt
64 148 164 185 199 337 435 
Group09_42.txt
10 22 46 67 73 109 123 260 321 342 348 416 502 533 577 601 
Group09_43.txt
19 50 59 112 136 160 213 233 237 250 255 266 289 294 299 378 390 398 408 415 426 456 470 484 489 494 499 508 513 539 560 603 620 661 678 
Group09_44.txt
23 34 43 65 81 132 138 163 177 216 227 233 239 245 272 330 363 410 497 
Group09_45.txt
45 51 68 75 122 174 222 272 290 347 393 431 465 544 552 579 585 708 790 
Group09_46.txt
37 101 132 160 247 269 394 411 418 520 581 616 
Group09_47.txt
41 108 111 126 164 182 224 251 293 389 542 
Group09_48.txt
91 173 177 192 265 407 504 538 575 581 585 612 667 
Group09_49.txt
11 67 108 164 195 242 339 379 427 705 724 747 804 828 878 
Group09_50.txt
8 32 56 63 258 273 415 509 529 657 
Group10_01.txt
45 73 76 275 303 315 345 415 462 473 493 498 533 541 554 596 633 
Group10_02.txt
65 163 198 237 341 389 400 450 473 483 
Group10_03.txt
111 175 191 241 284 316 353 371 486 545 593 630 691 716 817 830 855 862 891 914 
Group10_04.txt
21 34 54 71 98 110 125 260 304 306 408 452 569 
Group10_05.txt
34 42 51 54 58 72 190 205 226 263 295 310 352 358 477 536 571 614 794 838 869 882 885 950 
Group10_06.txt
19 28 31 73 80 147 163 197 213 243 264 273 344 389 411 438 493 502 534 543 567 587 612 621 
Group10_07.txt
18 91 143 154 170 258 332 345 508 
Group10_08.txt
4 41 59 95 106 161 170 198 206 217 236 277 318 338 363 375 436 461 467 473 515 565 589 594 620 626 
Group10_09.txt
11 19 35 84 246 273 311 318 380 399 414 453 461 474 518 572 642 665 703 869 978 
Group10_10.txt
18 32 99 137 155 164 180 223 317 394 450 459 491 512 542 583 599 627 721 806 832 872 916 961 
Group10_11.txt
12 41 60 73 93 113 118 145 222 270 324 330 341 401 460 489 507 546 572 605 631 658 705 709 739 826 837 845 868 872 921 932 958 1009 1103 1168 1177 1191 1275 
Group10_12.txt
34 57 84 203 241 303 314 334 402 411 438 507 522 531 623 688 717 775 795 
Group10_13.txt
43 105 123 154 161 191 213 230 252 279 284 292 335 387 392 419 478 493 507 560 612 636 676 683 693 
Group10_14.txt
7 19 73 84 168 438 467 503 508 517 555 
Group10_15.txt
54 65 185 202 243 344 419 442 499 545 580 618 684 
Group10_16.txt
19 145 253 264 327 334 348 368 387 399 495 610 630 686 759 795 811 988 
Group10_17.txt
14 21 63 66 187 196 232 243 249 258 273 279 284 293 337 363 389 438 455 478 494 500 553 559 585 623 672 720 750 773 781 910 929 955 959 969 1010 1020 1063 
Group10_18.txt
24 36 67 89 112 119 132 179 199 274 292 314 335 350 360 377 424 435 503 536 543 554 574 627 657 828 
Group10_19.txt
22 46 113 230 275 278 520 535 
Group10_20.txt
21 35 107 145 163 200 217 237 275 284 501 536 576 586 604 625 648 
Group10_21.txt
17 40 71 101 147 163 167 176 395 499 516 565 568 576 638 643 720 777 807 825 835 857 935 
Group10_22.txt
12 20 43 79 143 154 424 435 458 478 523 529 584 739 
Group10_23.txt
31 50 67 155 157 207 239 286 339 384 416 458 469 473 520 529 554 557 561 584 610 637 645 
Group10_24.txt
4 8 57 131 136 143 160 200 204 223 236 239 286 295 300 326 333 339 397 404 416 421 472 476 483 490 505 529 534 547 635 699 703 742 785 798 894 918 938 957 964 975 1075 1104 1120 1124 1164 1169 1179 1240 1262 1267 1311 1315 
Group10_25.txt
37 130 218 346 498 534 611 685 837 873 950 982 1165 
Group10_26.txt
65 163 198 237 341 389 400 450 473 483 
Group10_27.txt
2 21 25 67 74 109 129 143 171 183 215 219 236 251 328 338 344 396 428 435 532 558 584 621 645 735 825 851 859 885 947 985 1024 
Group10_28.txt
22 132 136 322 346 383 421 428 644 736 772 781 792 802 895 901 960 1031 1055 1068 1079 1090 
Group10_29.txt
47 51 75 119 135 159 181 187 266 315 392 394 544 576 610 669 673 717 725 738 750 801 892 926 958 
Group10_30.txt
72 96 106 131 191 205 238 303 311 351 444 489 493 508 520 
Group10_31.txt
4 20 48 153 212 233 324 335 466 499 520 547 550 651 661 
Group10_32.txt
20 26 34 90 105 110 123 170 200 267 276 321 389 432 495 694 701 716 
Group10_33.txt
46 165 191 232 268 282 292 300 320 324 335 397 412 434 467 530 593 626 692 774 781 826 849 887 910 961 974 1039 1049 1068 1099 1137 1149 1175 1196 1201 1260 1281 1321 1331 1343 1367 1467 1561 1581 1628 1644 1651 1665 
Group10_34.txt
4 7 18 56 108 133 152 197 248 270 276 316 336 381 393 459 
Group10_35.txt
53 86 120 128 153 181 195 216 221 260 294 300 303 316 319 342 414 425 432 435 451 465 478 489 604 649 670 696 729 787 807 837 872 877 920 956 988 1031 1078 1224 1260 1285 1321 1367 1446 1482 1510 1521 
Group10_36.txt
33 48 61 85 136 142 153 160 232 250 274 316 341 355 483 529 542 595 647 650 728 744 
Group10_37.txt
39 118 141 144 160 190 221 232 339 400 443 507 602 610 678 704 715 719 758 
Group10_38.txt
45 74 94 104 133 259 347 377 401 412 420 423 475 480 489 493 535 540 549 567 578 680 687 692 702 763 771 1035 1153 1195 1198 1207 1213 1231 
Group10_39.txt
55 87 107 296 392 501 541 669 673 677 690 800 838 977 979 
Group10_40.txt
8 23 40 102 147 260 273 343 427 444 461 601 
Group10_41.txt
24 60 76 95 110 144 294 355 511 543 627 
Group10_42.txt
59 105 120 207 353 514 562 570 592 603 
Group10_43.txt
53 115 176 219 248 277 306 348 367 485 516 541 565 581 595 761 798 835 851 961 1099 1150 1153 
Group10_44.txt
6 100 106 109 194 223 280 296 305 328 468 579 638 659 682 693 785 810 818 
Group10_45.txt
48 155 239 368 382 407 419 433 494 505 613 623 681 
Group10_46.txt
0 13 43 47 51 66 81 128 135 141 183 275 323 358 363 372 399 419 427 459 608 
Group10_47.txt
106 117 133 151 203 271 285 392 446 471 483 499 504 561 636 694 740 759 782 815 826 863 905 929 976 996 
Group10_48.txt
62 74 95 133 173 185 213 251 298 445 564 583 651 
Group10_49.txt
16 20 37 54 141 203 227 334 399 404 409 431 571 589 596 606 666 
Group10_50.txt
21 30 97 121 124 127 228 300 412 438 450 491 
Group11-01.txt
32 65 90 146 151 179 198 297 485 499 503 577 655 678 733 765 772 
Group11-02.txt
20 94 152 199 464 515 517 520 523 575 637 675 701 712 931 970 1018 1085 1151 1249 
Group11-03.txt
9 161 191 224 240 288 292 327 340 528 569 615 710 730 751 757 
Group11-04.txt
50 62 112 138 160 260 266 484 517 572 590 686 693 716 731 791 806 834 841 865 874 885 888 
Group11-05.txt
52 107 194 223 265 394 440 469 491 546 596 793 904 960 1098 1337 1372 1596 1867 1897 2273 2319 2329 2344 2393 
Group11-06.txt
17 28 47 69 89 98 133 204 215 299 321 366 412 458 
Group11-07.txt
30 73 215 242 274 321 331 375 459 487 515 558 565 600 669 703 
Group11-08.txt
8 88 120 139 210 356 404 419 499 
Group11-09.txt
69 86 148 177 194 204 223 235 245 255 279 289 306 345 356 372 390 399 414 487 
Group11-10.txt
5 86 147 153 177 181 197 209 254 284 315 365 466 478 500 524 533 
Group11-11.txt
17 71 164 173 208 220 234 246 268 319 374 453 554 
Group11-12.txt
80 183 239 250 357 389 442 472 616 647 665 
Group11-13.txt
55 104 174 220 233 273 318 445 465 474 603 631 684 
Group11-14.txt
13 46 86 91 125 169 178 221 251 284 292 333 351 354 426 494 497 516 560 574 587 621 634 678 736 794 808 877 916 943 978 1002 1034 1163 1191 
Group11-15.txt
54 60 74 138 181 214 256 266 313 324 403 439 454 470 485 510 559 582 589 625 698 728 740 744 764 784 844 892 905 964 991 1074 1078 1140 1181 1205 1273 1287 1297 1309 1322 1326 1357 1400 1406 1463 1471 1474 1479 1483 1530 1533 1598 1636 1640 1698 1713 1781 1785 1827 1852 1865 1868 1889 1914 1923 1935 1939 1967 2029 2141 2275 2293 2347 2412 
Group11-16.txt
15 54 156 184 235 265 299 351 435 495 597 637 648 662 785 811 847 901 913 945 984 1025 1055 1089 1100 1103 1108 1122 1129 1142 1169 1185 1210 1241 1278 1308 1317 1381 1391 1400 1414 1489 1552 1555 1575 1633 1642 1672 1680 1756 1806 1916 1921 2073 2085 2091 2099 2121 2149 2158 2166 2187 2200 2233 2263 2316 2348 2373 2378 2424 2458 2507 2545 2555 2592 2619 2682 2703 2724 2729 2771 2850 2927 2945 2979 2993 2996 3035 3088 3096 3166 3255 
Group11-17.txt
41 105 119 182 192 234 285 371 396 435 471 533 541 551 576 585 681 697 719 750 772 
Group11-18.txt
9 41 94 121 129 189 194 209 224 282 311 319 342 371 379 382 399 403 408 414 453 461 466 472 489 537 623 633 
Group11-19.txt
32 62 72 121 169 178 279 294 318 360 367 439 468 497 523 545 622 629 657 668 712 
Group11-20.txt
76 153 179 249 291 294 339 374 406 472 544 601 632 640 669 789 834 913 949 1002 1018 1078 1215 1229 1241 1321 1352 
Group11-21.txt
2 41 68 123 230 234 294 328 384 430 435 615 672 751 765 776 802 813 818 895 
Group11-22.txt
20 100 107 117 278 294 332 367 418 509 515 534 544 563 627 641 644 652 686 774 789 807 820 834 856 907 954 961 
Group11-23.txt
26 69 113 132 141 180 208 313 322 336 363 413 421 479 528 547 552 570 625 644 709 715 732 743 764 789 830 862 
Group11-24.txt
64 72 115 128 138 141 201 299 380 457 565 596 641 653 671 780 869 891 923 934 951 975 990 1072 1215 1299 1377 1385 1504 1513 1534 1545 1562 1596 1606 1623 1658 1680 1716 1732 1774 1779 1793 1829 1851 1854 1877 1968 1978 1986 2000 2032 2067 2109 2117 2188 2272 2413 2445 2538 2578 2607 2612 
Group11-25.txt
35 42 47 60 74 136 145 245 261 306 308 329 341 431 478 542 565 619 694 
Group11-26.txt
42 50 82 131 134 229 332 358 
Group11-27.txt
34 110 116 149 199 222 238 
Group11-28.txt
62 77 96 126 135 147 165 243 470 487 524 614 646 675 680 708 767 870 891 922 954 988 1004 1010 1016 
Group11-29.txt
47 60 157 173 240 269 275 289 314 345 357 375 394 424 431 491 507 560 654 669 678 709 741 775 791 797 803 
Group11-30.txt
30 89 125 148 205 224 240 245 251 257 308 330 413 442 452 473 502 554 585 617 651 667 673 679 
Group11-31.txt
35 80 88 125 156 180 229 247 261 270 303 314 333 382 445 456 472 505 513 525 549 577 
Group11-32.txt
57 60 102 133 216 379 436 484 520 629 644 673 727 758 790 824 840 846 852 
Group11-33.txt
17 32 42 94 113 132 200 232 427 438 441 446 463 472 496 549 590 698 828 887 911 940 962 982 1019 
Group11-34.txt
38 45 156 245 277 311 317 328 344 398 
Group11-35.txt
68 112 146 212 220 294 388 413 442 486 
Group11-36.txt
80 313 346 386 413 
Group11-37.txt
86 161 198 221 229 238 244 358 442 469 528 555 581 658 670 697 773 798 
Group11-38.txt
63 137 204 215 254 295 340 354 367 371 390 419 428 458 554 647 690 699 704 738 766 803 820 837 
Group11-39.txt
1 53 57 62 65 123 262 272 324 338 373 408 494 500 517 528 586 594 614 625 683 
Group11-40.txt
24 62 65 90 95 112 218 222 229 233 282 311 314 343 421 442 518 521 523 546 688 
Group11-41.txt
27 46 60 99 148 176 194 201 353 379 386 396 457 
Group11-42.txt
33 99 126 140 213 220 253 280 395 466 591 
Group11-43.txt
57 116 272 282 308 316 
Group11-44.txt
94 121 128 137 141 148 173 212 219 241 245 313 337 479 518 529 532 608 643 701 754 772 782 786 850 
Group11-45.txt
10 71 136 142 170 189 215 241 247 299 361 434 529 567 618 752 843 862 875 890 910 917 949 960 964 1009 1024 1030 1036 1117 1130 1149 1159 1290 1302 1313 1332 
Group11-46.txt
49 119 126 135 173 193 204 225 229 238 258 264 286 323 359 383 403 472 476 495 501 518 751 768 772 783 813 868 906 1010 1030 1079 1094 1100 1126 1158 1194 1239 1263 1309 1321 1326 1342 1540 1543 
Group11-47.txt
28 93 133 138 146 180 198 219 229 318 383 420 465 542 559 592 619 623 640 815 825 831 
Group11-48.txt
76 113 153 158 174 213 218 277 315 398 457 471 517 520 599 602 680 774 855 
Group11-49.txt
13 23 54 94 145 152 213 275 344 357 368 408 430 450 458 466 484 493 500 524 579 585 
Group11-50.txt
5 141 147 193 219 238 280 362 484 574 613 634 651 689 706 743 863 933 962 979 1001 
Group12_01.txt
23 32 77 91 157 187 191 200 222 293 352 405 416 462 470 486 503 526 550 569 698 717 876 944 970 988 1049 1054 1067 1089 1138 1151 1165 1219 1224 1304 1314 1375 1394 1401 1467 1536 1567 1571 
Group12_02.txt
34 142 162 322 430 435 474 520 540 589 645 726 804 848 905 915 920 956 970 975 989 1008 1044 1077 1136 1226 1313 1321 1389 1444 1467 1475 1478 1491 1506 1746 1812 1816 1821 1896 1901 1918 1969 1977 2045 
Group12_03.txt
53 71 75 93 122 132 149 193 268 281 295 299 316 331 353 362 396 408 427 431 446 481 512 520 528 546 550 574 577 621 699 734 787 900 920 938 987 994 1011 1114 1125 1132 1202 1218 1224 1286 1292 1299 1310 1347 1428 
Group12_04.txt
43 259 303 346 378 384 428 571 645 784 802 832 837 851 914 920 1058 1076 1102 1168 1209 1255 1312 1399 1478 1523 1528 1613 1659 1734 1738 1745 1788 1795 1831 1866 1968 1974 1980 1993 2003 2063 2093 2186 2229 2295 2321 2391 2412 2443 2486 2553 2576 2625 2699 2703 2710 2753 2760 2804 2820 2823 2830 2835 2840 2867 
Group12_05.txt
1 65 102 166 218 236 242 251 259 274 357 371 383 404 499 517 547 555 590 593 598 647 666 
Group12_06.txt
11 72 78 102 118 136 142 209 240 282 360 382 415 543 593 655 663 696 788 803 885 938 978 986 1034 1084 1116 1125 1133 1189 1195 1232 1282 1310 1341 1396 1423 
Group12_07.txt
115 171 229 348 406 419 440 465 536 586 597 612 626 686 727 733 744 769 774 792 797 805 830 850 898 984 989 992 1034 1057 1081 1123 1131 1149 1163 1165 1174 1177 1182 1332 
Group12_08.txt
131 192 241 257 265 310 427 447 502 510 571 588 597 602 
Group12_09.txt
51 54 64 90 98 119 123 171 198 217 221 284 299 347 351 374 414 433 513 697 783 849 852 872 886 931 1000 
Group12_10.txt
4 178 231 262 319 354 387 407 419 433 442 479 493 513 537 564 583 610 625 638 656 678 728 752 794 
Group12_11.txt
15 55 99 108 140 291 351 434 514 527 539 549 611 691 715 826 865 878 
Group12_12.txt
15 55 99 108 140 291 351 434 514 527 539 549 611 691 715 826 865 878 901 906 
Group12_13.txt
16 20 49 96 115 146 157 189 207 285 315 320 334 368 383 388 414 471 476 489 510 536 604 614 655 679 684 695 702 712 732 760 789 806 832 880 958 960 997 1003 1015 1041 1049 1059 1067 1077 1101 1151 1282 1286 1329 1340 1355 1370 1382 1405 1431 1446 1460 1510 1556 1560 1569 1573 1580 1587 1632 1650 1655 1672 1722 1746 1769 1889 1940 1957 1969 1986 2023 2026 
Group12_14.txt
19 43 118 165 175 474 680 730 756 841 884 
Group12_15.txt
258 284 320 387 455 476 482 499 530 633 745 755 766 778 
Group12_16.txt
23 106 124 134 151 196 209 254 344 356 403 502 509 
Group12_17.txt
30 37 119 126 162 221 228 300 342 
Group12_18.txt
82 119 537 
Group12_19.txt
141 290 387 418 480 551 585 597 643 653 770 912 1077 1189 1235 1288 1298 1316 1370 
Group12_20.txt
78 84 145 151 165 238 269 282 329 340 422 428 440 454 469 487 544 
Group12_21.txt
18 42 82 131 144 155 171 198 270 285 317 340 437 468 546 599 605 608 658 672 696 702 705 
Group12_22.txt
3 16 51 63 90 113 119 130 155 221 234 246 262 298 347 407 426 439 444 459 473 477 492 531 574 617 640 663 676 719 760 783 
Group12_23.txt
50 58 115 150 183 240 257 284 338 345 382 388 399 409 418 436 441 457 506 537 547 578 
Group12_24.txt
46 62 128 147 252 295 328 368 443 461 510 598 655 665 753 788 816 839 854 872 881 892 
Group12_25.txt
2 20 46 157 178 224 279 342 532 580 606 
Group12_26.txt
81 86 103 114 125 181 242 264 271 290 299 307 316 351 405 506 514 548 672 680 695 751 775 964 995 1049 1114 1124 1273 1295 1353 1385 1425 1428 1506 1555 1626 
Group12_27.txt
20 51 102 185 339 350 396 
Group12_28.txt
61 83 140 238 261 290 327 333 432 653 666 
Group12_29.txt
45 116 167 298 305 316 340 351 401 422 542 588 
Group12_30.txt
29 75 78 128 136 261 270 316 348 375 400 405 450 580 614 618 622 
Group12_31.txt
10 28 89 134 168 225 235 297 336 419 449 465 475 494 
Group12_32.txt
20 33 39 56 105 128 138 155 205 248 312 338 352 358 377 407 413 455 
Group12_33.txt
33 50 57 60 113 122 132 141 157 173 180 183 251 257 266 276 284 300 340 348 352 405 408 465 506 
Group12_34.txt
13 25 31 35 38 97 102 119 122 136 329 362 575 
Group12_35.txt
41 49 120 127 144 152 179 222 230 349 400 410 425 464 518 544 591 725 743 748 
Group12_36.txt
38 111 128 141 204 234 273 314 399 419 477 493 
Group12_37.txt
27 51 56 82 101 121 127 189 197 219 231 243 251 259 272 278 291 347 423 465 479 490 502 513 543 
Group12_38.txt
89 189 192 240 316 362 387 407 419 453 457 470 482 505 518 560 573 580 588 601 620 626 646 662 691 700 704 
Group12_39.txt
17 42 74 127 148 228 243 255 316 335 394 415 473 598 680 738 807 839 
Group12_40.txt
64 67 71 141 168 207 406 474 481 600 639 668 
Group12_41.txt
40 60 82 89 95 221 264 269 278 317 384 392 402 450 508 513 610 752 776 789 808 830 855 
Group12_42.txt
41 111 244 257 407 415 433 437 468 553 557 581 740 744 758 768 774 821 829 885 913 942 962 1014 1090 1107 1136 1209 1254 1261 1289 1334 1409 
Group12_43.txt
12 53 145 195 235 318 325 328 387 420 435 493 534 542 662 677 768 846 868 873 886 
Group12_44.txt
2 41 59 111 118 137 166 186 235 270 306 326 336 395 428 455 536 555 570 
Group12_45.txt
9 127 145 181 205 227 255 270 294 306 310 323 386 446 455 477 526 529 556 580 
Group12_46.txt
130 165 176 191 207 211 253 283 311 331 437 442 456 529 628 657 678 686 717 
Group12_47.txt
43 94 146 215 253 290 336 483 
Group12_48.txt
5 80 101 108 176 181 190 232 297 312 321 330 357 385 392 396 402 412 465 471 495 515 551 558 581 612 616 662 
Group12_49.txt
16 40 155 174 177 224 288 309 333 336 372 394 406 419 443 499 508 533 536 561 582 606 628 703 751 754 789 894 897 986 1030 1060 1067 1077 1120 1132 1146 1154 1176 1190 1198 1216 1226 1239 1253 1261 1295 1307 1322 1340 1363 1388 1500 1503 1593 1618 1628 1633 1671 1682 1714 1796 1814 1838 1845 1899 1946 2033 2067 2079 2107 2127 2134 2139 2172 2237 2279 2291 2314 2351 2449 2494 2500 2558 2568 2643 2663 2687 
Group12_50.txt
49 62 74 112 129 189 202 204 241 246 269 284 311 324 329 347 354 380 428 470 475 505 572 586 
Group13_01.txt
45 89 141 170 217 286 356 418 424 449 455 503 528 562 584 598 604 745 
Group13_02.txt
32 37 125 130 151 194 357 363 402 415 454 459 476 492 529 550 552 584 640 647 775 833 843 862 962 1099 1183 1213 1283 1371 1433 1539 1547 1575 1647 1659 1698 1743 1766 1865 1911 1965 1970 1998 2070 2110 2194 2202 2250 2353 
Group13_03.txt
6 20 34 55 78 90 114 179 259 362 449 463 470 509 604 616 638 
Group13_04.txt
181 198 203 237 246 262 268 384 446 559 575 589 639 1012 1058 1065 1133 1142 1221 
Group13_05.txt
35 69 84 120 127 135 145 167 198 207 238 273 278 284 321 383 440 463 625 675 850 870 879 1007 1034 1074 1101 1115 1139 1224 1388 1406 1429 1509 1544 1589 1698 1809 1869 2117 2142 2169 2173 
Group13_06.txt
89 94 128 210 216 289 298 304 312 356 376 392 433 497 629 632 768 776 887 954 1044 1073 1217 1270 1328 1436 1490 1598 1606 1642 1645 1662 1722 1741 1767 1898 1912 1931 1988 2003 2283 2504 2508 2599 2678 2740 2758 2777 
Group13_07.txt
24 118 142 232 268 361 370 378 387 404 455 481 522 538 554 559 
Group13_08.txt
156 175 257 273 290 298 312 331 392 395 413 425 545 570 574 595 625 675 697 726 790 823 845 852 869 958 963 990 996 1023 1031 1037 1063 1075 1084 1092 1097 1102 1247 1255 
Group13_09.txt
159 189 214 223 230 237 253 308 334 345 391 457 460 492 496 618 658 669 695 732 742 779 890 996 1001 1009 1017 1080 1111 1115 1154 1175 1238 1256 1269 1302 1363 1381 1412 1533 1585 1595 1633 1716 1768 1791 1857 1882 1892 1896 1901 
Group13_10.txt
41 94 153 163 256 260 267 374 417 469 554 581 605 626 647 735 750 819 
Group13_11.txt
26 35 70 127 140 197 259 267 427 438 487 526 644 
Group13_12.txt
34 51 104 115 138 152 197 219 247 331 351 359 399 612 615 620 631 647 
Group13_13.txt
10 33 83 96 120 221 230 280 
Group13_14.txt
15 19 49 70 91 99 129 190 477 537 585 
Group13_15.txt
7 29 206 239 258 345 359 370 374 493 591 636 
Group13_16.txt
13 84 157 165 203 358 
Group13_17.txt
15 33 45 48 100 224 274 278 296 320 401 414 530 543 659 
Group13_18.txt
45 56 101 122 153 194 241 256 268 525 535 564 580 596 766 789 804 812 820 835 896 933 
Group13_19.txt
5 20 24 76 88 170 210 227 248 253 266 290 376 456 459 
Group13_20.txt
3 12 17 321 345 411 445 463 496 605 707 
Group13_21.txt
18 83 112 136 144 189 226 231 293 298 388 423 515 524 531 549 583 609 618 629 650 686 723 886 914 922 1010 1019 1029 1051 1055 1060 1069 1083 1130 1141 1178 1267 1274 1365 1436 1444 1453 1464 1571 1602 1619 1683 1725 1792 1872 1888 1938 2006 2033 
Group13_22.txt
7 60 71 129 176 186 202 242 255 265 296 314 332 347 393 401 528 630 707 736 751 892 965 1005 1090 1111 1131 1207 1258 1261 1386 1505 1527 1721 1759 1786 1880 1920 1959 2012 2091 2112 2114 2168 2185 2233 2247 2280 2287 2317 2379 2391 2436 2447 2458 2473 2486 2495 2504 2536 2603 2749 2801 3155 3164 3218 3288 3341 3433 3444 3518 3667 3686 3774 3903 3987 4049 4054 4151 4172 4212 4238 4256 4314 4370 4410 4447 4473 4479 4494 4574 4607 4616 4636 4689 4706 4740 4766 4834 4876 4881 4906 4926 4932 5019 5028 5115 5164 5272 5337 5362 5435 5450 5454 5500 5510 5552 5599 5679 5706 5823 5875 5891 6024 6065 6106 6129 6177 6224 6230 6240 6274 6350 6358 6425 6467 6512 6571 6588 6604 6614 6622 6641 6718 6778 6786 6810 6958 6966 6994 7025 7033 7113 7142 7170 7210 7322 7331 7360 7374 7461 7471 7493 7688 7756 7876 7929 7934 7983 8061 8079 8096 8124 8146 8212 8299 8404 8438 8452 8590 8609 8623 8650 8684 8687 8709 8751 8765 8771 8927 8977 9035 9102 9146 9178 9184 9217 9308 9311 9382 9400 9425 9443 9461 9482 9524 9588 9624 9643 9679 9695 9715 9958 10038 10049 10092 10096 10180 10196 10236 10250 10275 10337 10384 10410 10481 10486 10555 10620 10680 10824 10828 10864 10974 11002 11100 11115 11204 11265 11282 11289 11302 11316 11344 11391 11403 11478 11609 11665 11724 11738 11745 11792 11866 11970 11973 11985 12006 12022 12035 12042 12052 12105 12135 12184 12197 12288 12320 12370 12374 12386 12394 12433 12476 12485 12572 12646 12713 12730 12766 12771 12865 12895 12971 13071 13096 13124 13200 13214 13239 13289 13323 13363 13428 13527 13531 13667 13707 13717 13769 13827 13842 13963 13998 14016 14079 14135 14295 14315 14348 14354 14370 14519 14626 14636 14679 14766 14818 14828 14895 14938 14979 15005 15100 15113 15118 15124 15131 15209 15284 15374 15407 15413 15488 15611 15727 15756 15831 15849 15887 15933 15945 16102 16161 16277 16297 16430 16446 16480 16522 
Group13_23.txt
83 101 146 154 157 168 212 249 318 339 408 446 452 461 467 481 491 562 609 673 679 694 721 739 791 893 928 1009 1028 1085 1149 1207 1226 1253 1257 1304 1310 1366 1375 1384 1393 1400 1415 1418 1551 1581 1699 1718 1731 1734 1773 1831 1851 1969 1975 2099 2116 2128 2136 2153 2162 2177 2206 2250 2283 2341 2472 2508 2524 2575 2603 2669 2699 2733 2766 2820 2850 2941 2974 2987 3007 3122 3168 3223 3240 3378 3474 3508 3520 3556 3630 3700 3708 3731 3763 
Group13_24.txt
82 134 332 354 394 400 420 425 444 528 542 566 574 715 723 729 740 846 925 954 1000 1144 1175 1182 1224 1298 1307 1316 1332 1341 1443 1586 1600 1650 1709 1742 1845 1874 1968 1973 2060 2157 2164 2172 2176 2188 2205 2236 2245 2267 2378 2386 2422 2434 2446 2501 2558 2625 2699 2717 2829 2857 2887 3031 3050 3084 3110 3135 3170 3175 3273 3278 3368 3438 3468 3552 3594 3628 3845 3896 3907 3911 4017 4023 4033 4064 4091 4103 4171 4177 4196 4212 4318 4324 4363 4492 4538 4542 4603 4640 4691 4706 4739 4746 4885 4952 5008 5035 5041 5064 5096 5171 5359 5413 5523 
Group13_25.txt
4 42 69 172 254 283 288 314 379 417 460 474 495 506 573 644 763 795 800 805 822 830 869 932 947 1049 1267 1404 1419 1460 1463 1477 1510 1531 1582 1610 1866 1878 1886 2022 2048 2147 2175 2302 2339 2494 2547 2566 
Group13_26.txt
6 30 57 72 77 86 182 246 254 308 338 429 447 516 535 565 569 573 610 682 757 800 854 859 891 901 988 1006 1077 1097 1113 1174 1185 1191 1288 1325 1340 1351 1365 1371 1375 1379 1399 1430 1499 1502 1530 1543 1603 1680 1732 1793 1846 1923 1926 1944 1954 1964 2054 2062 2083 2090 2147 2192 2202 2208 2221 2260 2268 2272 2280 2284 2336 2340 2384 2507 2523 2548 2569 2594 2632 2690 2720 2784 2794 2830 2868 2895 2924 2940 2952 3079 3106 3113 3131 3135 3150 3238 3252 3289 3324 3358 3396 3453 3497 3533 3607 3609 3644 3653 3712 3766 3827 3874 3892 3906 3952 3988 4005 4014 4017 4028 4031 4060 4097 4152 4181 4186 4212 4227 4241 4256 4275 4303 4310 4330 4362 4397 4411 4452 4487 4529 4556 4565 4570 4641 4656 4731 4762 4880 4897 4927 4952 4958 4965 4980 5027 5047 5277 5280 5375 5462 5535 5558 5615 5860 5870 5941 5979 6026 6089 6121 6136 6224 6249 6373 6428 6507 6518 6584 6633 6700 6713 6796 6809 6834 6865 6953 6966 6986 7012 7037 7103 7113 7126 7134 7154 7174 7182 7187 7249 7263 7294 7332 7348 7383 7400 7410 7424 7492 7514 7523 7559 7723 7789 7794 7801 7827 7882 7907 7921 7962 7985 8011 8021 8089 8097 8101 8162 8174 8390 8437 8451 8462 8492 8570 8634 8674 8761 8765 8779 8846 8898 8901 8920 8951 8992 9023 9114 9191 9311 9395 9405 9469 9494 9650 9713 9774 9826 9898 9902 9910 10017 10034 10152 10188 10202 10250 10278 
Group13_27.txt
28 126 165 251 299 307 336 374 388 422 451 521 608 632 671 744 763 835 858 872 909 1000 1009 1060 1071 1108 1134 1141 1144 1151 1174 1178 1228 1264 1311 1363 1388 1402 1405 1480 1572 1592 1598 1756 1791 1804 1826 1853 1870 1957 1969 1979 1984 2026 2034 2043 2081 2127 2133 2141 2156 2164 2173 2200 2221 2245 2252 2263 2355 2371 2424 2484 2523 2611 2667 2699 2756 2830 2873 2979 2982 3018 3023 3036 3119 3171 3303 
Group13_28.txt
15 23 28 96 101 126 324 498 502 519 544 561 747 763 773 831 836 878 899 909 950 971 977 1055 1089 1122 1142 1159 1272 1289 1293 1330 1379 1437 1448 1540 1558 1616 1646 1683 1701 1707 1738 1756 1776 1812 1862 1900 1907 1990 2049 2065 2096 2168 2297 2303 2456 2466 2536 2728 2840 2950 2960 3026 3031 3043 3133 3149 3259 3325 3353 3390 
Group13_29.txt
156 176 221 282 376 436 453 499 637 757 789 851 878 879 914 980 1128 1161 1320 1341 1355 1365 1397 1412 1452 1603 1654 1699 1713 1736 1778 1952 1982 2069 2082 2091 2178 2182 2195 2237 2251 2274 2290 2315 2325 2338 2359 2390 2410 2420 2460 2475 2531 2539 2561 2587 2601 2605 2611 2665 2745 2808 2904 2921 3081 3087 3153 3165 3296 3304 3318 3464 3495 3503 3557 3561 3587 3591 3606 3612 3632 3720 3884 3942 4066 4113 4151 4157 4175 4369 4417 4578 4584 4831 4845 4858 4872 4918 4939 4948 5011 5028 5113 5283 5392 
Group13_30.txt
3 24 38 92 135 167 307 334 379 404 418 463 467 471 505 594 621 667 795 813 949 952 997 1001 1005 1179 1372 1399 1416 1507 1512 1622 1632 1666 1680 1684 1697 1710 1746 1765 1770 1804 1816 1823 1838 1841 1845 1868 1880 1949 1989 2039 2060 2116 2165 2172 2204 2267 2291 2310 2314 2349 2362 2384 2414 2456 2481 2508 2520 2543 2583 2594 2598 2724 2741 2745 2751 2757 2824 2863 2866 2874 2902 2946 3043 3131 3158 3230 3235 3338 3342 3360 3391 3471 3496 3499 3585 3615 3617 3639 3674 3757 3766 3775 3868 3902 3910 3937 3974 4061 4105 
Group13_31.txt
14 42 69 72 91 120 133 221 290 308 368 378 400 475 531 537 555 563 575 614 741 
Group13_32.txt
31 90 98 139 145 173 187 194 199 262 267 278 292 329 396 442 478 499 515 605 609 675 722 770 774 788 797 817 827 839 842 866 892 942 960 971 996 1030 1053 1077 1139 1181 1230 1255 1267 1276 1283 1317 1381 1392 1394 1407 
Group13_33.txt
6 28 70 107 129 145 153 170 195 203 215 241 246 265 284 337 414 422 426 432 440 472 529 564 636 683 756 793 796 832 906 925 929 1010 1021 1025 1028 1033 1046 1059 1077 1120 1137 1191 1237 1256 1298 1315 1319 1431 1469 1491 1508 1560 1580 1644 1668 1712 1741 1762 1792 1796 1803 1944 1962 1972 1983 2056 2064 2071 2080 2103 2121 2138 2150 2178 2182 2195 
Group13_34.txt
104 148 164 179 209 296 345 369 376 388 
Group13_35.txt
9 77 97 120 125 128 139 191 230 269 287 366 377 457 479 526 603 612 615 661 669 677 689 692 709 716 727 746 848 911 938 943 949 973 1002 1042 1087 1120 1148 1154 1157 1212 1224 1229 1244 1251 1268 1343 1393 1478 1484 1504 1508 1537 1563 
Group13_36.txt
17 83 88 102 113 146 188 196 203 234 240 245 316 400 445 457 513 532 564 600 739 757 796 800 878 928 932 1157 1216 1260 1270 1295 1360 1378 1383 1389 1446 
Group13_37.txt
63 76 160 169 231 256 266 280 291 318 357 407 429 462 498 546 635 735 744 857 892 903 929 959 1004 1022 1050 1123 1215 1248 1261 1268 1299 1425 1471 1663 
Group13_38.txt
4 11 24 32 118 139 172 183 208 228 351 391 394 424 445 476 483 522 541 558 672 771 804 825 839 843 848 875 881 894 946 968 1024 1044 1085 1098 1190 1213 1266 1277 1331 1371 1455 1563 1586 
Group13_39.txt
43 63 79 109 120 157 212 219 246 251 289 306 389 436 582 593 652 689 714 798 874 962 1022 1027 1089 1148 1178 1318 1381 1384 1520 1558 1567 1576 1668 1678 1695 1703 1720 1765 1877 1892 1919 1973 1986 1992 2020 2073 2184 2235 
Group13_40.txt
65 72 81 87 212 256 292 346 448 456 489 606 635 897 916 945 994 
Group13_41.txt
9 109 119 160 210 222 236 239 257 280 288 331 352 362 380 397 404 421 482 553 699 737 756 776 807 855 936 978 1007 1044 1102 1134 1215 1236 1432 1523 1574 1578 1596 1603 
Group13_42.txt
55 81 96 101 104 114 122 186 197 255 364 383 416 472 480 571 600 615 705 762 786 842 857 1059 1145 1160 1192 1226 1261 1330 
Group13_43.txt
130 215 236 273 318 346 357 378 478 601 638 704 721 861 900 929 999 1007 1037 1105 1194 1209 1224 1266 1282 1339 1362 1447 1534 1541 1566 1600 1670 1681 1698 1788 1803 1821 1833 1836 
Group13_44.txt
10 60 71 74 85 117 158 180 207 210 248 257 273 296 304 326 386 455 464 512 537 543 588 620 629 686 725 743 789 892 916 931 954 957 1001 1048 1069 1082 1109 1121 1137 1153 1168 1309 1326 1345 1388 1490 1515 1561 1616 1631 1680 1686 1701 1713 1735 1762 1803 1804 1841 1890 1900 1919 1925 2012 2056 2130 2133 2183 2191 2205 2249 2274 2287 2360 2383 2479 2482 2517 2558 2632 2689 2702 2713 2731 2734 2737 2751 2878 2896 2929 2992 3164 3197 3205 3221 3261 3362 3394 3405 3418 3512 3548 3603 3697 3725 3732 3774 3798 3856 3868 3890 
Group13_45.txt
69 71 74 78 119 137 140 205 228 267 282 359 391 566 603 638 686 730 746 778 783 787 831 842 872 891 902 926 939 966 972 985 1033 1053 1069 1077 1085 1109 1112 1128 1225 1235 1244 1282 1296 1300 1322 1329 1339 1343 1346 1360 1380 1397 1416 1422 1428 1432 1470 1473 1492 1568 1604 
Group13_46.txt
9 97 121 163 192 196 212 262 271 296 307 314 361 402 412 459 466 503 565 575 624 642 679 725 760 894 910 1044 1085 1290 1323 1327 1332 1337 1357 1362 1378 1382 1407 1440 1564 1587 1612 1616 1629 1668 1714 1729 1739 1754 1763 1771 1780 1795 1820 1838 1865 1883 1898 1929 2036 2086 2091 2142 2154 2268 2280 2353 2389 2396 2405 2416 2426 2451 2468 
Group13_47.txt
8 64 71 83 127 130 144 162 172 179 190 259 278 329 360 392 405 416 454 482 618 629 727 963 1076 1095 1101 1106 1118 1272 1283 1293 1309 1610 1693 1703 1743 
Group13_48.txt
17 64 104 202 272 360 364 369 372 378 427 433 456 483 505 547 558 641 659 866 885 888 896 912 916 1103 1110 1113 1121 1274 1277 1283 1365 1379 1419 1438 1450 1467 1475 1532 1572 1590 1594 1618 1623 1652 1734 1762 1812 1818 1905 1957 1962 2087 2159 2199 2265 2275 2283 2436 2500 2558 2657 
Group13_49.txt
21 95 115 134 209 228 232 297 363 460 524 550 721 752 779 832 876 952 1002 1055 1075 1161 1179 1193 1306 1414 1423 1432 1439 1451 1471 1506 1645 1652 1726 1780 1840 1855 1987 2016 2022 2043 2059 2090 2107 2194 2231 
Group13_50.txt
60 71 94 151 165 181 187 195 222 230 234 348 450 504 508 539 628 718 824 875 886 893 944 961 1001 1038 1088 1100 1169 1201 1227 1258 1312 1343 1353 
Group14_01.txt
20 28 39 85 102 113 128 138 261 276 292 312 327 338 390 459 484 
Group14_02.txt
29 38 66 81 85 113 133 172 175 183 250 257 362 389 406 416 425 485 490 494 514 
Group14_03.txt
14 19 73 144 174 183 195 221 273 294 301 341 400 414 497 
Group14_04.txt
140 172 218 323 413 432 473 480 
Group14_05.txt
52 85 150 251 331 345 377 415 448 462 535 546 557 
Group14_06.txt
10 28 86 98 103 142 143 147 153 159 167 177 217 254 266 271 318 333 348 413 455 485 493 502 547 553 
Group14_07.txt
23 30 52 66 123 148 223 320 408 470 571 
Group14_08.txt
65 170 211 222 240 248 282 365 411 457 533 
Group14_09.txt
7 20 29 102 127 155 301 311 325 336 358 425 433 449 
Group14_10.txt
2 32 65 70 165 175 202 238 264 362 373 384 
Group14_11.txt
14 113 117 126 184 219 336 453 456 475 
Group14_12.txt
15 24 126 156 171 178 258 289 299 341 360 381 402 443 451 516 
Group14_13.txt
3 15 98 149 155 194 301 330 365 440 456 483 500 509 518 
Group14_14.txt
64 99 145 163 178 222 231 278 291 299 334 442 475 
Group14_15.txt
25 37 164 223 231 271 302 349 373 382 387 424 452 472 486 491 
Group14_16.txt
67 74 84 96 107 155 179 201 269 386 420 458 496 
Group14_17.txt
63 112 225 294 298 309 346 394 471 486 503 
Group14_18.txt
33 51 58 102 128 184 195 207 221 267 275 282 411 422 478 503 541 
Group14_19.txt
5 20 103 128 138 146 157 191 248 269 299 305 310 315 334 339 344 356 429 436 479 530 533 569 585 632 638 717 746 794 818 836 
Group14_20.txt
5 22 57 88 115 151 169 188 203 214 298 334 378 403 407 433 507 601 624 673 685 690 693 699 708 752 760 777 827 829 841 851 
Group14_21.txt
13 43 77 94 113 340 380 436 439 447 500 517 566 
Group14_22.txt
17 97 130 137 244 269 307 356 502 563 581 
Group14_23.txt
103 167 211 231 247 258 337 341 388 426 438 453 522 
Group14_24.txt
135 156 232 245 262 283 292 413 429 487 519 554 569 611 635 
Group14_25.txt
4 161 177 250 255 282 318 351 445 532 558 
Group14_26.txt
66 90 102 120 130 136 154 200 273 295 308 340 346 361 379 387 420 506 514 587 591 614 678 682 691 702 705 714 753 806 812 865 875 
Group14_27.txt
44 51 55 59 114 170 239 248 260 294 519 526 579 589 606 610 659 715 722 
Group14_28.txt
47 57 62 109 185 212 282 289 300 317 355 393 509 536 564 601 608 705 713 738 745 764 876 890 909 957 998 
Group14_29.txt
154 214 225 229 238 278 397 420 
Group14_30.txt
18 37 52 73 125 130 150 187 245 255 298 304 371 396 407 465 517 596 599 607 628 678 685 765 798 825 852 874 936 968 
Group14_31.txt
132 157 172 185 195 228 236 247 252 283 288 400 406 420 423 440 451 455 467 472 481 517 543 551 557 609 647 663 691 728 750 764 769 777 817 821 825 916 
Group14_32.txt
8 27 72 342 402 414 447 489 502 520 523 541 615 647 672 678 682 691 696 755 772 800 867 894 907 911 950 992 999 1024 1058 1113 
Group14_33.txt
1 25 71 98 115 146 156 160 202 332 341 397 410 421 431 445 452 468 519 614 628 664 693 737 766 774 918 937 941 955 958 976 979 996 1036 1078 1090 1107 1123 
Group14_34.txt
18 64 86 140 150 158 163 212 286 298 305 316 339 460 473 478 553 571 609 642 651 688 702 705 713 750 
Group14_35.txt
11 113 122 127 144 184 260 307 410 415 451 478 502 567 573 615 673 723 765 802 849 856 860 866 869 921 930 939 958 981 993 1061 1100 1208 1221 1231 1249 1278 1332 1347 1356 1381 1385 1416 1443 1452 1511 1526 1624 1643 1656 1667 1682 1701 
Group14_36.txt
75 94 251 262 360 429 434 467 474 531 535 540 
Group14_37.txt
41 53 69 117 131 190 196 232 261 277 286 304 332 340 344 374 380 386 407 437 464 498 505 525 557 568 600 698 725 778 814 828 839 847 892 916 
Group14_38.txt
12 15 69 79 91 215 334 347 350 384 422 463 490 496 521 534 615 618 643 650 677 690 712 752 766 808 921 953 
Group14_39.txt
25 56 165 273 294 416 445 449 492 608 613 660 664 752 786 819 829 883 906 983 988 
Group14_40.txt
62 84 95 112 118 154 184 248 258 277 338 361 400 437 450 535 583 607 626 689 745 748 763 783 792 798 892 909 915 920 997 1000 1013 
Group14_41.txt
20 32 69 82 102 110 119 143 151 261 285 299 316 350 395 407 411 416 423 439 567 605 634 662 741 747 788 801 819 909 924 965 978 
Group14_42.txt
0 108 125 147 223 228 245 275 288 313 359 404 409 427 430 433 436 439 442 454 468 483 602 621 710 734 778 809 833 860 880 
Group14_43.txt
2 85 127 148 186 193 229 239 271 278 288 306 311 334 349 352 356 360 406 417 509 653 
Group14_44.txt
13 29 40 128 132 157 172 178 264 283 364 398 411 532 541 578 600 603 623 661 669 692 705 788 793 835 910 940 
Group14_45.txt
122 145 230 242 300 340 351 454 458 461 472 485 529 544 
Group14_46.txt
12 23 48 84 116 124 132 169 174 212 228 233 240 244 248 261 266 310 321 366 375 469 492 581 588 646 656 663 690 706 738 750 767 797 824 828 832 
Group14_47.txt
80 97 101 108 148 189 227 251 312 319 356 376 391 411 427 491 665 678 
Group14_48.txt
35 76 164 167 283 297 315 435 494 599 632 688 692 
Group14_49.txt
14 27 35 46 91 95 114 120 170 263 271 281 283 299 306 315 399 421 489 555 597 650 656 710 731 773 
Group14_50.txt
0 46 79 99 121 133 157 174 216 234 272 275 314 317 338 354 359 456 510 516 545 568 574 658 691 
