Group01_01.txt
266 507 
Group01_02.txt
314 
Group01_03.txt
47 360 
Group01_05.txt
83 
Group01_06.txt
5 1098 1200 
Group01_07.txt
367 
Group01_08.txt
20 175 640 798 1168 
Group01_09.txt
25 523 678 780 
Group01_10.txt
35 214 
Group01_11.txt
66 148 274 289 422 476 481 502 508 555 558 646 659 710 875 887 932 972 985 
Group01_12.txt
292 
Group01_14.txt
18 222 402 587 
Group01_15.txt
81 322 
Group01_16.txt
199 325 
Group01_17.txt
131 
Group01_19.txt
134 197 204 478 
Group01_20.txt
241 244 345 
Group01_21.txt
501 
Group01_22.txt
396 
Group01_25.txt
296 496 1102 
Group01_26.txt
586 589 
Group01_28.txt
194 
Group01_29.txt
199 347 
Group01_30.txt
655 
Group01_31.txt
1 209 309 
Group01_32.txt
1184 
Group01_33.txt
41 190 231 
Group01_35.txt
23 240 446 685 1082 
Group01_38.txt
498 
Group01_40.txt
492 
Group01_41.txt
69 273 
Group01_42.txt
455 567 
Group01_43.txt
319 
Group01_46.txt
266 
Group01_47.txt
141 
Group01_49.txt
23 159 296 598 
Group02_01.txt
261 
Group02_02.txt
885 
Group02_04.txt
85 326 500 
Group02_05.txt
30 122 202 365 523 625 
Group02_07.txt
62 710 
Group02_08.txt
149 376 532 
Group02_09.txt
122 443 
Group02_11.txt
309 778 
Group02_12.txt
18 958 1061 
Group02_13.txt
969 
Group02_14.txt
931 
Group02_15.txt
330 
Group02_16.txt
208 791 
Group02_17.txt
566 
Group02_18.txt
244 316 449 515 786 1001 1022 1303 2114 
Group02_19.txt
577 627 822 1128 
Group02_20.txt
1170 2493 
Group02_21.txt
1171 1365 1420 1641 1742 1765 2491 
Group02_22.txt
531 606 2885 3702 
Group02_24.txt
474 
Group02_25.txt
410 790 814 843 928 
Group02_27.txt
640 1718 
Group02_28.txt
1012 1592 1642 1667 
Group02_29.txt
50 1301 1312 
Group02_31.txt
840 1358 1879 2057 2830 2963 
Group02_32.txt
389 745 878 893 1004 2156 
Group02_33.txt
1405 2411 3178 
Group02_36.txt
570 924 967 
Group02_37.txt
1181 
Group02_38.txt
64 364 1524 2199 3303 3549 
Group02_40.txt
42 1681 
Group02_42.txt
247 
Group02_43.txt
691 698 724 
Group02_44.txt
1453 
Group02_45.txt
160 
Group02_47.txt
8 63 1441 
Group02_48.txt
2308 2322 
Group02_50.txt
1138 
Group03_01.txt
28 328 344 376 
Group03_02.txt
409 718 
Group03_03.txt
221 
Group03_04.txt
20 478 1198 1281 1420 1514 1555 1562 1567 1671 1677 1954 
Group03_05.txt
903 
Group03_06.txt
754 1123 1313 1933 2342 2514 
Group03_07.txt
894 901 1119 1859 2101 2541 
Group03_09.txt
891 918 
Group03_10.txt
74 217 322 
Group03_11.txt
374 594 863 
Group03_12.txt
96 255 875 
Group03_13.txt
676 1296 
Group03_14.txt
74 97 1161 1209 
Group03_15.txt
316 452 
Group03_16.txt
148 
Group03_17.txt
199 257 305 688 
Group03_19.txt
74 215 223 498 851 911 
Group03_20.txt
108 127 
Group03_21.txt
176 321 760 1600 1716 
Group03_22.txt
32 358 627 649 664 
Group03_23.txt
32 55 167 225 539 570 583 726 
Group03_24.txt
88 289 308 501 601 1634 
Group03_25.txt
452 
Group03_26.txt
652 798 1308 1315 1535 1538 1541 1545 1606 
Group03_29.txt
454 936 957 1976 2087 2098 2120 2130 
Group03_30.txt
1138 
Group03_32.txt
39 48 673 783 1158 1441 
Group03_33.txt
19 827 
Group03_34.txt
441 1509 1810 1944 2325 2599 
Group03_35.txt
705 817 946 992 1056 1081 1097 
Group03_36.txt
8 259 1051 1402 1410 
Group03_37.txt
327 960 978 2146 
Group03_38.txt
97 829 
Group03_39.txt
22 31 656 766 
Group03_40.txt
806 
Group03_41.txt
16 156 210 
Group03_42.txt
438 929 950 
Group03_43.txt
76 218 
Group03_44.txt
1499 
Group03_45.txt
147 
Group03_46.txt
527 
Group03_47.txt
57 222 538 
Group03_48.txt
489 570 659 705 
Group03_49.txt
57 241 391 
Group03_50.txt
453 535 553 
Group04_01.txt
613 793 812 823 933 
Group04_02.txt
342 408 463 
Group04_04.txt
185 500 
Group04_05.txt
407 477 
Group04_06.txt
778 782 
Group04_07.txt
31 271 400 588 961 974 
Group04_09.txt
166 383 388 451 467 
Group04_10.txt
44 466 593 735 743 780 999 1070 1111 
Group04_11.txt
307 
Group04_12.txt
332 450 571 
Group04_13.txt
28 288 506 748 785 803 882 899 
Group04_14.txt
188 284 360 558 
Group04_15.txt
215 224 431 715 
Group04_16.txt
6 115 414 
Group04_17.txt
419 438 451 610 761 868 879 923 954 
Group04_18.txt
533 
Group04_19.txt
485 
Group04_20.txt
170 239 293 349 
Group04_21.txt
243 390 586 656 
Group04_22.txt
120 254 267 379 400 420 576 
Group04_23.txt
275 
Group04_24.txt
142 316 345 549 614 662 678 
Group04_26.txt
183 808 
Group04_27.txt
606 663 775 
Group04_28.txt
659 
Group04_29.txt
327 
Group04_30.txt
1039 
Group04_31.txt
281 
Group04_32.txt
159 486 
Group04_33.txt
293 
Group04_34.txt
503 656 761 
Group04_35.txt
504 
Group04_36.txt
651 
Group04_37.txt
259 275 283 292 304 312 321 
Group04_38.txt
4 36 59 354 466 
Group04_39.txt
177 269 
Group04_41.txt
376 674 1133 
Group04_42.txt
7 270 
Group04_43.txt
99 382 492 689 
Group04_44.txt
52 135 145 162 177 188 263 412 526 603 
Group04_45.txt
360 
Group04_46.txt
511 635 670 682 701 800 
Group04_49.txt
5 593 
Group04_50.txt
99 124 199 
Group05_02.txt
86 266 354 365 687 881 
Group05_04.txt
299 595 669 869 
Group05_05.txt
254 
Group05_07.txt
257 
Group05_09.txt
43 102 
Group05_10.txt
219 
Group05_11.txt
487 
Group05_13.txt
397 785 1063 
Group05_14.txt
379 
Group05_16.txt
523 789 
Group05_17.txt
26 33 571 
Group05_18.txt
36 400 
Group05_20.txt
110 719 1095 
Group05_21.txt
484 599 
Group05_22.txt
156 
Group05_23.txt
883 
Group05_24.txt
136 473 507 542 599 
Group05_25.txt
657 951 
Group05_26.txt
622 639 673 
Group05_27.txt
147 664 800 830 844 934 1211 
Group05_28.txt
60 161 496 
Group05_30.txt
581 610 691 713 
Group05_40.txt
455 
Group05_42.txt
193 
Group05_43.txt
85 
Group05_44.txt
33 458 
Group05_45.txt
68 526 547 1061 1095 1220 
Group05_46.txt
197 236 
Group05_48.txt
3 136 353 400 
Group06_02.txt
136 
Group06_03.txt
17 36 557 593 
Group06_04.txt
71 277 736 
Group06_06.txt
315 
Group06_08.txt
125 
Group06_11.txt
574 619 
Group06_12.txt
209 
Group06_15.txt
256 
Group06_16.txt
804 
Group06_17.txt
228 351 391 405 497 555 
Group06_18.txt
5 60 
Group06_19.txt
118 163 172 626 
Group06_20.txt
93 115 147 
Group06_21.txt
379 681 
Group06_22.txt
365 
Group06_23.txt
274 633 664 
Group06_26.txt
244 323 
Group06_30.txt
484 
Group06_31.txt
228 351 391 405 497 555 
Group06_32.txt
34 
Group06_34.txt
199 396 441 
Group06_36.txt
404 
Group06_39.txt
27 168 297 
Group06_45.txt
646 
Group06_47.txt
182 
Group06_48.txt
286 489 
Group06_49.txt
68 88 164 451 499 568 
Group06_50.txt
221 437 544 
Group07_01.txt
609 880 
Group07_02.txt
105 136 248 318 529 548 841 851 
Group07_03.txt
107 494 503 570 588 1145 2687 
Group07_04.txt
132 326 335 
Group07_05.txt
6 160 535 
Group07_06.txt
261 
Group07_07.txt
223 295 446 522 954 
Group07_08.txt
117 
Group07_09.txt
457 520 577 582 638 
Group07_10.txt
30 186 303 316 593 
Group07_11.txt
4 54 140 157 379 390 414 517 
Group07_12.txt
276 720 884 1020 
Group07_13.txt
151 244 424 
Group07_14.txt
544 
Group07_15.txt
567 
Group07_16.txt
328 360 
Group07_17.txt
221 539 580 
Group07_18.txt
2 114 986 1294 
Group07_20.txt
226 384 450 
Group07_21.txt
136 143 233 602 882 
Group07_22.txt
208 
Group07_23.txt
402 
Group07_24.txt
437 1040 1576 1943 
Group07_25.txt
189 
Group07_27.txt
563 
Group07_28.txt
391 424 517 523 
Group07_29.txt
8 164 185 406 
Group07_30.txt
736 825 945 
Group07_31.txt
149 271 440 694 765 781 1081 1194 1245 1643 1652 1897 
Group07_32.txt
97 279 363 498 
Group07_33.txt
7 104 131 179 296 470 492 
Group07_34.txt
135 520 527 654 662 684 
Group07_35.txt
203 336 
Group07_36.txt
353 357 510 565 644 697 768 1309 
Group07_37.txt
582 612 1477 1588 1698 
Group07_38.txt
259 396 598 1230 1241 1501 1566 1582 1595 1872 
Group07_39.txt
111 164 349 450 461 518 
Group07_40.txt
5 64 132 148 183 274 305 325 343 364 373 380 444 458 472 529 548 556 591 595 631 653 659 665 696 735 744 815 820 827 
Group07_41.txt
173 178 211 433 
Group07_42.txt
70 215 291 493 563 
Group07_43.txt
102 265 380 
Group07_44.txt
560 
Group07_45.txt
161 312 468 
Group07_46.txt
116 
Group07_48.txt
49 191 239 360 418 498 616 674 683 767 1100 1160 
Group07_49.txt
589 2062 2556 2582 
Group07_50.txt
147 645 
Group08_01.txt
114 
Group08_03.txt
24 94 132 176 225 576 
Group08_04.txt
53 106 276 446 473 
Group08_09.txt
418 750 
Group08_10.txt
213 
Group08_11.txt
438 441 508 
Group08_12.txt
942 
Group08_13.txt
1021 1103 
Group08_15.txt
461 513 
Group08_16.txt
223 246 312 374 404 478 537 1123 1641 
Group08_17.txt
72 152 226 278 
Group08_18.txt
680 
Group08_19.txt
351 557 
Group08_20.txt
424 439 1007 
Group08_22.txt
302 533 
Group08_23.txt
53 106 276 446 473 
Group08_24.txt
664 761 
Group08_25.txt
512 534 1194 1286 
Group08_27.txt
350 433 
Group08_29.txt
74 722 
Group08_35.txt
114 
Group08_38.txt
204 
Group08_39.txt
244 302 323 337 388 
Group08_41.txt
223 
Group08_43.txt
325 533 
Group08_50.txt
72 299 
Group09_01.txt
103 456 574 
Group09_02.txt
401 425 
Group09_03.txt
3 19 508 
Group09_04.txt
232 236 408 513 
Group09_07.txt
467 502 715 807 
Group09_09.txt
319 521 
Group09_10.txt
180 568 713 777 
Group09_11.txt
229 
Group09_12.txt
101 
Group09_14.txt
500 
Group09_15.txt
130 
Group09_16.txt
147 
Group09_17.txt
19 
Group09_18.txt
527 
Group09_19.txt
262 436 
Group09_21.txt
1011 1073 
Group09_22.txt
200 296 374 573 
Group09_24.txt
292 
Group09_25.txt
443 498 
Group09_26.txt
320 494 505 
Group09_27.txt
34 44 
Group09_29.txt
93 275 494 
Group09_30.txt
243 522 
Group09_31.txt
572 
Group09_32.txt
32 302 
Group09_33.txt
50 66 279 291 501 
Group09_34.txt
424 506 
Group09_35.txt
58 209 397 450 
Group09_36.txt
35 272 522 
Group09_37.txt
15 39 301 1235 
Group09_40.txt
565 647 737 
Group09_41.txt
48 154 354 
Group09_42.txt
150 
Group09_43.txt
141 
Group09_45.txt
314 617 
Group09_46.txt
60 326 365 
Group09_49.txt
306 385 
Group09_50.txt
27 59 
Group10_01.txt
747 
Group10_04.txt
40 85 237 392 
Group10_05.txt
447 674 
Group10_06.txt
30 289 338 430 
Group10_08.txt
148 175 
Group10_09.txt
553 735 929 982 
Group10_10.txt
922 
Group10_11.txt
413 888 
Group10_12.txt
93 595 722 
Group10_13.txt
186 273 
Group10_14.txt
466 540 
Group10_15.txt
426 434 
Group10_16.txt
28 740 
Group10_17.txt
77 
Group10_18.txt
93 750 758 
Group10_19.txt
62 398 
Group10_20.txt
382 657 
Group10_21.txt
125 127 
Group10_24.txt
585 900 986 1088 1150 
Group10_25.txt
185 1081 1153 
Group10_27.txt
751 1030 1044 
Group10_28.txt
24 44 612 971 1003 1036 
Group10_29.txt
294 
Group10_31.txt
142 
Group10_32.txt
337 441 509 
Group10_33.txt
453 582 588 
Group10_34.txt
219 
Group10_35.txt
1057 1668 
Group10_36.txt
38 186 
Group10_37.txt
304 314 478 
Group10_38.txt
169 
Group10_39.txt
311 316 400 999 
Group10_41.txt
426 447 
Group10_42.txt
77 107 700 
Group10_43.txt
321 356 710 
Group10_44.txt
254 592 709 
Group10_45.txt
456 
Group10_46.txt
226 331 354 
Group10_47.txt
4 97 220 563 620 
Group10_48.txt
244 
Group10_49.txt
322 807 
Group10_50.txt
64 163 222 391 410 
Group11-01.txt
398 739 
Group11-02.txt
207 229 510 600 
Group11-03.txt
370 401 412 
Group11-04.txt
310 584 
Group11-05.txt
1393 1468 1521 1627 2008 2255 
Group11-06.txt
424 
Group11-07.txt
563 
Group11-10.txt
559 
Group11-12.txt
314 677 
Group11-13.txt
219 497 
Group11-14.txt
147 262 335 519 548 670 716 894 1007 1075 1179 
Group11-15.txt
479 504 605 813 1300 1497 1517 1529 1741 1766 2053 2385 
Group11-16.txt
278 667 804 810 827 1254 1505 2118 2134 2270 2288 2456 2469 2518 2747 2926 3234 3240 
Group11-17.txt
52 275 
Group11-18.txt
56 155 424 470 
Group11-19.txt
693 703 
Group11-20.txt
94 201 205 237 675 681 703 711 856 876 909 1128 
Group11-21.txt
156 183 
Group11-22.txt
703 
Group11-23.txt
551 585 
Group11-24.txt
23 103 145 695 871 878 881 1104 1134 1141 1429 1668 1812 1820 1892 1931 1958 2346 2366 
Group11-25.txt
187 517 560 
Group11-27.txt
129 
Group11-28.txt
230 
Group11-31.txt
290 
Group11-32.txt
442 451 
Group11-33.txt
316 607 
Group11-35.txt
80 121 278 379 
Group11-37.txt
75 
Group11-38.txt
28 71 
Group11-39.txt
242 256 575 
Group11-40.txt
567 
Group11-42.txt
81 586 
Group11-44.txt
153 
Group11-45.txt
1096 
Group11-46.txt
25 116 307 353 418 
Group11-47.txt
713 
Group11-50.txt
233 621 667 902 918 
Group12_01.txt
1436 
Group12_02.txt
1360 1429 1480 1738 2007 
Group12_03.txt
1324 
Group12_04.txt
1091 1991 2139 
Group12_06.txt
132 828 880 927 1024 1330 
Group12_07.txt
486 812 889 
Group12_08.txt
167 491 496 
Group12_09.txt
443 476 771 
Group12_10.txt
215 250 301 
Group12_11.txt
568 
Group12_12.txt
568 
Group12_13.txt
573 1270 1384 1978 
Group12_14.txt
610 986 
Group12_19.txt
10 470 1055 1145 
Group12_20.txt
344 
Group12_21.txt
369 
Group12_22.txt
733 
Group12_23.txt
586 
Group12_24.txt
641 
Group12_26.txt
202 293 381 577 760 768 1209 1578 
Group12_28.txt
352 392 617 640 
Group12_30.txt
469 603 
Group12_32.txt
74 494 
Group12_34.txt
109 
Group12_35.txt
253 327 
Group12_36.txt
18 41 194 
Group12_39.txt
257 
Group12_42.txt
477 901 1141 1265 1294 1456 
Group12_46.txt
409 749 
Group12_49.txt
145 1449 1459 2045 2153 2182 2658 
Group13_01.txt
509 
Group13_02.txt
386 679 861 1010 1139 1265 1279 1390 2087 2092 2102 2113 2123 2128 2377 2407 
Group13_03.txt
23 83 
Group13_04.txt
617 979 1024 
Group13_05.txt
447 491 558 615 860 914 1041 1212 1570 1579 1786 
Group13_06.txt
12 265 342 504 661 919 1006 1013 1495 1534 1780 2216 2409 2444 2686 
Group13_08.txt
703 
Group13_09.txt
317 941 1753 1917 
Group13_10.txt
365 
Group13_11.txt
14 209 264 288 434 
Group13_12.txt
372 
Group13_14.txt
108 465 518 
Group13_15.txt
436 
Group13_17.txt
21 188 404 418 428 537 589 639 688 
Group13_18.txt
193 357 
Group13_19.txt
383 
Group13_20.txt
142 338 348 652 
Group13_21.txt
54 187 857 988 1086 1162 1303 1323 1405 1742 1752 1914 2073 
Group13_22.txt
450 3026 3267 3863 4462 4750 5738 6300 6924 7897 7964 9356 9877 10157 12058 12078 12090 12249 12272 12385 12483 12938 13345 13375 13488 14095 14801 15055 15058 15276 15623 15873 16455 16466 16508 
Group13_23.txt
115 371 526 870 974 1073 1244 1537 1812 2633 2702 2862 2911 2992 3180 3265 3279 3679 
Group13_24.txt
640 1305 1544 1818 1940 3998 4291 4301 4608 5197 
Group13_25.txt
53 189 216 335 596 736 760 828 916 1298 1379 1518 1654 1715 2013 2553 2558 
Group13_26.txt
720 1749 2677 2709 3049 3237 3547 4912 5165 5181 6579 7671 7682 8733 9602 9793 
Group13_27.txt
561 846 1096 1252 2463 2534 2789 3014 3150 3159 3316 3359 
Group13_28.txt
452 530 663 2175 3337 
Group13_29.txt
703 1434 2432 3339 4358 4494 4567 5302 5492 
Group13_30.txt
230 634 832 905 1177 1530 1649 1981 2440 2755 2961 3386 4092 
Group13_31.txt
256 
Group13_32.txt
1159 
Group13_33.txt
1540 
Group13_35.txt
21 99 127 385 475 
Group13_36.txt
281 831 1315 1336 1345 1357 1397 
Group13_37.txt
668 676 793 1620 
Group13_38.txt
6 10 63 223 448 478 482 495 598 607 629 644 963 984 1017 1093 1116 1133 1361 1374 1498 
Group13_39.txt
232 948 1666 
Group13_40.txt
590 637 1045 
Group13_41.txt
44 224 359 392 539 571 576 1060 1074 1255 1555 1577 
Group13_42.txt
93 883 1257 
Group13_44.txt
73 183 503 514 579 590 841 953 1023 1221 1294 1311 1552 1565 1753 1766 1799 2005 2045 2276 2348 2801 3081 3180 3286 3434 3562 3645 3770 3811 
Group13_45.txt
73 733 865 962 1094 1475 
Group13_46.txt
703 928 940 1322 1887 2167 2171 
Group13_47.txt
1299 
Group13_48.txt
874 
Group13_49.txt
144 236 870 1214 1572 1605 1828 
Group13_50.txt
834 868 1336 
Group14_04.txt
154 258 285 405 
Group14_06.txt
32 296 
Group14_07.txt
242 
Group14_08.txt
92 268 340 
Group14_10.txt
251 
Group14_12.txt
107 
Group14_14.txt
360 
Group14_15.txt
505 
Group14_16.txt
16 88 262 306 392 404 
Group14_18.txt
120 
Group14_19.txt
653 660 
Group14_20.txt
383 
Group14_21.txt
151 204 256 395 483 
Group14_22.txt
478 484 
Group14_23.txt
146 178 448 
Group14_25.txt
302 460 
Group14_26.txt
281 933 941 
Group14_27.txt
830 
Group14_28.txt
259 373 461 934 
Group14_30.txt
356 363 435 776 
Group14_31.txt
798 
Group14_33.txt
537 585 
Group14_35.txt
461 
Group14_38.txt
450 467 483 878 
Group14_39.txt
363 455 645 
Group14_41.txt
14 66 727 
Group14_42.txt
56 127 
Group14_46.txt
14 
Group14_47.txt
595 
Group14_49.txt
733 
Group14_50.txt
475 690 709 
