Group01_25.txt
551 
Group02_30.txt
205 277 347 378 434 522 528 601 653 716 906 943 1018 1040 1073 1094 1109 1210 1482 1509 1541 
Group03_30.txt
971 
Group04_42.txt
391 
Group05_33.txt
143 
Group06_34.txt
473 
Group08_07.txt
149 
Group08_13.txt
605 
Group09_28.txt
263 
Group09_29.txt
309 
Group10_02.txt
108 
Group10_15.txt
560 
Group10_26.txt
108 
Group10_28.txt
315 401 512 656 715 1038 
Group11-11.txt
327 
Group11-27.txt
70 
Group12_40.txt
412 
Group12_49.txt
1827 1913 
Group13_22.txt
1297 1434 2891 2974 3606 4772 9773 12902 
Group13_25.txt
2153 
Group13_27.txt
2847 
Group13_29.txt
2065 2170 2929 
Group13_31.txt
167 
Group14_14.txt
168 
Group14_20.txt
172 
Group14_37.txt
199 
