Group01_20.txt
300 449 518 
Group02_03.txt
980 
Group02_31.txt
1351 1470 
Group02_32.txt
556 560 
Group03_34.txt
4 185 285 740 1042 1193 1350 1929 2051 2054 2762 
Group05_23.txt
260 
Group05_32.txt
356 
Group05_39.txt
8 95 121 170 195 234 
Group10_33.txt
0 19 65 312 369 418 489 550 654 660 700 750 778 796 820 905 981 1001 1084 1143 1218 1456 1584 1631 1661 1694 
Group10_38.txt
150 202 217 661 724 775 868 899 917 1093 1176 
Group14_37.txt
796 
Group14_38.txt
828 
Group14_39.txt
454 
Group14_41.txt
745 976 
Group14_49.txt
642 
