Group03_17.txt
53 262 
Group03_19.txt
86 214 222 269 389 568 673 786 
Group03_23.txt
361 
Group07_27.txt
569 
Group07_29.txt
101 
Group07_30.txt
177 196 429 878 930 
Group07_37.txt
1334 
Group07_39.txt
83 339 
Group07_44.txt
64 493 513 520 
Group08_21.txt
251 455 536 
Group10_21.txt
640 
Group11-14.txt
42 79 
Group11-15.txt
36 216 
Group11-16.txt
117 237 1061 1181 1468 1828 2981 
Group11-22.txt
167 456 536 900 
Group11-23.txt
29 229 308 833 
Group11-24.txt
1074 1098 1473 1640 1786 1860 2315 
Group11-25.txt
573 
Group11-26.txt
29 96 153 183 201 
Group13_07.txt
64 
Group13_32.txt
49 265 343 372 680 933 
Group13_37.txt
42 288 
Group13_50.txt
439 839 
