Group01_12.txt
104 
Group02_03.txt
978 
Group02_04.txt
230 
Group02_07.txt
399 
Group02_18.txt
3 18 36 40 85 135 164 197 226 245 395 576 727 783 799 853 967 1146 1199 1426 1435 1467 1533 1555 1577 1624 1647 1861 1972 1987 2043 2115 2363 2402 2425 2646 2826 3038 3081 
Group02_19.txt
841 851 
Group02_22.txt
778 782 828 887 914 942 1012 1109 1151 1163 2324 
Group02_23.txt
124 1588 
Group02_25.txt
976 1019 
Group02_28.txt
62 
Group02_29.txt
650 
Group02_30.txt
3645 3673 3925 3985 4153 4182 4391 
Group02_32.txt
91 123 250 269 343 1329 1812 2255 2684 2694 
Group02_33.txt
520 601 646 
Group02_35.txt
270 305 
Group02_36.txt
4 44 81 130 163 
Group02_37.txt
205 261 935 939 941 954 985 988 1004 1043 1050 1071 1076 1212 1233 
Group02_39.txt
266 271 293 311 343 457 
Group02_40.txt
9 348 
Group02_46.txt
2 23 185 1629 1686 2169 
Group02_48.txt
4 8 
Group02_49.txt
4 29 34 121 149 525 541 619 691 737 740 884 2091 2108 2142 2669 3714 3800 3806 3851 3903 4038 4169 4217 
Group02_50.txt
1924 
Group03_48.txt
216 244 531 
Group05_11.txt
356 
Group05_26.txt
48 349 
Group06_16.txt
227 989 1136 
Group06_33.txt
271 
Group06_43.txt
53 174 204 400 411 685 
Group10_33.txt
1165 
Group10_38.txt
731 946 
