Group02_07.txt
416 
Group02_18.txt
31 56 115 126 256 271 279 295 300 336 359 412 468 495 528 541 553 609 656 684 880 895 931 998 1029 1033 1113 1151 1160 1182 1192 1206 1274 1337 1343 1403 1446 1457 1479 1510 1584 1637 1654 1760 1782 1793 1803 1819 1853 2100 2105 2272 2314 2379 2615 2632 2638 2665 2689 2752 2811 2828 2908 2952 3015 
Group02_19.txt
373 
Group02_20.txt
264 508 513 1566 3180 4158 
Group02_21.txt
168 2664 
Group02_22.txt
932 973 983 992 1045 1057 1076 1878 1890 1904 2350 2564 2759 2850 2893 
Group02_23.txt
595 597 
Group02_25.txt
1182 
Group02_29.txt
665 1147 1158 1184 
Group02_30.txt
81 735 1416 1473 1617 2873 2989 3452 3702 3739 3758 3851 3929 3940 4058 4432 
Group02_31.txt
2104 2919 
Group02_32.txt
113 115 195 219 234 305 320 367 406 418 427 432 444 448 526 544 571 591 1034 1065 1093 1118 1141 1154 1216 1230 1311 1315 1354 1367 1433 1445 1815 1827 1833 1989 1998 2008 2055 2057 2081 2119 2132 2150 2162 2192 2276 2357 2382 2413 2428 2502 2509 2584 2621 2635 2650 2662 2670 
Group02_33.txt
248 328 553 587 655 2018 2414 2457 3216 3230 3278 3296 3324 
Group02_34.txt
1361 1377 
Group02_35.txt
4 232 317 320 328 358 395 456 570 573 637 692 903 915 
Group02_36.txt
186 216 512 628 668 1223 1323 1622 
Group02_37.txt
971 1104 1157 1171 1231 1259 1277 1379 1506 
Group02_38.txt
2281 3086 
Group02_39.txt
357 491 593 773 1076 1147 1237 1259 
Group02_40.txt
31 120 450 1028 1241 1572 2305 
Group02_41.txt
24 
Group02_43.txt
322 686 778 781 1242 
Group02_44.txt
1532 
Group02_46.txt
841 1032 1200 1303 1337 1603 1638 1668 1692 2197 2227 2520 2529 2533 
Group02_47.txt
0 392 
Group02_48.txt
180 1481 
Group02_49.txt
67 96 138 888 912 939 945 971 1000 1042 1087 1096 1139 1363 1376 1429 1473 1523 1589 1613 1637 1679 1687 1771 1868 1885 1888 1939 1986 2019 2231 2270 2290 2444 2458 2482 2511 2540 2581 2602 2615 2642 2661 2849 2861 3041 3055 3069 3078 3094 3109 3189 3199 3208 3213 3231 3269 3302 3331 3355 3373 3377 3382 3445 3489 3528 3538 3554 3599 3630 3635 3684 3695 3882 3929 3979 4005 4015 4022 4077 4106 4124 4137 4183 4194 4197 4230 4245 4290 4308 
Group02_50.txt
10 19 43 1070 1115 1175 1232 1402 1411 
Group03_48.txt
457 
Group04_46.txt
1091 
Group05_14.txt
733 
Group06_10.txt
70 282 316 
Group06_15.txt
0 10 53 82 158 271 297 466 494 632 808 
Group06_32.txt
331 337 
Group06_33.txt
285 
Group06_35.txt
9 22 102 164 167 359 362 376 533 
Group06_40.txt
228 
Group06_43.txt
331 
Group06_46.txt
348 419 
Group06_50.txt
378 532 
Group10_05.txt
149 421 
Group12_39.txt
4 38 150 240 265 529 
