Group01_01.txt
249 265 
Group01_03.txt
72 404 
Group01_05.txt
30 
Group01_06.txt
579 897 989 
Group01_07.txt
16 564 
Group01_08.txt
243 290 
Group01_09.txt
51 180 630 
Group01_10.txt
61 288 
Group01_11.txt
279 591 764 790 
Group01_12.txt
708 
Group01_14.txt
53 
Group01_15.txt
6 
Group01_16.txt
129 216 259 
Group01_18.txt
74 
Group01_19.txt
375 
Group01_20.txt
465 
Group01_21.txt
118 411 
Group01_22.txt
434 
Group01_23.txt
100 
Group01_26.txt
249 677 
Group01_28.txt
370 
Group01_29.txt
112 231 
Group01_33.txt
791 
Group01_34.txt
0 136 
Group01_35.txt
312 
Group01_38.txt
117 409 
Group01_41.txt
95 
Group01_43.txt
305 
Group01_45.txt
37 
Group01_47.txt
236 286 
Group02_02.txt
151 
Group02_03.txt
104 778 
Group02_04.txt
30 89 727 
Group02_05.txt
52 682 
Group02_06.txt
630 
Group02_07.txt
709 
Group02_08.txt
179 247 321 457 
Group02_09.txt
390 594 
Group02_10.txt
328 382 394 772 992 1039 
Group02_11.txt
32 731 
Group02_12.txt
626 987 
Group02_13.txt
246 495 669 677 681 
Group02_14.txt
539 
Group02_15.txt
43 266 
Group02_17.txt
773 
Group02_18.txt
479 502 555 862 1348 1395 1940 1982 
Group02_19.txt
942 1272 1561 1624 1641 
Group02_20.txt
157 580 1238 1278 1406 1489 1571 1599 1649 1659 1684 1694 1731 1753 1897 2186 2217 2287 2499 2912 3451 3609 3786 
Group02_21.txt
403 1552 1782 2784 2851 
Group02_22.txt
430 1845 2745 2846 2971 3013 3161 3173 3196 
Group02_23.txt
184 351 408 423 436 455 475 521 880 1226 1259 
Group02_24.txt
1222 
Group02_25.txt
471 917 957 1023 
Group02_26.txt
73 182 459 840 
Group02_27.txt
215 
Group02_28.txt
250 324 352 370 706 739 1554 1609 2066 
Group02_29.txt
1104 1107 
Group02_30.txt
182 526 616 680 685 911 1078 1201 1253 1379 1626 1643 1761 1844 1990 2041 2291 2581 3087 3122 3606 4107 
Group02_31.txt
238 325 442 981 1399 1677 1749 2360 2384 
Group02_32.txt
317 327 1045 1296 1416 1453 1483 1977 
Group02_33.txt
58 331 355 389 400 413 442 1049 1076 1333 1368 1461 1907 2671 2997 3059 3183 
Group02_34.txt
39 590 993 
Group02_35.txt
128 510 894 
Group02_36.txt
78 161 603 613 857 
Group02_37.txt
148 314 615 721 769 884 1287 1290 
Group02_38.txt
495 923 933 956 983 1006 1520 2718 3257 3263 3399 3471 
Group02_39.txt
192 249 475 581 932 1214 1519 
Group02_40.txt
263 742 750 780 1137 1147 1478 1485 1554 1615 1764 2151 
Group02_41.txt
215 371 505 590 593 900 917 965 1130 1326 1433 1452 1517 1643 
Group02_42.txt
282 465 549 568 
Group02_43.txt
66 280 574 1158 
Group02_44.txt
168 201 1337 
Group02_45.txt
159 272 571 1113 1217 
Group02_46.txt
34 63 246 306 499 644 762 867 2079 2219 
Group02_47.txt
244 328 340 1069 1233 1291 1297 1315 1369 
Group02_48.txt
615 1162 1273 1411 1530 1770 2362 2400 2633 2643 2724 2892 2908 
Group02_49.txt
218 278 305 538 616 690 725 800 1121 1533 1981 2159 3659 3712 3799 3820 3850 3855 3958 
Group02_50.txt
276 914 1101 1994 2007 
Group03_02.txt
243 472 561 
Group03_03.txt
211 330 503 767 919 
Group03_04.txt
141 147 560 722 734 1033 1107 1138 1548 1714 1849 1896 2059 2220 2223 
Group03_05.txt
272 545 683 
Group03_06.txt
315 1084 1394 1617 2618 2704 
Group03_07.txt
174 1033 1101 1370 2024 
Group03_08.txt
309 478 
Group03_09.txt
395 
Group03_10.txt
37 
Group03_11.txt
886 
Group03_12.txt
260 300 1246 1306 
Group03_13.txt
90 1090 1295 
Group03_14.txt
808 1061 
Group03_15.txt
393 451 541 
Group03_16.txt
197 564 
Group03_17.txt
590 798 
Group03_18.txt
389 479 966 1060 
Group03_19.txt
815 
Group03_20.txt
284 393 
Group03_21.txt
717 
Group03_22.txt
495 701 817 922 1033 
Group03_23.txt
328 625 
Group03_24.txt
46 394 397 607 647 1237 1335 1364 1410 1701 1752 
Group03_25.txt
401 772 801 
Group03_26.txt
366 878 1046 1146 1168 1386 1397 
Group03_27.txt
1035 1071 1178 1760 
Group03_28.txt
446 757 
Group03_29.txt
413 625 675 838 1926 
Group03_30.txt
629 784 1484 
Group03_31.txt
23 587 766 887 1464 2156 2403 2430 2589 2807 
Group03_32.txt
325 358 403 432 703 
Group03_33.txt
40 445 677 737 964 
Group03_34.txt
472 585 622 1294 1338 1553 1567 2151 2833 
Group03_35.txt
230 341 624 715 769 999 1169 1193 1229 1311 
Group03_36.txt
348 434 474 590 712 963 
Group03_37.txt
71 307 409 810 907 1219 1270 1555 1616 2203 
Group03_38.txt
76 217 916 956 1046 
Group03_39.txt
308 341 386 415 686 
Group03_40.txt
19 424 656 716 943 
Group03_42.txt
397 615 665 828 
Group03_43.txt
576 
Group03_44.txt
1191 
Group03_45.txt
69 
Group03_47.txt
61 504 615 628 
Group03_48.txt
228 698 
Group03_49.txt
609 766 
Group03_50.txt
35 885 1055 1270 1384 1408 1595 
Group04_01.txt
241 578 716 
Group04_07.txt
1175 
Group04_08.txt
254 351 
Group04_09.txt
47 
Group04_10.txt
654 791 
Group04_14.txt
118 
Group04_15.txt
1086 1094 
Group04_20.txt
299 
Group04_21.txt
276 
Group04_22.txt
308 437 444 504 506 508 512 
Group04_23.txt
32 428 640 
Group04_25.txt
644 
Group04_26.txt
309 597 
Group04_27.txt
220 418 613 682 811 
Group04_29.txt
122 160 259 
Group04_30.txt
27 108 235 253 263 462 600 
Group04_31.txt
19 
Group04_32.txt
213 
Group04_33.txt
586 
Group04_35.txt
195 306 
Group04_36.txt
176 191 452 798 
Group04_37.txt
241 473 
Group04_38.txt
237 508 
Group04_39.txt
237 347 359 474 911 924 
Group04_40.txt
198 
Group04_41.txt
538 
Group04_43.txt
150 775 
Group04_44.txt
372 401 671 
Group04_45.txt
200 
Group04_46.txt
44 280 461 
Group04_47.txt
603 
Group04_48.txt
273 
Group04_49.txt
398 437 444 
Group05_02.txt
1096 1102 
Group05_04.txt
643 
Group05_06.txt
771 869 991 
Group05_08.txt
310 
Group05_10.txt
541 
Group05_11.txt
306 
Group05_13.txt
676 923 1249 
Group05_14.txt
455 776 
Group05_16.txt
166 
Group05_17.txt
585 
Group05_18.txt
165 235 
Group05_20.txt
215 555 971 
Group05_21.txt
395 459 903 
Group05_22.txt
465 
Group05_23.txt
11 192 451 1225 
Group05_24.txt
82 595 
Group05_25.txt
511 552 
Group05_26.txt
674 
Group05_27.txt
1210 
Group05_28.txt
44 
Group05_31.txt
43 86 
Group05_32.txt
774 846 
Group05_35.txt
125 
Group05_36.txt
178 
Group05_37.txt
106 
Group05_38.txt
70 369 
Group05_39.txt
239 
Group05_43.txt
160 
Group05_44.txt
35 1133 
Group05_45.txt
58 452 818 938 
Group05_48.txt
373 
Group05_49.txt
535 
Group06_01.txt
63 
Group06_02.txt
40 432 491 
Group06_03.txt
761 
Group06_04.txt
320 
Group06_05.txt
339 434 677 
Group06_07.txt
242 468 
Group06_08.txt
471 
Group06_09.txt
563 
Group06_10.txt
338 
Group06_11.txt
159 
Group06_12.txt
495 
Group06_13.txt
498 
Group06_15.txt
237 674 764 767 877 
Group06_18.txt
32 309 671 679 
Group06_19.txt
320 593 
Group06_20.txt
114 
Group06_21.txt
753 
Group06_22.txt
63 
Group06_26.txt
660 
Group06_28.txt
288 574 
Group06_29.txt
136 
Group06_30.txt
185 560 
Group06_32.txt
78 310 586 
Group06_33.txt
264 
Group06_34.txt
53 523 
Group06_35.txt
300 
Group06_37.txt
440 
Group06_38.txt
293 
Group06_39.txt
30 
Group06_40.txt
471 
Group06_41.txt
175 204 
Group06_42.txt
126 530 
Group06_44.txt
767 
Group06_46.txt
315 
Group06_47.txt
308 
Group07_01.txt
788 
Group07_02.txt
69 
Group07_03.txt
11 174 215 543 735 825 977 1144 1794 2144 2155 2358 2539 
Group07_04.txt
162 574 
Group07_05.txt
5 526 600 
Group07_06.txt
278 432 596 
Group07_07.txt
356 719 986 
Group07_08.txt
74 85 157 167 197 263 383 
Group07_09.txt
475 
Group07_10.txt
241 512 
Group07_11.txt
402 
Group07_12.txt
291 837 
Group07_13.txt
183 268 
Group07_14.txt
86 133 496 
Group07_16.txt
199 364 454 600 800 
Group07_17.txt
230 563 
Group07_18.txt
31 223 231 257 369 694 771 852 1155 
Group07_19.txt
53 145 
Group07_20.txt
202 
Group07_21.txt
54 67 141 298 
Group07_22.txt
199 
Group07_23.txt
90 401 
Group07_24.txt
58 74 731 971 1050 1292 1521 1596 1892 2115 2132 
Group07_25.txt
478 
Group07_26.txt
310 326 348 359 418 651 
Group07_27.txt
562 
Group07_28.txt
83 
Group07_29.txt
77 111 405 
Group07_30.txt
287 396 539 
Group07_31.txt
22 43 58 206 243 899 1373 1413 1648 1757 1781 1921 
Group07_33.txt
552 
Group07_34.txt
519 608 
Group07_35.txt
24 165 
Group07_36.txt
44 78 549 558 578 719 767 1261 1293 1379 
Group07_37.txt
36 767 881 940 1074 1201 1269 1587 1629 
Group07_38.txt
57 180 202 204 395 811 
Group07_39.txt
183 241 348 358 
Group07_40.txt
29 78 149 315 608 
Group07_41.txt
230 632 
Group07_43.txt
291 481 
Group07_45.txt
86 135 222 500 550 
Group07_46.txt
166 326 591 
Group07_47.txt
226 568 643 
Group07_48.txt
259 328 543 947 1042 1185 
Group07_49.txt
266 278 598 703 777 952 1130 1908 2295 2467 2471 2514 
Group08_02.txt
585 
Group08_03.txt
95 133 226 256 590 
Group08_04.txt
630 
Group08_05.txt
133 
Group08_06.txt
1024 1147 
Group08_08.txt
191 
Group08_09.txt
408 
Group08_11.txt
672 693 
Group08_12.txt
694 
Group08_13.txt
668 829 
Group08_15.txt
682 858 
Group08_16.txt
84 103 1550 
Group08_17.txt
343 
Group08_18.txt
614 
Group08_19.txt
291 
Group08_20.txt
1380 1390 1471 
Group08_22.txt
829 
Group08_23.txt
631 
Group08_25.txt
200 843 865 1131 
Group08_29.txt
46 116 
Group08_30.txt
277 415 431 912 1585 
Group08_31.txt
251 816 
Group08_34.txt
132 
Group08_35.txt
162 
Group08_36.txt
99 
Group08_39.txt
214 
Group08_40.txt
295 399 
Group08_43.txt
262 
Group08_47.txt
259 
Group08_49.txt
41 129 269 
Group09_03.txt
153 336 473 503 
Group09_05.txt
257 469 733 991 
Group09_06.txt
319 471 
Group09_09.txt
464 
Group09_11.txt
321 
Group09_16.txt
334 354 
Group09_17.txt
268 
Group09_19.txt
487 
Group09_21.txt
236 1091 
Group09_22.txt
121 
Group09_23.txt
427 429 
Group09_26.txt
1008 
Group09_27.txt
371 428 
Group09_28.txt
73 
Group09_29.txt
342 438 600 
Group09_30.txt
644 
Group09_31.txt
253 
Group09_37.txt
1273 
Group09_41.txt
247 382 425 
Group09_43.txt
197 452 
Group09_44.txt
406 
Group09_47.txt
47 
Group09_49.txt
125 557 579 
Group10_01.txt
455 660 695 736 
Group10_02.txt
264 
Group10_03.txt
10 221 280 662 
Group10_04.txt
7 367 
Group10_05.txt
528 
Group10_06.txt
297 
Group10_07.txt
269 
Group10_08.txt
448 681 
Group10_09.txt
215 219 445 
Group10_11.txt
281 
Group10_12.txt
486 656 
Group10_13.txt
433 
Group10_15.txt
155 483 
Group10_16.txt
24 34 80 
Group10_17.txt
56 164 978 
Group10_18.txt
461 682 
Group10_19.txt
37 
Group10_20.txt
547 639 
Group10_21.txt
289 305 446 867 
Group10_22.txt
810 
Group10_23.txt
4 44 182 
Group10_24.txt
538 838 
Group10_25.txt
591 930 1189 1275 
Group10_26.txt
264 
Group10_27.txt
554 651 
Group10_28.txt
387 1104 
Group10_29.txt
324 883 
Group10_30.txt
160 285 293 
Group10_31.txt
43 210 612 
Group10_32.txt
371 
Group10_33.txt
273 1615 1726 
Group10_34.txt
88 
Group10_35.txt
543 1631 
Group10_36.txt
494 784 851 
Group10_37.txt
282 
Group10_38.txt
98 270 813 
Group10_39.txt
344 434 
Group10_40.txt
67 536 
Group10_41.txt
303 
Group10_42.txt
476 
Group10_43.txt
957 
Group10_44.txt
397 546 618 
Group10_46.txt
512 
Group10_47.txt
183 
Group10_48.txt
43 522 
Group10_49.txt
416 529 
Group10_50.txt
307 368 379 386 
Group11-01.txt
401 
Group11-02.txt
125 667 833 843 908 1112 
Group11-03.txt
522 
Group11-04.txt
122 297 
Group11-05.txt
503 523 778 954 1763 
Group11-07.txt
337 
Group11-10.txt
294 
Group11-11.txt
510 
Group11-12.txt
668 
Group11-13.txt
75 
Group11-14.txt
1012 1026 
Group11-15.txt
503 1057 1198 1203 1656 1689 1732 1892 2050 2303 
Group11-16.txt
50 359 1156 1288 1796 
Group11-17.txt
82 145 496 672 689 796 
Group11-18.txt
103 650 669 
Group11-20.txt
206 241 302 676 875 
Group11-21.txt
520 557 710 
Group11-22.txt
164 314 555 735 
Group11-23.txt
179 466 524 702 
Group11-24.txt
1209 1467 1802 1834 1844 1897 2042 2107 
Group11-26.txt
342 
Group11-28.txt
613 753 1001 
Group11-29.txt
284 788 
Group11-30.txt
664 
Group11-32.txt
837 
Group11-33.txt
104 190 785 
Group11-35.txt
424 
Group11-36.txt
269 
Group11-37.txt
383 
Group11-40.txt
566 
Group11-42.txt
357 446 448 
Group11-44.txt
35 376 
Group11-45.txt
57 319 
Group11-46.txt
95 411 1266 
Group11-47.txt
733 
Group11-48.txt
504 
Group11-50.txt
859 931 
Group12_01.txt
557 705 1242 
Group12_02.txt
83 298 376 672 825 2059 
Group12_03.txt
127 167 950 
Group12_04.txt
455 467 1127 1177 1591 2340 2357 2814 2847 
Group12_06.txt
97 378 678 737 796 926 1208 1285 
Group12_07.txt
95 174 619 636 963 1284 1312 
Group12_08.txt
439 
Group12_09.txt
74 475 813 837 998 1042 1161 
Group12_10.txt
311 817 
Group12_13.txt
432 983 1213 1290 1534 
Group12_14.txt
383 947 959 
Group12_17.txt
176 
Group12_20.txt
595 
Group12_21.txt
412 417 
Group12_22.txt
153 545 635 
Group12_24.txt
208 406 411 
Group12_26.txt
378 954 1409 1637 
Group12_29.txt
208 
Group12_30.txt
602 
Group12_33.txt
518 
Group12_35.txt
703 727 
Group12_36.txt
169 
Group12_38.txt
353 
Group12_40.txt
422 
Group12_41.txt
699 
Group12_42.txt
395 462 611 643 951 1054 
Group12_43.txt
380 409 632 
Group12_45.txt
12 22 105 195 
Group12_46.txt
106 292 570 
Group12_47.txt
395 
Group12_49.txt
2212 2738 
Group13_01.txt
296 
Group13_02.txt
166 433 511 608 625 734 1777 2094 2333 
Group13_03.txt
460 596 
Group13_05.txt
366 1284 1824 1840 
Group13_06.txt
161 202 252 330 1032 1102 1151 1296 1331 1850 
Group13_07.txt
219 
Group13_08.txt
1115 1163 
Group13_09.txt
11 325 1214 1431 1542 1726 
Group13_10.txt
234 
Group13_11.txt
165 
Group13_12.txt
413 475 
Group13_15.txt
483 
Group13_17.txt
55 364 
Group13_18.txt
72 
Group13_20.txt
560 
Group13_21.txt
482 865 1558 1776 
Group13_22.txt
359 425 588 791 1673 2408 2970 3360 5838 6521 7671 7987 8070 8075 8151 8293 8803 9209 9370 9570 9650 10028 10406 11055 11399 11410 12774 12826 12969 13069 13348 13702 13802 13979 14216 14332 14797 15878 16495 
Group13_23.txt
519 557 773 983 1279 1334 2320 2747 2928 2939 
Group13_24.txt
519 555 1150 1240 1888 2714 2898 3304 3649 4703 4777 4906 4976 5057 5265 
Group13_25.txt
544 1747 
Group13_26.txt
2859 3839 4095 5014 5687 5713 6119 8049 9082 9708 
Group13_27.txt
181 319 535 1454 1843 2331 3073 
Group13_28.txt
44 398 627 794 1151 1394 2802 
Group13_29.txt
423 510 517 647 1280 1724 1912 1933 2193 2501 3051 3215 3245 3774 3839 4082 4204 4777 5225 5405 5468 
Group13_30.txt
280 524 1705 1939 2791 3046 3646 4109 
Group13_32.txt
240 324 647 750 910 922 1188 1302 1372 
Group13_33.txt
671 985 1461 1860 2032 
Group13_35.txt
294 756 
Group13_36.txt
151 425 825 913 922 938 1088 1126 1457 1467 
Group13_37.txt
658 698 729 1556 
Group13_38.txt
1028 
Group13_39.txt
178 425 1076 2030 
Group13_41.txt
173 531 592 812 1146 1232 1265 1628 
Group13_42.txt
797 850 1054 1187 
Group13_43.txt
167 175 
Group13_44.txt
776 1022 1150 1787 1978 3058 3754 
Group13_45.txt
614 764 815 932 1622 
Group13_46.txt
845 1905 2435 2442 
Group13_47.txt
818 830 1341 1500 
Group13_48.txt
79 388 594 833 1172 1325 1499 2238 2382 2385 2471 2591 
Group13_49.txt
222 642 1291 1805 
Group13_50.txt
1019 1245 
Group14_02.txt
342 398 
Group14_04.txt
446 
Group14_05.txt
195 
Group14_06.txt
350 428 
Group14_08.txt
47 
Group14_09.txt
373 447 
Group14_11.txt
217 446 478 
Group14_12.txt
474 503 
Group14_13.txt
189 326 368 385 434 466 487 
Group14_14.txt
60 
Group14_15.txt
21 329 391 494 
Group14_19.txt
387 
Group14_20.txt
499 554 567 763 926 
Group14_22.txt
555 
Group14_23.txt
145 421 436 
Group14_25.txt
98 112 116 582 610 
Group14_26.txt
31 113 
Group14_27.txt
34 512 749 
Group14_28.txt
132 
Group14_29.txt
249 
Group14_30.txt
263 474 
Group14_31.txt
533 
Group14_32.txt
363 804 
Group14_33.txt
746 
Group14_34.txt
587 
Group14_35.txt
405 656 1573 
Group14_36.txt
373 
Group14_37.txt
637 681 
Group14_38.txt
258 378 451 597 776 
Group14_39.txt
393 911 934 
Group14_40.txt
89 835 
Group14_41.txt
161 709 832 
Group14_42.txt
218 727 
Group14_43.txt
500 
Group14_44.txt
315 338 351 406 960 
Group14_45.txt
39 196 
Group14_46.txt
306 626 670 
Group14_47.txt
74 522 660 
Group14_48.txt
173 302 651 
Group14_49.txt
445 503 
