Group01_03.txt
269 
Group01_04.txt
104 356 
Group01_07.txt
104 538 
Group01_10.txt
244 274 315 402 743 865 987 
Group01_11.txt
134 538 
Group01_12.txt
107 587 
Group01_14.txt
141 224 
Group01_18.txt
110 274 
Group01_19.txt
253 299 
Group01_20.txt
596 608 
Group01_21.txt
390 433 
Group01_22.txt
69 284 302 336 356 
Group01_23.txt
153 
Group01_24.txt
104 349 
Group01_25.txt
410 462 622 631 1089 
Group01_28.txt
101 
Group01_30.txt
70 
Group01_31.txt
218 385 
Group01_32.txt
147 958 1094 
Group01_33.txt
311 607 726 
Group01_35.txt
301 793 920 1064 
Group01_36.txt
45 481 626 
Group01_37.txt
443 
Group01_38.txt
388 431 
Group01_39.txt
464 
Group01_40.txt
550 600 
Group01_41.txt
447 
Group01_42.txt
508 
Group01_43.txt
458 486 
Group01_46.txt
42 
Group01_47.txt
159 
Group01_48.txt
312 358 
Group01_49.txt
328 358 395 
Group01_50.txt
151 244 420 
Group02_01.txt
444 521 580 
Group02_02.txt
936 994 
Group02_03.txt
300 499 529 
Group02_04.txt
364 723 
Group02_05.txt
207 277 313 329 361 418 445 500 548 575 670 
Group02_06.txt
181 310 330 691 757 782 789 
Group02_07.txt
366 
Group02_08.txt
414 474 
Group02_09.txt
84 809 
Group02_11.txt
796 
Group02_12.txt
7 954 1056 
Group02_13.txt
193 295 373 972 
Group02_14.txt
191 762 
Group02_15.txt
502 
Group02_16.txt
112 308 
Group02_17.txt
695 
Group02_18.txt
2290 2591 2711 
Group02_19.txt
305 484 587 652 744 1171 1401 
Group02_20.txt
195 337 481 757 4119 
Group02_21.txt
686 772 1332 1449 1732 1970 2029 2672 2701 2711 
Group02_22.txt
301 1047 1100 1598 1870 1925 2859 3226 
Group02_23.txt
290 931 988 1117 
Group02_24.txt
690 
Group02_25.txt
679 
Group02_26.txt
812 
Group02_27.txt
113 797 1227 
Group02_28.txt
962 1882 1908 2003 
Group02_29.txt
594 
Group02_30.txt
1806 2103 3750 4438 
Group02_31.txt
2054 
Group02_32.txt
1808 2003 2687 
Group02_33.txt
1060 2133 2765 3355 3371 
Group02_34.txt
57 851 1398 
Group02_35.txt
160 277 354 
Group02_36.txt
987 1842 
Group02_37.txt
1066 1123 1245 1439 1518 
Group02_38.txt
561 1815 1821 1895 
Group02_39.txt
372 656 783 914 
Group02_40.txt
546 633 691 853 922 1560 1731 1875 1993 
Group02_41.txt
859 960 1136 1656 
Group02_43.txt
47 774 1004 
Group02_44.txt
1107 1438 
Group02_45.txt
1721 
Group02_46.txt
162 667 796 1202 1514 2140 2247 2470 2561 
Group02_47.txt
1041 1111 
Group02_48.txt
39 1232 1885 2321 2639 2822 2851 
Group02_49.txt
139 192 236 390 1270 
Group02_50.txt
1509 2044 2067 
Group03_01.txt
180 321 
Group03_02.txt
41 139 238 779 
Group03_03.txt
639 
Group03_04.txt
1011 2280 
Group03_05.txt
478 724 791 
Group03_06.txt
704 1143 1178 
Group03_08.txt
384 
Group03_09.txt
652 863 979 1000 
Group03_12.txt
622 661 
Group03_13.txt
559 1382 
Group03_14.txt
207 329 371 715 760 819 863 932 
Group03_15.txt
59 
Group03_18.txt
458 975 998 
Group03_19.txt
184 
Group03_21.txt
565 1353 1500 2039 
Group03_22.txt
663 
Group03_23.txt
272 429 
Group03_24.txt
1606 
Group03_25.txt
450 
Group03_26.txt
264 452 588 977 1024 1076 1239 1442 
Group03_27.txt
1568 1732 1908 
Group03_28.txt
952 
Group03_29.txt
67 470 785 1847 
Group03_31.txt
904 1306 1372 1385 1411 2350 2570 2744 
Group03_32.txt
297 353 374 449 460 611 961 
Group03_33.txt
119 439 657 1182 
Group03_34.txt
1353 1934 2016 
Group03_35.txt
174 384 794 1031 1093 1144 
Group03_36.txt
461 595 1429 1450 1572 1605 
Group03_37.txt
449 1055 
Group03_38.txt
165 184 717 943 
Group03_39.txt
280 336 357 432 443 594 
Group03_40.txt
98 418 636 1161 
Group03_42.txt
48 454 775 
Group03_43.txt
211 
Group03_44.txt
428 480 
Group03_46.txt
189 
Group03_47.txt
329 418 520 
Group03_48.txt
165 276 329 708 721 780 
Group03_49.txt
124 824 
Group03_50.txt
255 521 902 1108 1123 1360 
Group04_01.txt
77 103 185 631 721 791 
Group04_03.txt
225 
Group04_04.txt
513 
Group04_05.txt
198 333 427 
Group04_07.txt
321 389 766 
Group04_08.txt
490 
Group04_10.txt
673 686 934 1063 
Group04_12.txt
217 550 
Group04_13.txt
125 242 292 688 
Group04_14.txt
124 439 
Group04_15.txt
319 350 1098 
Group04_16.txt
236 387 423 547 
Group04_17.txt
176 198 266 718 806 864 1103 
Group04_18.txt
550 
Group04_20.txt
53 138 
Group04_21.txt
81 151 
Group04_23.txt
385 
Group04_25.txt
596 
Group04_26.txt
380 762 795 
Group04_28.txt
673 
Group04_29.txt
247 
Group04_30.txt
771 
Group04_31.txt
609 653 
Group04_32.txt
187 561 
Group04_33.txt
546 610 
Group04_34.txt
318 501 
Group04_35.txt
161 
Group04_36.txt
409 418 567 638 
Group04_37.txt
147 240 405 491 499 
Group04_38.txt
29 97 297 362 600 
Group04_40.txt
410 
Group04_41.txt
797 
Group04_42.txt
97 354 395 550 
Group04_43.txt
241 541 
Group04_44.txt
501 
Group04_45.txt
114 239 515 
Group04_47.txt
252 326 360 367 507 
Group04_48.txt
260 
Group04_49.txt
35 98 138 
Group04_50.txt
371 471 662 
Group05_02.txt
183 310 377 854 1099 
Group05_03.txt
322 380 
Group05_06.txt
877 
Group05_07.txt
332 
Group05_09.txt
342 
Group05_14.txt
504 
Group05_15.txt
65 601 
Group05_17.txt
454 
Group05_18.txt
268 423 669 
Group05_19.txt
676 766 
Group05_20.txt
524 
Group05_22.txt
566 
Group05_23.txt
46 690 771 914 997 1428 
Group05_24.txt
305 
Group05_25.txt
168 942 1144 
Group05_26.txt
770 
Group05_27.txt
152 536 1151 
Group05_28.txt
343 452 
Group05_29.txt
217 
Group05_34.txt
95 205 
Group05_36.txt
73 
Group05_37.txt
21 
Group05_38.txt
253 
Group05_40.txt
361 
Group05_43.txt
179 324 
Group05_44.txt
101 849 896 
Group05_45.txt
666 
Group05_46.txt
82 
Group05_47.txt
93 
Group05_48.txt
485 
Group05_49.txt
290 651 670 
Group05_50.txt
66 641 
Group06_01.txt
299 
Group06_02.txt
333 
Group06_03.txt
771 
Group06_04.txt
170 
Group06_06.txt
106 370 485 848 
Group06_07.txt
65 
Group06_08.txt
137 206 353 
Group06_09.txt
191 584 591 
Group06_10.txt
100 447 
Group06_11.txt
436 683 
Group06_12.txt
70 131 377 394 434 
Group06_13.txt
253 
Group06_14.txt
706 733 
Group06_15.txt
266 835 
Group06_16.txt
379 627 
Group06_17.txt
794 865 997 
Group06_18.txt
270 496 
Group06_19.txt
196 459 
Group06_20.txt
209 
Group06_21.txt
226 372 439 496 688 
Group06_22.txt
655 
Group06_24.txt
280 435 458 
Group06_25.txt
115 
Group06_26.txt
286 647 
Group06_27.txt
284 335 475 
Group06_28.txt
493 526 607 
Group06_29.txt
468 671 
Group06_30.txt
151 420 436 477 529 
Group06_31.txt
794 865 997 
Group06_32.txt
208 
Group06_33.txt
457 
Group06_34.txt
106 
Group06_35.txt
122 437 
Group06_36.txt
185 
Group06_39.txt
73 162 314 389 502 
Group06_40.txt
8 
Group06_41.txt
405 592 
Group06_43.txt
4 363 486 
Group06_44.txt
208 823 881 
Group06_45.txt
382 
Group06_46.txt
345 642 
Group06_47.txt
612 
Group06_48.txt
266 
Group06_49.txt
159 201 205 254 341 384 
Group06_50.txt
559 
Group07_01.txt
276 
Group07_03.txt
2020 
Group07_04.txt
665 1105 
Group07_05.txt
129 398 550 806 
Group07_07.txt
531 1400 
Group07_08.txt
506 
Group07_09.txt
288 
Group07_10.txt
340 366 386 
Group07_11.txt
85 169 232 515 
Group07_12.txt
544 
Group07_13.txt
585 
Group07_14.txt
277 
Group07_15.txt
537 
Group07_17.txt
178 403 
Group07_18.txt
268 326 457 625 832 847 890 895 1070 1221 1278 1320 
Group07_24.txt
63 125 185 275 322 579 677 1982 
Group07_25.txt
96 303 
Group07_26.txt
217 
Group07_28.txt
216 
Group07_30.txt
80 199 
Group07_32.txt
110 315 
Group07_33.txt
141 543 
Group07_34.txt
515 
Group07_36.txt
922 1280 
Group07_37.txt
810 1131 1299 
Group07_38.txt
1909 
Group07_39.txt
245 
Group07_40.txt
587 
Group07_42.txt
629 
Group07_43.txt
235 378 432 
Group07_44.txt
704 
Group07_46.txt
698 
Group07_47.txt
596 675 
Group07_49.txt
596 654 1079 1686 1852 2014 2083 2306 2542 
Group08_01.txt
149 497 
Group08_03.txt
309 506 
Group08_06.txt
222 400 985 
Group08_07.txt
426 
Group08_09.txt
430 561 712 733 
Group08_10.txt
248 596 
Group08_11.txt
142 200 366 567 
Group08_12.txt
861 
Group08_13.txt
340 371 446 1077 
Group08_14.txt
518 
Group08_15.txt
589 
Group08_16.txt
1253 
Group08_18.txt
357 468 553 
Group08_19.txt
572 789 
Group08_20.txt
412 437 629 1099 
Group08_21.txt
415 494 
Group08_22.txt
613 
Group08_25.txt
287 565 738 783 882 1167 
Group08_26.txt
34 
Group08_28.txt
673 
Group08_29.txt
631 835 1021 1172 1245 1377 
Group08_30.txt
298 449 580 923 
Group08_31.txt
12 184 283 302 408 648 
Group08_36.txt
218 
Group08_38.txt
246 
Group08_40.txt
213 372 
Group08_43.txt
321 
Group08_44.txt
132 216 
Group08_47.txt
409 
Group08_48.txt
260 
Group09_05.txt
821 
Group09_06.txt
243 
Group09_07.txt
576 898 
Group09_08.txt
477 550 
Group09_10.txt
407 452 
Group09_11.txt
438 
Group09_13.txt
465 492 495 
Group09_14.txt
295 595 646 
Group09_15.txt
386 423 
Group09_17.txt
381 582 
Group09_18.txt
582 
Group09_19.txt
138 511 
Group09_20.txt
472 
Group09_21.txt
314 669 
Group09_22.txt
127 453 
Group09_23.txt
48 
Group09_24.txt
355 498 
Group09_25.txt
102 
Group09_26.txt
593 1131 
Group09_27.txt
339 
Group09_29.txt
65 118 244 452 
Group09_30.txt
455 601 
Group09_31.txt
258 
Group09_33.txt
346 
Group09_34.txt
225 
Group09_36.txt
196 380 421 
Group09_38.txt
133 
Group09_41.txt
81 512 
Group09_42.txt
532 
Group09_44.txt
243 467 
Group09_45.txt
612 746 
Group09_46.txt
296 
Group09_47.txt
250 471 571 
Group09_48.txt
118 681 
Group09_49.txt
900 
Group10_02.txt
254 426 
Group10_03.txt
154 513 714 975 
Group10_04.txt
231 
Group10_05.txt
273 714 814 
Group10_06.txt
86 251 661 685 
Group10_07.txt
349 484 565 596 
Group10_09.txt
460 951 
Group10_11.txt
881 1127 
Group10_12.txt
502 701 
Group10_14.txt
163 327 
Group10_15.txt
331 365 556 
Group10_18.txt
512 791 
Group10_20.txt
127 282 
Group10_22.txt
377 
Group10_23.txt
229 524 
Group10_24.txt
110 
Group10_25.txt
128 181 399 738 1069 
Group10_26.txt
254 426 
Group10_27.txt
530 
Group10_28.txt
98 120 208 475 530 581 639 849 994 1054 1088 
Group10_29.txt
608 799 956 
Group10_30.txt
365 
Group10_31.txt
395 
Group10_32.txt
274 439 
Group10_33.txt
258 507 1279 1465 
Group10_35.txt
515 707 772 1090 1116 1425 1557 
Group10_36.txt
326 677 
Group10_38.txt
86 336 866 
Group10_39.txt
129 922 
Group10_40.txt
235 
Group10_41.txt
239 
Group10_42.txt
75 131 361 503 590 
Group10_44.txt
334 
Group10_46.txt
165 529 
Group10_47.txt
575 
Group10_48.txt
34 67 422 581 614 641 
Group10_49.txt
202 365 388 660 
Group11-01.txt
704 751 
Group11-02.txt
437 594 
Group11-03.txt
613 653 689 
Group11-04.txt
516 
Group11-05.txt
507 624 791 880 1972 
Group11-08.txt
291 
Group11-09.txt
309 481 
Group11-10.txt
125 531 
Group11-13.txt
433 520 545 553 561 602 645 
Group11-14.txt
792 
Group11-15.txt
1119 
Group11-16.txt
1197 
Group11-18.txt
596 
Group11-19.txt
104 168 518 540 
Group11-20.txt
710 786 1276 
Group11-21.txt
664 
Group11-23.txt
603 
Group11-24.txt
593 1279 1313 
Group11-26.txt
190 285 
Group11-28.txt
483 621 833 866 
Group11-29.txt
155 238 
Group11-30.txt
306 528 
Group11-32.txt
473 562 684 
Group11-33.txt
141 230 432 
Group11-34.txt
407 
Group11-35.txt
203 
Group11-36.txt
155 186 
Group11-38.txt
674 697 
Group11-40.txt
333 
Group11-41.txt
334 345 442 
Group11-42.txt
231 372 
Group11-43.txt
82 369 
Group11-44.txt
624 
Group11-45.txt
1157 
Group11-46.txt
1114 1336 1421 
Group11-49.txt
185 
Group11-50.txt
269 
Group12_01.txt
1416 
Group12_02.txt
739 1070 1514 1552 1628 1726 1744 1789 1991 
Group12_04.txt
364 900 2336 
Group12_05.txt
486 657 
Group12_07.txt
593 
Group12_08.txt
308 366 
Group12_10.txt
527 
Group12_11.txt
670 
Group12_12.txt
670 
Group12_13.txt
396 1116 1603 1754 
Group12_14.txt
571 972 
Group12_15.txt
144 187 223 228 349 394 409 432 525 696 764 
Group12_19.txt
37 125 210 640 816 1141 1311 
Group12_20.txt
333 581 
Group12_21.txt
252 408 458 527 556 655 
Group12_24.txt
358 389 450 
Group12_25.txt
500 
Group12_26.txt
742 1020 1119 1348 
Group12_28.txt
181 427 509 578 
Group12_29.txt
314 337 611 
Group12_31.txt
416 
Group12_33.txt
224 
Group12_34.txt
205 589 
Group12_38.txt
320 
Group12_39.txt
282 
Group12_40.txt
396 
Group12_42.txt
1526 
Group12_44.txt
359 
Group12_45.txt
133 268 
Group12_46.txt
396 736 
Group12_47.txt
272 279 321 
Group12_48.txt
328 520 
Group12_49.txt
495 1314 1935 1990 
Group12_50.txt
209 404 
Group13_02.txt
420 1109 1584 
Group13_03.txt
673 
Group13_04.txt
18 178 340 615 910 
Group13_05.txt
371 1066 1534 1566 
Group13_06.txt
226 1904 1955 2469 
Group13_07.txt
240 421 
Group13_08.txt
149 1224 
Group13_09.txt
522 616 1209 1236 1510 1631 
Group13_10.txt
414 532 
Group13_11.txt
543 
Group13_15.txt
447 523 
Group13_16.txt
324 
Group13_17.txt
482 
Group13_18.txt
691 
Group13_20.txt
471 779 
Group13_21.txt
581 
Group13_22.txt
32 733 1349 3330 4539 6331 6621 7773 10730 11259 11930 12606 13706 13991 15931 16334 
Group13_23.txt
174 995 1490 1676 1842 2484 2536 2568 2626 3099 3197 3254 3517 3573 3616 
Group13_24.txt
1010 4624 
Group13_25.txt
1430 1743 2246 
Group13_26.txt
1046 5622 6273 6321 6751 7204 7715 8423 9456 9674 9787 
Group13_27.txt
2894 
Group13_28.txt
321 1453 2197 2583 2681 2981 
Group13_29.txt
313 631 1176 2620 3005 3077 3181 3965 4560 4946 5047 5138 
Group13_30.txt
33 894 1464 2247 2348 
Group13_31.txt
312 678 
Group13_33.txt
398 1308 1325 
Group13_34.txt
163 260 
Group13_35.txt
156 
Group13_36.txt
988 
Group13_37.txt
272 648 927 1141 1149 1257 
Group13_38.txt
1051 1369 1391 
Group13_39.txt
1057 2217 
Group13_40.txt
163 264 439 616 647 770 
Group13_42.txt
399 427 494 540 643 731 1173 
Group13_43.txt
192 726 763 1042 
Group13_44.txt
550 1059 1298 1864 2341 2598 2698 2807 3104 3175 3337 3529 
Group13_45.txt
131 
Group13_46.txt
162 678 723 
Group13_47.txt
519 861 
Group13_48.txt
432 1217 1751 
Group13_49.txt
27 320 714 1313 1511 1868 1883 2118 2239 
Group14_03.txt
320 345 
Group14_04.txt
113 453 
Group14_07.txt
93 
Group14_08.txt
123 456 
Group14_10.txt
173 
Group14_15.txt
465 
Group14_16.txt
268 415 476 
Group14_17.txt
285 
Group14_19.txt
499 
Group14_20.txt
377 599 
Group14_21.txt
105 124 
Group14_22.txt
147 491 
Group14_23.txt
209 
Group14_25.txt
50 436 
Group14_26.txt
128 372 873 
Group14_27.txt
836 
Group14_28.txt
547 600 973 1004 
Group14_31.txt
76 419 
Group14_32.txt
809 893 924 1088 
Group14_33.txt
412 994 
Group14_34.txt
53 263 
Group14_35.txt
159 880 1290 1298 
Group14_36.txt
304 
Group14_37.txt
185 260 
Group14_38.txt
169 234 345 562 
Group14_39.txt
589 719 807 969 
Group14_40.txt
35 508 744 
Group14_41.txt
405 
Group14_42.txt
367 418 512 765 808 
Group14_44.txt
66 153 357 646 823 
Group14_47.txt
345 467 
Group14_48.txt
221 660 
Group14_49.txt
236 473 
Group14_50.txt
233 
