Group01_08.txt
1102 1107 
Group01_09.txt
77 100 124 139 237 559 
Group01_12.txt
0 11 49 243 263 280 285 289 318 352 419 420 457 476 494 523 534 585 603 630 666 714 736 
Group01_14.txt
151 
Group01_18.txt
4 160 200 
Group01_23.txt
249 563 
Group01_29.txt
39 
Group01_40.txt
796 
Group03_21.txt
1122 1872 
Group03_22.txt
733 
Group03_25.txt
350 
Group03_26.txt
60 
Group03_32.txt
2 26 57 108 123 149 173 214 235 252 295 331 352 407 434 476 484 507 536 576 613 624 664 680 746 777 1053 1061 1082 1132 1178 1211 1242 1291 1366 1425 1444 1464 
Group03_39.txt
2 9 40 91 106 132 156 197 218 235 278 314 335 390 417 459 467 490 519 559 596 607 647 663 729 760 
Group03_43.txt
1 7 113 169 188 195 230 248 264 352 384 508 540 550 
Group03_50.txt
270 
Group04_41.txt
765 
Group05_09.txt
0 124 170 243 258 272 300 362 369 513 561 598 646 662 705 761 773 817 868 
Group05_25.txt
18 349 543 923 975 1018 
Group05_27.txt
22 373 
Group05_39.txt
4 146 
Group06_10.txt
236 
Group08_17.txt
55 135 209 261 337 488 527 560 610 675 794 960 1029 1134 1173 1189 1193 
Group08_24.txt
548 
Group08_41.txt
171 
Group09_13.txt
349 
Group10_01.txt
1 322 387 427 536 549 562 705 719 739 
Group10_04.txt
1 9 101 255 256 277 290 430 464 489 523 543 588 602 
Group10_41.txt
63 
Group11-05.txt
68 
Group11-26.txt
165 
Group11-30.txt
367 
Group13_23.txt
302 
Group13_32.txt
104 
Group13_44.txt
2818 
