Group01_01.txt
116 221 340 370 
Group01_02.txt
98 182 
Group01_03.txt
1089 1140 
Group01_04.txt
393 
Group01_06.txt
130 154 323 549 565 1089 
Group01_07.txt
357 395 547 
Group01_08.txt
74 514 924 1109 
Group01_09.txt
99 167 176 277 669 
Group01_10.txt
98 411 520 608 
Group01_11.txt
23 579 694 
Group01_12.txt
232 
Group01_15.txt
196 241 
Group01_16.txt
46 142 
Group01_17.txt
54 
Group01_18.txt
7 28 60 242 249 252 313 
Group01_19.txt
18 30 170 240 431 472 564 
Group01_20.txt
0 16 68 394 405 538 
Group01_21.txt
281 
Group01_23.txt
9 180 325 451 505 618 
Group01_24.txt
386 
Group01_25.txt
384 
Group01_26.txt
212 219 329 396 538 
Group01_27.txt
317 331 
Group01_28.txt
55 63 376 
Group01_30.txt
23 103 199 375 396 445 
Group01_31.txt
92 285 296 
Group01_32.txt
72 114 220 375 407 420 457 602 1017 1205 
Group01_33.txt
379 397 441 525 736 779 787 
Group01_34.txt
524 
Group01_35.txt
196 558 865 932 1182 
Group01_37.txt
103 179 405 504 
Group01_38.txt
279 
Group01_39.txt
201 234 295 565 
Group01_40.txt
125 351 396 662 780 
Group01_41.txt
402 416 439 
Group01_42.txt
137 
Group01_45.txt
67 
Group01_46.txt
91 417 543 
Group01_49.txt
10 533 
Group01_50.txt
63 268 
Group02_01.txt
211 345 528 660 
Group02_02.txt
212 477 863 
Group02_03.txt
80 144 207 326 818 
Group02_04.txt
62 753 
Group02_05.txt
67 198 266 310 393 627 
Group02_07.txt
190 300 506 693 
Group02_08.txt
571 
Group02_09.txt
384 412 640 707 
Group02_10.txt
220 753 
Group02_11.txt
407 662 694 872 897 939 
Group02_12.txt
785 792 974 
Group02_13.txt
305 
Group02_14.txt
33 470 
Group02_15.txt
156 446 
Group02_16.txt
50 369 389 393 452 584 619 723 925 
Group02_17.txt
261 331 421 548 
Group02_18.txt
9 30 55 110 125 255 270 294 335 355 364 552 608 1097 1112 1150 1277 1335 1355 1445 1478 1598 1797 2000 2022 2029 2103 2143 2169 2313 2378 2720 2810 3014 
Group02_19.txt
413 864 870 921 1183 1376 
Group02_20.txt
368 962 1819 1922 2094 3671 3911 3949 
Group02_21.txt
1 10 140 227 443 768 885 946 971 989 1488 1517 1822 1971 2328 2350 2445 2471 2494 2885 
Group02_22.txt
1 164 401 548 612 622 866 920 931 1067 1075 1124 1246 1644 1877 1938 2110 2389 2671 2861 2892 2988 3061 3376 3669 3759 
Group02_24.txt
506 
Group02_25.txt
141 1113 1177 
Group02_26.txt
167 244 308 556 
Group02_27.txt
83 272 375 418 534 559 583 635 660 705 761 1011 1332 1436 1522 
Group02_28.txt
134 217 589 1106 1351 1513 1655 1901 
Group02_29.txt
25 187 269 296 320 808 922 952 1061 1222 1283 
Group02_30.txt
115 256 679 930 1143 1768 1825 1872 2022 2122 2283 2970 3381 3411 3552 3696 3731 3757 4007 4117 4367 
Group02_31.txt
7 107 166 247 1282 1513 1885 1905 2601 2798 
Group02_32.txt
218 405 458 474 534 567 663 829 833 1022 1033 1432 1444 1716 1997 2017 2050 2161 2250 2275 2338 2427 2508 2532 2556 2575 2613 
Group02_33.txt
74 472 571 652 765 1013 1293 1329 1831 1914 1950 1965 2328 2408 3318 3331 
Group02_34.txt
158 169 185 201 237 267 290 314 373 435 634 806 837 1218 1223 1248 1426 
Group02_35.txt
881 949 956 
Group02_36.txt
294 485 880 1528 1576 1603 1611 1638 1645 1704 1708 1734 
Group02_37.txt
30 70 296 298 304 358 366 369 382 387 466 992 1038 1097 1103 1136 1162 1257 1488 
Group02_38.txt
25 209 246 281 462 519 558 603 698 1132 1412 1511 1566 1621 1702 1763 1861 2020 2068 2075 2546 2608 2630 2930 2938 3083 
Group02_39.txt
73 84 112 302 339 428 592 685 1006 1073 1154 1556 1606 
Group02_40.txt
70 212 472 515 1273 1415 1482 2183 2222 
Group02_41.txt
47 58 318 678 887 921 1158 1533 
Group02_42.txt
526 734 
Group02_43.txt
0 372 535 803 833 1199 1442 
Group02_44.txt
438 735 1280 1286 
Group02_45.txt
0 871 1033 
Group02_46.txt
536 538 576 612 1034 1194 1256 1798 1906 2243 2514 2519 2528 2532 
Group02_47.txt
965 
Group02_48.txt
608 621 1147 1171 1317 1533 1586 1654 1667 2178 2622 2933 
Group02_49.txt
66 187 345 376 586 613 980 1292 1328 1347 1470 1560 1621 1907 2212 2560 2990 3090 3273 3350 3509 3536 
Group02_50.txt
9 1231 1510 1931 
Group03_02.txt
125 179 355 360 635 
Group03_03.txt
180 545 720 905 1235 1269 
Group03_04.txt
194 512 685 1227 1616 1727 1779 1814 1836 
Group03_05.txt
245 468 
Group03_06.txt
354 690 711 715 764 991 1165 1201 1916 1966 2059 2682 
Group03_07.txt
326 382 568 588 880 946 1443 1697 1995 2040 2109 2255 2612 
Group03_08.txt
20 51 62 
Group03_09.txt
28 155 363 478 544 648 
Group03_10.txt
41 579 754 
Group03_11.txt
117 743 
Group03_12.txt
143 715 863 
Group03_13.txt
244 899 965 1097 1407 1487 
Group03_14.txt
410 420 859 1227 
Group03_15.txt
176 219 269 704 
Group03_16.txt
118 353 661 
Group03_18.txt
571 597 648 931 
Group03_19.txt
142 213 221 567 777 785 
Group03_20.txt
24 98 356 372 376 413 425 659 758 768 
Group03_21.txt
84 566 814 877 990 1068 1239 1393 1717 1905 2014 
Group03_22.txt
199 224 286 359 814 1059 1142 
Group03_23.txt
554 562 732 
Group03_24.txt
292 795 1265 1711 
Group03_25.txt
43 120 237 542 676 765 
Group03_26.txt
792 978 1025 
Group03_27.txt
166 305 926 936 1046 1082 1169 1493 1601 
Group03_28.txt
233 410 741 771 
Group03_29.txt
120 890 1073 1611 1744 
Group03_30.txt
57 76 166 269 308 702 866 1041 1072 1233 1544 
Group03_31.txt
40 101 124 368 393 947 1324 1429 1519 1577 1589 1734 1819 1854 1865 1872 1916 2057 2064 2067 2286 2564 2575 2662 2711 
Group03_32.txt
40 204 441 543 1264 1334 1353 1452 1468 
Group03_33.txt
226 480 600 679 782 848 896 1016 1049 1338 1380 1407 1450 
Group03_34.txt
3 107 935 938 1071 1349 1453 1874 2053 2408 2873 
Group03_35.txt
5 141 318 538 1003 1145 
Group03_36.txt
218 327 398 566 943 
Group03_37.txt
66 420 494 566 762 1199 1476 1578 1780 2352 2363 
Group03_38.txt
32 47 63 253 306 461 545 645 923 987 
Group03_39.txt
23 187 424 526 
Group03_40.txt
205 459 579 658 761 827 875 995 1028 
Group03_41.txt
0 313 
Group03_42.txt
101 883 1070 1632 
Group03_43.txt
192 277 294 
Group03_44.txt
976 1161 1174 1385 1466 
Group03_45.txt
148 349 
Group03_46.txt
217 299 362 469 524 
Group03_47.txt
779 927 958 
Group03_48.txt
184 888 
Group03_49.txt
187 841 
Group03_50.txt
7 12 98 218 1105 1170 1218 1244 1304 1394 1486 1576 
Group04_01.txt
273 492 
Group04_02.txt
24 
Group04_04.txt
333 
Group04_05.txt
118 130 501 
Group04_06.txt
144 346 498 549 553 837 
Group04_07.txt
55 66 529 1155 
Group04_08.txt
98 390 572 606 
Group04_09.txt
120 191 415 620 
Group04_10.txt
551 1135 
Group04_11.txt
106 111 242 
Group04_13.txt
8 52 391 744 1018 
Group04_14.txt
104 242 541 
Group04_15.txt
24 135 334 385 762 777 848 858 952 974 1001 
Group04_16.txt
448 526 
Group04_17.txt
117 546 866 899 
Group04_18.txt
505 
Group04_20.txt
226 295 
Group04_21.txt
435 880 
Group04_22.txt
136 557 
Group04_23.txt
109 618 676 704 
Group04_24.txt
660 
Group04_25.txt
250 357 
Group04_26.txt
143 
Group04_27.txt
83 134 264 690 
Group04_28.txt
85 
Group04_29.txt
59 228 277 306 457 
Group04_30.txt
507 
Group04_31.txt
186 
Group04_33.txt
358 364 
Group04_34.txt
205 216 324 
Group04_35.txt
134 
Group04_36.txt
27 108 385 491 583 
Group04_38.txt
254 
Group04_39.txt
717 720 748 
Group04_40.txt
395 578 
Group04_41.txt
270 292 580 748 905 1038 1054 
Group04_42.txt
229 344 
Group04_43.txt
265 514 622 
Group04_44.txt
61 
Group04_46.txt
54 274 880 997 1175 
Group04_47.txt
62 106 308 479 572 
Group04_49.txt
57 120 429 
Group04_50.txt
269 273 291 
Group05_01.txt
154 
Group05_02.txt
128 161 525 652 926 1074 
Group05_03.txt
164 177 213 
Group05_04.txt
557 725 922 
Group05_05.txt
475 481 
Group05_06.txt
5 401 956 1141 
Group05_07.txt
76 285 292 
Group05_09.txt
380 533 741 909 943 
Group05_10.txt
20 93 142 
Group05_11.txt
54 526 540 
Group05_13.txt
144 232 607 766 928 1002 1085 
Group05_14.txt
424 710 830 833 
Group05_15.txt
94 173 495 642 
Group05_16.txt
80 152 338 588 831 962 
Group05_17.txt
180 340 381 796 1039 
Group05_18.txt
288 349 730 
Group05_19.txt
100 520 
Group05_20.txt
496 744 856 1082 
Group05_21.txt
258 306 638 643 686 753 
Group05_22.txt
82 520 
Group05_23.txt
259 405 454 508 819 932 1097 1101 1117 1207 
Group05_24.txt
463 
Group05_25.txt
123 
Group05_26.txt
493 821 
Group05_27.txt
198 488 983 1179 1291 1440 
Group05_29.txt
416 
Group05_30.txt
15 563 948 
Group05_31.txt
266 311 
Group05_32.txt
132 431 
Group05_35.txt
111 154 212 224 263 
Group05_38.txt
40 
Group05_39.txt
289 297 
Group05_40.txt
178 494 
Group05_41.txt
23 162 269 332 
Group05_42.txt
120 
Group05_43.txt
17 164 407 461 535 595 
Group05_44.txt
286 573 1116 
Group05_45.txt
25 32 328 735 829 1073 1194 1207 
Group05_46.txt
351 
Group05_49.txt
504 877 880 
Group05_50.txt
108 206 535 682 
Group06_01.txt
351 
Group06_02.txt
86 92 148 155 165 239 424 434 694 700 
Group06_03.txt
109 369 
Group06_05.txt
52 76 104 368 406 480 483 568 577 
Group06_07.txt
130 
Group06_08.txt
433 
Group06_09.txt
202 460 
Group06_10.txt
69 105 204 223 280 628 
Group06_11.txt
128 282 454 
Group06_12.txt
182 
Group06_13.txt
269 
Group06_14.txt
136 261 435 545 558 623 687 
Group06_15.txt
28 39 52 579 607 
Group06_16.txt
45 202 342 686 777 805 1028 
Group06_17.txt
53 211 239 701 734 763 955 1079 
Group06_18.txt
504 738 
Group06_19.txt
55 111 213 429 453 
Group06_20.txt
133 425 
Group06_21.txt
303 
Group06_22.txt
93 126 309 377 392 
Group06_23.txt
226 805 827 
Group06_24.txt
173 359 524 
Group06_25.txt
552 
Group06_26.txt
334 663 
Group06_27.txt
294 433 502 507 
Group06_28.txt
93 
Group06_29.txt
291 523 641 
Group06_31.txt
53 211 239 701 734 763 955 1079 
Group06_32.txt
399 
Group06_33.txt
160 180 590 769 792 
Group06_35.txt
16 31 100 148 154 192 
Group06_36.txt
149 
Group06_37.txt
480 
Group06_38.txt
651 
Group06_39.txt
288 
Group06_40.txt
5 18 64 270 467 516 
Group06_41.txt
241 267 396 
Group06_42.txt
82 137 392 483 
Group06_43.txt
351 424 695 716 
Group06_44.txt
55 430 832 
Group06_45.txt
348 458 
Group06_46.txt
282 347 437 
Group06_47.txt
90 272 311 
Group06_48.txt
306 
Group06_49.txt
45 
Group06_50.txt
63 115 373 
Group07_02.txt
36 166 274 427 844 
Group07_03.txt
321 925 1175 1300 1628 2024 2443 2516 2619 2645 2659 2780 
Group07_04.txt
317 698 703 
Group07_06.txt
37 226 592 606 628 
Group07_07.txt
419 790 948 
Group07_08.txt
474 572 
Group07_09.txt
536 
Group07_10.txt
462 
Group07_11.txt
94 466 526 
Group07_12.txt
182 392 546 581 584 1022 
Group07_13.txt
81 95 264 431 434 532 545 
Group07_14.txt
389 430 484 
Group07_15.txt
401 460 587 598 
Group07_16.txt
61 200 218 411 441 498 741 
Group07_17.txt
380 405 
Group07_19.txt
138 359 901 
Group07_20.txt
216 390 
Group07_21.txt
172 440 724 735 775 
Group07_23.txt
28 93 119 
Group07_24.txt
911 1103 1440 1457 
Group07_25.txt
150 
Group07_26.txt
125 500 
Group07_28.txt
210 218 
Group07_29.txt
304 464 
Group07_30.txt
166 575 756 793 877 
Group07_31.txt
37 365 390 437 473 969 1129 1222 1290 1462 1754 
Group07_32.txt
328 
Group07_33.txt
56 495 
Group07_34.txt
162 
Group07_36.txt
115 186 294 377 544 573 1283 1387 
Group07_37.txt
146 368 466 580 887 942 1499 1545 1552 1705 
Group07_38.txt
47 296 507 
Group07_39.txt
67 104 
Group07_40.txt
123 289 384 725 
Group07_41.txt
271 
Group07_42.txt
42 259 
Group07_43.txt
29 53 511 
Group07_44.txt
147 181 638 
Group07_45.txt
426 
Group07_46.txt
339 
Group07_47.txt
123 359 604 
Group07_48.txt
156 356 363 373 711 849 1204 
Group07_49.txt
121 194 737 819 888 1731 1771 
Group07_50.txt
72 137 486 490 559 
Group08_01.txt
71 644 
Group08_02.txt
20 267 361 
Group08_03.txt
316 
Group08_06.txt
285 419 423 465 574 763 1144 
Group08_07.txt
102 156 196 
Group08_08.txt
273 
Group08_09.txt
234 392 399 673 714 
Group08_10.txt
16 56 170 743 
Group08_11.txt
301 378 524 
Group08_12.txt
250 529 
Group08_13.txt
61 64 137 140 301 304 549 838 969 1091 
Group08_14.txt
322 
Group08_15.txt
668 
Group08_16.txt
453 1020 1043 1475 1585 1691 
Group08_17.txt
933 993 1167 1225 
Group08_19.txt
477 496 594 633 721 827 
Group08_20.txt
806 909 1365 
Group08_22.txt
558 
Group08_24.txt
65 109 381 740 743 925 
Group08_25.txt
116 163 466 682 793 922 1117 
Group08_26.txt
22 
Group08_27.txt
337 
Group08_28.txt
47 
Group08_29.txt
165 308 507 675 728 773 776 945 1297 1322 1492 
Group08_30.txt
9 101 239 383 444 480 651 660 696 708 793 927 1018 1114 1123 1361 1408 
Group08_31.txt
46 123 128 598 820 
Group08_32.txt
27 73 111 
Group08_34.txt
179 281 312 523 
Group08_35.txt
322 
Group08_36.txt
105 324 
Group08_37.txt
157 
Group08_38.txt
11 48 
Group08_40.txt
151 203 
Group08_42.txt
258 325 
Group08_43.txt
614 
Group08_45.txt
63 
Group08_49.txt
82 
Group08_50.txt
105 308 
Group09_01.txt
44 209 
Group09_03.txt
1 31 263 
Group09_04.txt
228 285 
Group09_05.txt
354 695 786 888 
Group09_06.txt
142 169 
Group09_07.txt
369 428 554 592 722 
Group09_09.txt
117 447 606 659 952 
Group09_10.txt
42 71 276 808 
Group09_11.txt
130 350 358 561 
Group09_12.txt
406 469 480 
Group09_13.txt
153 414 472 591 
Group09_14.txt
510 618 
Group09_15.txt
17 106 292 379 394 
Group09_16.txt
265 442 
Group09_17.txt
62 511 
Group09_18.txt
28 154 197 273 420 588 
Group09_19.txt
257 
Group09_20.txt
7 326 
Group09_21.txt
817 
Group09_22.txt
107 254 556 
Group09_24.txt
191 535 
Group09_25.txt
324 
Group09_26.txt
148 1200 
Group09_27.txt
9 522 
Group09_28.txt
24 355 428 440 492 
Group09_29.txt
424 
Group09_30.txt
82 114 144 413 
Group09_32.txt
355 474 
Group09_33.txt
114 498 
Group09_34.txt
36 86 362 391 
Group09_35.txt
134 141 
Group09_37.txt
97 162 236 541 548 649 786 
Group09_38.txt
274 389 
Group09_39.txt
273 477 484 636 
Group09_40.txt
184 198 426 751 787 
Group09_41.txt
13 276 500 540 
Group09_42.txt
223 
Group09_43.txt
296 
Group09_45.txt
153 344 446 539 658 
Group09_46.txt
84 216 275 342 458 493 506 
Group09_47.txt
166 213 338 
Group09_48.txt
39 75 94 127 247 593 641 675 707 
Group09_49.txt
32 72 202 376 
Group09_50.txt
255 430 553 
Group10_01.txt
100 319 743 
Group10_02.txt
179 428 
Group10_03.txt
47 299 423 697 732 
Group10_04.txt
115 
Group10_05.txt
148 237 586 640 
Group10_06.txt
130 255 348 
Group10_07.txt
410 543 
Group10_08.txt
191 192 230 371 442 479 488 542 
Group10_09.txt
536 882 
Group10_10.txt
37 356 
Group10_11.txt
81 190 290 436 477 620 642 649 856 1045 1059 1085 1100 
Group10_12.txt
210 359 517 
Group10_13.txt
55 180 239 361 527 
Group10_14.txt
45 89 360 363 511 
Group10_15.txt
303 459 572 
Group10_16.txt
46 92 660 723 837 
Group10_17.txt
213 521 1026 
Group10_18.txt
211 231 457 
Group10_19.txt
187 
Group10_20.txt
68 
Group10_21.txt
280 310 594 
Group10_22.txt
66 107 199 275 303 548 
Group10_23.txt
311 367 505 
Group10_24.txt
508 658 
Group10_25.txt
1113 1144 1216 
Group10_26.txt
179 428 
Group10_27.txt
35 
Group10_28.txt
33 1007 
Group10_29.txt
110 214 389 
Group10_31.txt
101 144 640 
Group10_32.txt
375 451 
Group10_33.txt
132 162 438 537 609 645 715 884 1127 1720 
Group10_34.txt
232 346 403 502 543 
Group10_35.txt
133 373 1092 1363 1451 1606 1646 
Group10_36.txt
20 113 188 
Group10_37.txt
206 238 382 647 
Group10_38.txt
573 907 916 
Group10_39.txt
372 628 967 
Group10_40.txt
291 615 
Group10_41.txt
169 319 327 602 
Group10_42.txt
124 384 
Group10_43.txt
147 473 897 950 1022 1156 
Group10_44.txt
214 367 390 603 706 744 766 
Group10_45.txt
403 
Group10_47.txt
1038 
Group10_48.txt
366 609 637 
Group10_49.txt
98 250 310 396 401 406 413 
Group10_50.txt
50 426 
Group11-01.txt
77 120 165 266 479 727 
Group11-02.txt
189 333 903 1048 
Group11-03.txt
683 
Group11-04.txt
211 241 326 781 815 
Group11-05.txt
199 571 1358 2244 2354 
Group11-06.txt
92 157 228 308 472 505 
Group11-08.txt
245 532 
Group11-09.txt
77 97 132 262 
Group11-10.txt
71 238 410 484 
Group11-12.txt
5 53 224 
Group11-13.txt
461 
Group11-14.txt
188 200 500 625 884 1115 
Group11-15.txt
64 84 285 335 1051 1064 1791 2093 2375 
Group11-16.txt
139 166 257 378 461 754 781 869 948 956 989 1036 1607 1697 1769 1961 2002 2138 2182 2437 2667 2801 2912 2983 3301 
Group11-17.txt
7 556 727 756 
Group11-18.txt
397 401 410 
Group11-19.txt
95 111 444 
Group11-20.txt
73 598 929 1179 
Group11-21.txt
27 487 901 
Group11-22.txt
394 673 697 899 
Group11-23.txt
204 372 426 596 785 
Group11-24.txt
172 214 386 1372 1639 
Group11-26.txt
200 212 
Group11-28.txt
838 
Group11-29.txt
299 599 
Group11-33.txt
185 311 
Group11-34.txt
333 
Group11-37.txt
233 812 
Group11-38.txt
510 
Group11-39.txt
341 599 667 
Group11-40.txt
47 85 430 
Group11-41.txt
169 229 423 
Group11-42.txt
473 
Group11-44.txt
429 
Group11-45.txt
237 286 1001 1217 
Group11-46.txt
1143 1294 1426 
Group11-47.txt
287 
Group11-48.txt
232 587 630 831 
Group11-49.txt
106 615 
Group11-50.txt
26 202 263 447 678 906 
Group12_01.txt
1155 1553 
Group12_02.txt
25 1018 2061 
Group12_03.txt
263 386 729 1079 
Group12_04.txt
54 249 878 945 1116 1389 1536 2251 2318 2337 2376 2827 2832 2837 2844 
Group12_05.txt
128 338 349 452 
Group12_06.txt
62 1179 
Group12_07.txt
659 778 836 
Group12_08.txt
1 163 268 450 537 580 
Group12_09.txt
292 417 846 
Group12_10.txt
259 389 547 857 
Group12_11.txt
121 136 485 623 783 
Group12_12.txt
121 136 485 623 783 
Group12_13.txt
28 297 574 1091 1095 1193 1261 1378 1727 1949 
Group12_14.txt
764 
Group12_15.txt
540 
Group12_17.txt
391 414 
Group12_18.txt
86 406 
Group12_19.txt
104 191 364 899 1322 
Group12_20.txt
193 255 370 499 528 557 
Group12_21.txt
119 148 365 
Group12_22.txt
411 433 466 629 
Group12_23.txt
521 
Group12_24.txt
101 234 308 465 843 
Group12_25.txt
112 705 
Group12_26.txt
30 294 1206 1484 
Group12_28.txt
29 360 369 383 
Group12_30.txt
25 39 53 133 205 214 313 344 370 438 470 
Group12_31.txt
347 394 
Group12_32.txt
181 401 429 468 
Group12_33.txt
360 
Group12_34.txt
106 317 
Group12_35.txt
705 
Group12_36.txt
26 81 
Group12_37.txt
140 356 388 
Group12_38.txt
130 371 
Group12_39.txt
3 239 344 689 
Group12_40.txt
237 459 542 659 
Group12_42.txt
49 270 335 356 1040 1063 1155 
Group12_43.txt
158 346 598 
Group12_44.txt
16 471 
Group12_45.txt
354 418 
Group12_46.txt
66 157 
Group12_47.txt
178 
Group12_48.txt
205 346 635 
Group12_49.txt
69 294 567 1164 1208 1271 1573 2349 2426 2679 
Group12_50.txt
128 168 218 275 
Group13_01.txt
246 478 514 
Group13_02.txt
353 778 784 1720 
Group13_03.txt
305 512 
Group13_04.txt
1151 
Group13_05.txt
1111 1401 1853 2120 
Group13_06.txt
99 736 1203 
Group13_07.txt
166 264 
Group13_08.txt
115 152 234 268 841 927 972 
Group13_09.txt
294 1203 1513 1588 1636 1662 1663 1668 
Group13_10.txt
170 191 393 681 
Group13_11.txt
100 110 
Group13_12.txt
566 759 
Group13_14.txt
43 
Group13_15.txt
420 540 
Group13_17.txt
52 265 
Group13_18.txt
179 275 346 683 708 
Group13_19.txt
125 302 307 316 
Group13_20.txt
478 570 782 
Group13_21.txt
185 353 709 1044 1080 1120 1174 1328 1334 1338 1411 1654 
Group13_22.txt
653 1019 1421 1806 1871 2023 2153 2197 2223 2548 2558 2939 3234 3601 3626 4246 4442 4529 4563 5009 5523 6076 6085 6098 6125 7435 8614 8737 8784 8807 8990 8993 9292 9487 9537 9615 9738 9764 9934 10079 10463 10927 11150 11523 11691 11751 11816 11909 11915 12150 12987 13174 13614 13726 13865 14256 15226 16425 
Group13_23.txt
310 588 599 657 785 1015 1478 1483 1593 1611 1705 1737 1784 1894 2724 3116 3810 3842 
Group13_24.txt
489 516 700 747 942 1100 1504 2048 2181 2319 2562 2656 2673 2967 3188 3395 3824 3927 4274 4283 4330 4450 4701 4968 5251 5299 5398 
Group13_25.txt
86 306 633 670 1157 1330 1795 1955 2043 2072 
Group13_26.txt
346 373 424 452 636 640 1308 1336 1520 1808 1913 2257 2309 2366 2684 2854 3064 3095 3192 3200 3373 3595 3676 3901 3992 4176 4201 4286 4745 4765 4931 5079 5657 5780 5895 5950 5961 6097 6143 6301 6409 6418 6484 6495 6529 6842 6915 6937 7024 7343 7371 7529 7542 7784 7857 7871 8251 8319 8737 8749 8959 9003 9036 9056 9864 9933 9955 10130 
Group13_27.txt
224 526 621 1331 1411 1499 1931 1976 2377 2391 2519 2646 2651 3166 
Group13_28.txt
552 572 714 780 956 1418 1482 1965 1993 2043 
Group13_29.txt
798 1054 1334 1563 1816 2308 2387 2407 2557 2576 2858 3920 3945 4007 4056 4237 4239 4318 4363 4414 5188 5317 
Group13_30.txt
113 206 385 443 449 492 538 857 1565 1568 1643 1946 1958 2359 3196 
Group13_31.txt
470 
Group13_32.txt
296 302 342 391 625 679 711 862 918 932 1095 1274 
Group13_33.txt
231 235 349 596 725 808 818 1050 1068 1125 1140 1185 1405 1939 2147 
Group13_35.txt
56 148 522 608 801 806 877 1074 1084 1273 1293 
Group13_36.txt
305 438 869 890 1430 
Group13_37.txt
1275 1380 
Group13_38.txt
295 762 994 1018 1123 1176 1580 
Group13_39.txt
396 750 2238 
Group13_40.txt
75 302 467 555 568 937 
Group13_41.txt
87 142 150 233 708 759 999 1020 1297 1460 1508 1682 
Group13_42.txt
660 676 948 1114 1118 
Group13_43.txt
374 1160 1259 
Group13_44.txt
359 793 797 934 960 1227 1909 2542 2677 2773 3504 3778 
Group13_45.txt
64 169 446 467 528 651 1049 1194 1318 1522 
Group13_46.txt
145 268 614 780 1119 1198 1237 1437 2107 
Group13_47.txt
60 147 307 515 649 834 924 1050 1148 1297 1517 
Group13_48.txt
90 526 905 986 1130 1266 1658 2065 2567 2672 
Group13_49.txt
101 374 708 743 852 1067 1475 1535 1738 1830 2120 
Group13_50.txt
65 377 806 1301 
Group14_01.txt
236 
Group14_03.txt
396 
Group14_05.txt
155 337 
Group14_07.txt
384 
Group14_08.txt
195 
Group14_09.txt
308 340 366 
Group14_10.txt
389 
Group14_11.txt
109 137 144 319 450 
Group14_13.txt
169 
Group14_14.txt
330 
Group14_15.txt
146 206 461 
Group14_16.txt
49 
Group14_17.txt
53 83 133 149 
Group14_18.txt
42 98 287 331 371 425 
Group14_19.txt
456 581 805 811 
Group14_20.txt
389 838 
Group14_21.txt
247 300 
Group14_22.txt
236 239 545 552 
Group14_23.txt
431 
Group14_24.txt
313 459 
Group14_26.txt
501 533 
Group14_27.txt
78 132 216 
Group14_28.txt
112 124 139 585 646 709 751 918 991 
Group14_29.txt
15 
Group14_30.txt
12 208 249 910 
Group14_31.txt
336 
Group14_32.txt
290 
Group14_33.txt
369 477 605 687 801 
Group14_34.txt
133 174 310 422 430 466 621 
Group14_35.txt
214 269 303 538 668 676 1159 1366 1376 1705 
Group14_36.txt
198 438 463 
Group14_37.txt
121 186 309 433 689 
Group14_38.txt
61 394 429 575 605 
Group14_39.txt
186 192 262 556 
Group14_40.txt
136 1005 
Group14_41.txt
43 91 272 476 811 846 
Group14_42.txt
94 134 355 522 702 
Group14_43.txt
158 248 291 389 543 604 
Group14_44.txt
67 295 776 951 
Group14_45.txt
381 451 493 
Group14_46.txt
178 224 418 461 536 732 
Group14_47.txt
56 241 515 547 582 
Group14_48.txt
26 568 
Group14_49.txt
507 521 613 
Group14_50.txt
105 362 594 
