Group01_01.txt
13 32 44 52 108 127 216 247 273 317 354 361 387 401 453 532 584 623 
Group01_02.txt
8 43 72 110 130 158 194 263 278 286 340 
Group01_03.txt
68 134 180 318 333 440 536 641 747 777 817 847 967 1037 
Group01_04.txt
8 20 55 67 199 327 
Group01_05.txt
37 115 129 158 185 200 250 278 309 342 359 
Group01_06.txt
41 49 63 87 132 205 266 295 465 507 511 525 584 605 627 651 682 698 721 762 834 909 933 998 1060 1074 1127 1133 
Group01_07.txt
77 92 97 129 152 157 165 229 262 285 317 347 370 382 436 445 521 575 580 
Group01_08.txt
125 147 230 313 350 398 440 482 520 527 564 585 670 764 768 862 866 908 939 961 1006 1030 1075 1081 
Group01_09.txt
10 60 170 193 337 381 385 458 499 546 615 707 713 
Group01_10.txt
31 138 156 175 180 209 252 254 282 304 328 345 377 384 395 407 431 444 464 472 481 483 525 559 578 595 615 623 625 653 757 786 825 843 869 879 918 981 983 985 
Group01_11.txt
52 55 119 122 129 138 141 199 357 365 367 377 466 552 556 562 564 589 600 615 627 675 799 832 904 934 967 
Group01_12.txt
24 75 116 157 169 173 272 297 349 360 403 409 415 559 651 728 
Group01_13.txt
48 90 102 159 
Group01_14.txt
45 103 116 132 184 267 321 330 384 416 451 506 515 569 601 636 
Group01_15.txt
41 63 104 120 139 149 192 215 261 305 357 384 
Group01_16.txt
26 114 119 157 203 220 248 287 345 373 409 
Group01_17.txt
26 42 78 93 151 186 285 337 
Group01_18.txt
107 140 189 265 
Group01_19.txt
7 21 81 102 106 183 190 215 263 288 334 342 428 522 542 682 712 746 754 
Group01_20.txt
39 56 60 75 98 144 163 413 418 451 495 547 588 591 675 689 
Group01_21.txt
56 132 259 271 304 323 336 348 407 515 529 
Group01_22.txt
50 76 214 307 326 
Group01_23.txt
23 58 69 71 107 130 138 159 195 232 250 297 320 376 405 456 464 474 480 498 510 522 535 574 641 
Group01_24.txt
8 20 55 67 199 320 
Group01_25.txt
62 70 85 94 128 133 144 166 221 234 290 313 336 344 439 457 509 560 665 823 844 852 866 890 916 924 971 1014 1063 1093 1104 
Group01_26.txt
167 394 447 469 486 506 540 618 
Group01_27.txt
118 206 226 301 342 378 
Group01_28.txt
137 198 210 224 329 367 388 427 445 480 489 
Group01_29.txt
6 38 53 64 76 110 138 153 218 223 239 318 362 428 450 463 498 656 703 795 813 830 
Group01_30.txt
48 78 112 116 161 178 239 250 284 300 324 389 426 434 503 516 624 633 735 739 773 
Group01_31.txt
35 50 63 155 182 263 282 343 359 396 408 431 458 
Group01_32.txt
71 84 137 200 207 217 227 412 561 653 667 773 858 886 940 1033 
Group01_33.txt
15 213 248 256 307 321 329 344 391 425 435 450 493 502 513 603 626 628 663 674 703 722 759 795 803 
Group01_34.txt
238 332 523 529 667 691 698 706 709 
Group01_35.txt
76 79 93 148 203 212 267 335 376 405 577 679 702 730 748 807 817 995 1014 1022 1056 1077 1117 1145 1174 1181 1316 
Group01_36.txt
27 73 81 88 108 142 166 187 195 206 228 276 346 361 401 426 442 470 491 535 605 617 637 
Group01_37.txt
31 86 256 
Group01_38.txt
56 131 257 269 302 321 334 346 405 512 526 
Group01_39.txt
136 416 457 484 570 576 581 
Group01_40.txt
12 46 65 76 80 122 137 166 231 240 255 323 442 458 470 488 494 579 589 605 614 619 635 711 761 866 
Group01_41.txt
15 127 136 160 172 181 199 229 341 366 406 423 477 532 
Group01_42.txt
51 83 117 287 294 350 352 405 460 528 599 
Group01_43.txt
135 261 271 293 347 368 392 
Group01_44.txt
87 92 205 231 257 276 285 319 325 347 382 391 
Group01_45.txt
47 50 80 135 157 231 270 284 350 498 509 557 
Group01_46.txt
30 86 158 210 270 
Group01_47.txt
66 97 155 185 207 221 233 253 260 344 375 421 434 443 
Group01_48.txt
22 66 113 125 137 171 202 242 252 260 405 414 442 
Group01_49.txt
37 81 106 190 222 310 379 392 426 490 532 541 568 578 
Group01_50.txt
2 43 45 52 160 535 
Group02_01.txt
71 131 141 157 302 315 340 415 439 494 509 541 568 588 598 609 625 638 642 669 
Group02_02.txt
55 91 131 143 157 264 293 387 440 491 494 532 580 643 682 743 796 809 847 883 900 966 988 1009 
Group02_03.txt
15 32 88 130 199 227 232 240 242 295 325 370 478 518 608 649 659 884 1001 
Group02_04.txt
44 66 93 109 148 192 200 217 277 336 340 354 393 416 434 472 485 487 492 524 551 567 582 587 628 687 706 750 787 800 
Group02_05.txt
40 45 87 89 98 173 176 185 235 256 356 400 461 492 514 552 560 565 645 656 
Group02_06.txt
39 118 174 187 194 216 262 284 305 320 322 325 336 343 352 396 455 463 483 499 529 566 647 669 687 690 695 698 733 739 774 787 853 856 861 873 904 
Group02_07.txt
168 175 400 445 460 511 746 763 773 788 810 
Group02_08.txt
97 115 136 194 222 281 336 442 486 521 551 590 
Group02_09.txt
23 43 76 81 116 320 326 364 454 468 492 532 695 
Group02_10.txt
99 121 131 190 207 219 369 378 402 441 462 494 562 602 611 738 770 872 880 947 985 1003 1041 1068 1081 1129 
Group02_11.txt
41 106 203 237 248 276 434 475 587 609 651 679 736 769 834 853 865 912 931 
Group02_12.txt
32 59 65 71 81 108 181 250 256 296 337 352 393 396 414 442 551 604 615 723 747 777 803 828 851 942 976 1025 1048 
Group02_13.txt
79 90 104 175 205 218 272 281 286 302 320 322 328 507 515 576 614 652 675 680 685 728 749 779 806 831 867 935 944 949 957 964 
Group02_14.txt
18 70 76 129 152 199 211 249 264 381 402 434 456 462 487 527 597 618 700 705 794 865 901 
Group02_15.txt
31 38 87 115 128 152 166 206 244 275 316 458 495 517 
Group02_16.txt
41 65 75 94 160 209 418 471 534 545 555 576 591 744 763 777 801 823 834 853 887 905 
Group02_17.txt
28 166 228 258 267 276 335 454 492 583 644 713 720 741 
Group02_18.txt
15 72 145 154 227 516 535 638 647 651 708 730 845 866 919 985 1015 1037 1081 1107 1161 1371 1412 1523 1612 1641 1667 1687 1765 1773 1872 1942 2190 2208 2265 2289 2343 2411 2452 2584 2629 2639 2718 2733 2858 2877 2899 2916 2967 3024 3094 
Group02_19.txt
31 40 178 235 411 601 619 698 736 746 801 869 884 913 919 1046 1080 1145 1165 1189 1191 1244 1262 1298 1315 1345 1398 1488 1526 1534 1595 1622 1706 1712 1719 1732 1734 
Group02_20.txt
106 133 137 216 235 289 300 361 396 406 419 454 610 618 622 651 744 810 827 986 993 1015 1139 1270 1308 1465 1493 1515 1524 1574 1583 1608 1720 1814 1838 1891 1924 1931 1956 2000 2019 2039 2117 2236 2266 2398 2457 2503 2558 2703 2772 2824 2837 2955 3028 3081 3395 3493 3612 3645 3677 3689 3798 4032 4041 4086 4139 4166 4199 
Group02_21.txt
31 46 54 58 152 211 239 241 272 276 302 311 327 379 432 476 496 511 520 548 555 589 714 727 856 868 876 889 981 1043 1057 1097 1255 1274 1299 1340 1397 1445 1448 1454 1512 1526 1539 1613 1672 1676 1685 1720 1754 1787 1858 1944 2022 2079 2128 2168 2191 2261 2280 2477 2512 2554 2576 2680 2700 2754 2816 2892 
Group02_22.txt
22 72 89 108 123 147 161 205 213 224 241 338 488 569 589 628 644 649 668 674 718 734 780 837 894 947 1036 1119 1171 1189 1229 1289 1336 1369 1446 1519 1522 1563 1613 1657 1735 1785 1862 1923 1952 1981 2044 2049 2100 2130 2195 2270 2272 2284 2318 2336 2351 2382 2572 2676 2748 2751 2838 2905 2973 3028 3091 3107 3139 3165 3182 3204 3210 3218 3244 3249 3442 3516 3543 3588 3625 3700 3711 3716 3733 3765 
Group02_23.txt
28 50 96 125 135 156 171 181 197 286 383 434 538 550 563 621 677 686 700 714 728 744 771 849 1077 1107 1120 1195 1258 1273 1299 1302 1388 1390 1478 1519 1546 1562 1587 1623 1640 
Group02_24.txt
51 73 108 127 134 165 173 212 226 273 280 315 343 389 399 441 459 498 534 540 560 656 665 721 723 740 765 779 828 845 877 965 1041 1046 1049 1131 1215 1284 1319 1337 1360 1377 1392 1408 
Group02_25.txt
4 38 95 117 155 158 164 204 209 255 270 315 399 490 516 518 585 594 616 627 686 741 831 877 953 1027 1116 1134 1198 1222 1236 
Group02_26.txt
53 63 66 84 114 159 261 336 456 484 618 622 708 761 767 770 795 848 
Group02_27.txt
3 12 28 155 270 319 338 367 386 426 462 521 551 642 693 716 812 1153 1155 1167 1169 1175 1177 1205 1262 1294 1393 1431 1488 1513 1553 1633 1775 1800 1841 
Group02_28.txt
3 54 73 349 364 475 503 558 581 714 757 783 841 1033 1140 1191 1209 1430 1607 1651 1724 1736 1846 1879 1984 1999 
Group02_29.txt
3 69 104 115 162 204 622 631 701 771 864 1198 1262 1293 1332 
Group02_30.txt
13 55 106 237 406 438 483 512 541 593 684 748 791 847 871 933 945 953 982 993 1011 1145 1259 1261 1268 1301 1303 1364 1483 1500 1504 1629 1676 1681 1839 1877 1966 2048 2096 2158 2217 2219 2247 2329 2369 2392 2457 2477 2634 2736 2749 2758 2886 2898 2914 2934 2946 3031 3126 3143 3214 3304 3361 3366 3446 3463 3620 3689 3766 3810 3875 3977 4016 4093 4163 4174 4329 4382 
Group02_31.txt
74 86 118 181 252 429 431 610 628 652 659 676 793 808 817 902 1020 1038 1064 1083 1104 1153 1261 1308 1329 1521 1552 1717 1785 1800 1825 1844 1912 2131 2182 2268 2378 2547 2587 2614 2625 2636 2675 2739 2763 2819 2849 2880 2906 
Group02_32.txt
49 92 578 620 660 832 852 907 919 1052 1170 1278 1358 1455 1506 1592 1624 1645 1692 1806 1848 1889 1920 2330 2446 2546 
Group02_33.txt
214 298 346 350 446 461 549 551 594 624 675 704 711 799 868 946 996 1010 1132 1140 1176 1224 1344 1493 1509 1583 1758 2112 2176 2254 2356 2741 2792 2935 2983 2994 3022 3054 3099 3122 3245 3374 3412 3435 
Group02_34.txt
22 229 277 300 324 366 617 631 695 728 749 801 1025 1057 1111 1136 1139 1290 1320 1329 1336 1340 1403 1407 
Group02_35.txt
2 19 96 141 174 190 334 341 473 505 733 779 793 803 813 844 867 924 941 951 
Group02_36.txt
40 45 50 95 115 200 220 257 329 442 492 495 630 639 658 695 726 741 899 997 1032 1041 1073 1075 1126 1187 1251 1290 1304 1410 1426 1440 1452 1476 1482 1508 1559 1616 1636 1666 1679 1735 1831 
Group02_37.txt
32 93 120 171 190 241 262 337 442 450 720 754 856 876 911 923 965 1055 1085 1190 1329 1370 1384 1478 1502 1516 
Group02_38.txt
19 94 109 122 231 265 311 351 410 429 480 582 609 647 710 760 797 811 994 1004 1016 1077 1093 1115 1134 1165 1222 1326 1365 1389 1450 1503 1610 1653 1671 1713 1729 1739 1754 1762 1804 1907 1958 2143 2176 2194 2231 2358 2395 2428 2465 2490 2622 2829 2875 2880 2914 2981 3023 3096 3143 3216 3223 3380 3397 3496 3561 
Group02_39.txt
71 101 170 196 261 513 539 565 617 720 746 759 942 950 1048 1108 1324 1350 1379 1506 1516 1550 1597 1599 1719 1725 
Group02_40.txt
33 137 187 325 352 370 632 694 738 944 1012 1265 1335 1373 1418 1593 1727 1868 1950 2073 2268 2282 2321 
Group02_41.txt
35 64 103 108 126 161 208 264 296 348 438 473 613 632 649 752 789 808 858 897 1032 1141 1170 1184 1336 1496 1536 1601 1654 
Group02_42.txt
3 8 46 49 69 174 257 406 489 643 717 796 803 
Group02_43.txt
77 236 275 377 425 435 463 544 588 661 717 756 767 780 819 874 880 971 996 1084 1418 1485 1538 1555 1565 1643 1669 
Group02_44.txt
39 277 305 312 331 376 410 518 547 685 701 714 719 844 941 1037 1044 1069 1073 1101 1105 1116 1166 1180 1215 1250 1319 1363 1493 1566 1651 1681 
Group02_45.txt
5 27 31 37 53 55 65 69 93 111 119 126 146 172 201 225 252 278 395 452 471 484 517 523 539 688 710 792 884 1069 1140 1306 1311 1505 1529 1537 1563 1611 1624 1644 1740 1754 1759 1784 1834 1927 
Group02_46.txt
67 83 105 146 274 290 336 371 397 506 565 664 773 776 825 836 927 937 1045 1065 1146 1190 1249 1292 1309 1327 1347 1395 1519 1527 1672 1786 1809 1871 1913 1919 1968 2007 2102 2139 2385 2422 2595 
Group02_47.txt
18 43 81 98 133 308 421 502 634 827 840 882 973 1104 1230 1245 1294 1308 1349 1395 1458 1462 
Group02_48.txt
6 25 70 84 103 160 269 314 319 505 507 620 645 855 980 1052 1086 1131 1201 1245 1319 1349 1397 1474 1489 1617 1676 1719 1734 1767 1897 1908 1957 2006 2024 2102 2138 2345 2421 2470 2527 2551 2594 2659 2723 2858 
Group02_49.txt
42 108 132 173 204 244 273 500 551 646 677 893 896 949 955 1079 1089 1123 1207 1373 1434 1455 1514 1564 1660 1719 1749 1851 1874 1976 2007 2058 2068 2075 2106 2148 2163 2173 2178 2187 2193 2203 2220 2268 2311 2377 2403 2430 2433 2553 2628 2786 2798 2831 2886 2940 3023 3180 3222 3288 3316 3320 3353 3374 3504 3520 3658 3700 3734 3775 3812 3886 3907 4016 4070 4138 4346 
Group02_50.txt
44 63 111 133 182 195 203 219 225 229 232 244 312 331 381 411 428 438 459 471 483 489 493 512 542 547 562 603 639 647 685 693 759 772 784 804 878 890 927 955 1161 1190 1248 1255 1271 1326 1340 1352 1388 1459 1507 1616 1668 1720 1795 1844 1880 1936 1969 1997 2013 2028 2075 
Group03_01.txt
75 128 143 205 260 303 372 394 442 448 465 
Group03_02.txt
201 259 281 315 338 398 475 526 536 722 739 822 
Group03_03.txt
17 37 69 123 131 155 308 324 341 373 383 456 467 497 507 574 597 619 625 635 649 656 804 833 842 885 891 970 972 985 989 996 999 1013 1024 1029 1037 1048 1132 1146 
Group03_04.txt
53 110 114 153 163 167 241 243 303 413 472 484 517 525 585 609 637 703 754 790 867 877 890 911 920 1019 1043 1051 1102 1119 1169 1190 1248 1258 1506 1517 1578 1612 1679 1734 1916 1926 1970 1980 2005 2029 2033 2087 2094 2096 2111 2170 2242 2255 2289 
Group03_05.txt
13 34 41 77 80 140 172 230 268 275 309 320 379 385 498 544 570 589 664 734 808 858 866 875 1029 1042 
Group03_06.txt
113 246 287 444 454 508 537 555 595 618 638 678 729 744 947 974 1001 1034 1071 1114 1189 1196 1237 1292 1303 1318 1373 1404 1433 1495 1533 1615 1628 1632 1634 1675 1720 1738 1753 1805 1833 1912 1938 1956 1986 2007 2031 2040 2046 2067 2118 2129 2211 2225 2278 2319 2461 2482 2504 2606 2656 2729 
Group03_07.txt
2 26 194 392 462 488 562 613 666 677 815 830 858 927 955 1011 1014 1017 1079 1265 1271 1367 1410 1425 1482 1490 1575 1690 1717 1781 1792 2006 2090 2117 2155 2174 2202 2339 2354 2492 2697 
Group03_08.txt
119 150 201 223 275 288 297 325 366 468 498 503 510 574 610 636 665 694 768 859 
Group03_09.txt
51 81 110 162 198 212 229 247 278 297 314 370 424 442 460 487 492 501 519 543 558 567 595 703 744 756 764 802 873 957 997 1043 
Group03_10.txt
48 86 88 310 362 387 540 619 634 668 721 734 766 773 831 870 909 969 1009 
Group03_11.txt
50 158 180 212 229 236 242 250 268 280 285 298 304 332 426 448 492 507 532 587 648 739 768 784 789 865 891 898 910 964 979 990 997 
Group03_12.txt
11 75 132 171 181 259 295 334 381 386 430 478 499 502 545 606 706 812 859 999 1115 1178 1196 1237 1253 1342 1358 1401 1411 
Group03_13.txt
79 98 107 124 173 218 287 343 385 388 624 727 730 737 787 821 842 886 916 958 1005 1043 1080 1234 1301 1353 1417 1458 
Group03_14.txt
24 53 190 289 574 582 597 617 630 650 672 699 718 735 752 785 794 810 827 840 923 960 984 1000 1059 1090 1100 1196 
Group03_15.txt
131 157 168 224 265 312 353 370 385 395 420 437 454 461 498 613 628 646 665 683 693 707 737 
Group03_16.txt
6 92 200 231 287 337 421 466 542 611 621 655 746 758 833 889 902 
Group03_17.txt
64 95 128 147 270 321 323 329 363 382 402 413 437 466 503 516 532 587 600 691 757 765 
Group03_18.txt
77 90 103 206 250 294 401 432 445 532 570 609 623 645 672 694 765 787 802 812 832 849 869 930 1010 1030 1037 1046 1105 1142 1159 1197 1244 
Group03_19.txt
14 52 100 112 159 171 177 200 242 270 289 316 332 368 379 408 454 475 487 630 652 680 704 722 804 816 831 854 876 920 
Group03_20.txt
63 136 292 315 328 436 459 473 491 532 650 716 725 782 973 
Group03_21.txt
24 98 135 143 161 163 186 199 256 269 318 357 383 420 433 443 479 497 517 528 546 699 705 712 728 758 780 829 863 893 912 924 978 999 1015 1063 1116 1140 1232 1238 1257 1260 1306 1312 1330 1336 1372 1380 1426 1444 1452 1490 1508 1536 1546 1555 1595 1605 1615 1638 1680 1686 1729 1743 1755 1790 1830 1835 1884 1923 1972 2002 2045 
Group03_22.txt
13 77 103 141 168 232 327 392 425 468 490 512 518 532 556 698 714 735 766 771 808 883 935 1016 1023 1030 1040 1065 1104 
Group03_23.txt
27 49 72 113 123 156 183 215 238 362 400 409 444 464 527 604 612 680 695 699 
Group03_24.txt
71 78 129 166 170 176 180 183 253 261 263 267 285 299 321 335 470 476 566 588 597 637 669 758 775 792 805 808 822 826 841 879 883 892 944 952 962 974 975 1003 1099 1241 1353 1376 1483 1490 1504 1543 1562 1604 1671 1698 1820 1840 1852 1904 1915 1918 1922 1930 1937 1966 1972 
Group03_25.txt
12 104 124 144 188 203 217 226 233 264 363 507 522 588 619 663 696 707 727 746 788 805 
Group03_26.txt
48 119 175 240 347 457 746 833 860 867 916 956 1014 1058 1061 1086 1185 1211 1223 1248 1333 1351 1357 1362 1381 1422 1424 1495 1626 
Group03_27.txt
16 177 290 309 414 438 458 460 464 473 502 583 638 647 676 688 708 721 774 778 802 825 977 1029 1107 1155 1193 1199 1221 1297 1302 1311 1326 1436 1450 1488 1514 1533 1555 1588 1603 1637 1679 1695 1775 1781 1820 1840 1861 1874 1891 
Group03_28.txt
11 87 95 180 206 267 363 419 436 440 472 525 537 591 599 603 605 687 707 728 761 807 879 925 985 
Group03_29.txt
57 61 136 144 184 215 248 294 335 343 473 481 488 494 554 559 564 566 587 617 642 703 722 729 751 768 793 902 930 964 980 1004 1155 1237 1265 1272 1284 1297 1304 1333 1377 1528 1550 1585 1614 1675 1807 1819 1824 1834 1873 1897 1917 1925 1966 1983 1986 2011 2027 2038 2065 2078 2080 2103 2169 
Group03_30.txt
66 108 235 266 274 307 317 352 361 390 395 410 556 575 695 838 914 940 1003 1048 1276 1390 1470 1514 1591 1607 
Group03_31.txt
14 84 148 281 303 318 330 462 498 508 536 580 636 651 691 712 720 726 853 936 956 1014 1029 1040 1151 1166 1174 1310 1378 1390 1481 1530 1729 1927 1960 1996 2028 2089 2098 2115 2155 2204 2207 2239 2364 2409 2412 2422 2425 2429 2459 2472 2487 2557 2584 2651 2669 2759 2790 2798 2819 2836 2873 2896 
Group03_32.txt
138 155 216 228 249 257 265 274 282 289 312 319 348 381 399 417 428 466 471 504 512 630 646 676 725 733 761 874 906 912 914 954 964 997 1001 1011 1017 1065 1074 1104 1117 1163 1198 1248 1253 1308 1326 1340 1384 1399 1429 1449 
Group03_33.txt
48 76 206 215 228 259 275 308 387 425 482 498 506 529 540 643 653 709 716 720 731 759 837 852 873 904 919 969 976 981 989 1018 1031 1091 1307 1314 1357 1366 1373 1417 1419 1467 
Group03_34.txt
40 48 81 193 220 236 245 262 322 369 426 436 477 480 484 576 682 713 756 761 781 794 902 955 976 998 1075 1127 1177 1208 1289 1330 1368 1396 1439 1551 1663 1698 1704 1730 1827 1847 1859 1879 1911 1985 2029 2042 2059 2122 2159 2192 2198 2243 2377 2394 2449 2491 2612 2630 2714 2724 2800 2867 
Group03_35.txt
26 81 89 124 194 214 219 265 295 330 507 570 603 670 696 702 709 841 866 874 981 1030 1064 1164 1182 1192 1252 1285 
Group03_36.txt
57 89 96 101 141 148 155 197 211 262 298 322 344 424 517 569 588 607 627 674 676 693 707 716 788 811 827 884 926 981 1001 1012 1040 1207 1388 1532 1553 1585 1642 1661 1663 1674 1691 
Group03_37.txt
65 112 150 212 234 280 292 320 369 440 452 505 518 586 600 611 643 710 838 842 903 918 1125 1132 1173 1179 1202 1233 1236 1239 1258 1294 1305 1331 1347 1359 1375 1457 1481 1491 1501 1523 1606 1678 1691 1726 1732 1832 1858 1870 1918 1950 1980 1989 2006 2160 2165 2193 2222 2224 2235 2267 2348 
Group03_38.txt
115 142 180 326 354 414 431 448 491 505 538 677 684 818 853 887 896 900 908 1014 1020 
Group03_39.txt
121 138 199 211 232 240 248 257 265 272 295 302 331 364 382 400 411 449 454 487 495 613 629 659 708 716 744 857 889 895 897 
Group03_40.txt
27 55 185 194 207 238 254 287 366 404 461 477 485 508 519 622 632 688 695 699 710 738 816 831 852 883 898 948 955 960 968 997 1010 1070 
Group03_41.txt
53 154 161 350 
Group03_42.txt
38 42 117 125 165 196 229 278 319 327 457 465 472 478 538 543 548 550 571 607 632 693 712 719 741 758 783 895 923 957 973 997 1152 1170 1255 1283 1290 1302 1315 1322 1351 1395 1549 1571 1606 1635 1701 
Group03_43.txt
302 371 446 481 490 529 598 610 649 
Group03_44.txt
20 66 96 114 135 196 242 262 295 310 331 356 405 409 438 457 613 647 699 712 740 760 861 880 941 965 978 1021 1050 1066 1117 1169 1227 1257 1347 1470 1491 1497 
Group03_45.txt
24 39 73 136 155 177 220 237 275 344 386 424 458 502 
Group03_46.txt
38 42 107 214 251 257 279 328 364 369 420 428 448 480 513 
Group03_47.txt
110 146 201 207 291 335 391 397 423 465 543 577 647 719 729 772 817 847 871 926 936 
Group03_48.txt
52 60 135 264 402 411 466 474 611 669 768 814 817 869 901 904 
Group03_49.txt
103 107 147 190 202 262 277 315 330 352 403 430 620 656 667 691 759 796 907 912 943 
Group03_50.txt
48 55 59 115 127 156 162 236 271 281 290 383 400 417 448 474 488 557 567 574 605 678 681 716 735 740 758 860 870 877 892 938 986 994 1005 1009 1017 1062 1095 1131 1154 1156 1158 1164 1321 1328 1332 1373 1401 1430 1441 1501 1520 
Group04_01.txt
32 75 133 166 282 287 295 374 384 477 604 646 704 733 829 834 925 
Group04_02.txt
32 57 76 106 135 194 218 240 255 331 345 354 366 406 442 491 511 561 571 596 598 637 660 
Group04_03.txt
77 88 109 114 127 154 161 193 218 238 269 323 476 525 530 575 
Group04_04.txt
43 100 107 142 347 359 375 411 424 447 449 472 
Group04_05.txt
34 113 186 204 218 266 272 361 378 395 486 495 553 605 
Group04_06.txt
65 171 337 375 460 556 618 716 781 835 883 909 934 936 
Group04_07.txt
26 100 121 220 291 325 338 435 533 721 905 965 969 992 1007 1014 1102 1116 1168 1190 
Group04_08.txt
247 268 325 400 404 408 481 579 592 594 650 659 706 710 
Group04_09.txt
87 127 235 277 306 403 405 429 431 473 527 532 591 599 624 653 
Group04_10.txt
6 37 90 174 181 223 241 252 307 316 370 378 398 444 456 468 485 518 527 536 580 589 596 629 697 742 844 875 906 970 975 1013 1034 1048 1068 1121 1124 1147 
Group04_11.txt
30 45 59 68 174 224 280 289 298 302 337 346 371 419 454 497 513 547 555 
Group04_12.txt
24 39 55 66 104 108 125 164 180 245 252 275 292 308 328 344 413 427 443 506 514 528 585 
Group04_13.txt
191 323 353 413 524 708 751 839 890 902 979 1062 1129 
Group04_14.txt
44 54 134 139 170 288 334 374 381 449 479 518 611 620 663 
Group04_15.txt
112 147 173 182 220 250 256 412 476 500 519 531 551 573 708 722 748 756 900 1198 
Group04_16.txt
80 100 127 143 163 195 231 249 266 282 380 446 463 486 
Group04_17.txt
52 60 256 261 263 314 347 354 467 485 524 526 562 574 590 702 726 745 788 812 885 1108 1122 1128 1136 
Group04_18.txt
6 18 79 86 131 179 181 208 210 240 259 267 278 423 439 
Group04_19.txt
40 156 215 238 245 309 349 421 432 477 486 
Group04_20.txt
97 113 116 121 180 228 250 253 277 281 316 377 427 442 488 
Group04_21.txt
20 68 71 74 102 104 176 198 221 257 326 408 423 487 497 544 552 706 719 722 737 745 754 760 836 980 995 997 
Group04_22.txt
8 40 50 108 140 161 176 200 300 334 355 415 432 456 491 511 560 581 
Group04_23.txt
103 155 191 198 205 251 325 357 382 414 437 466 543 571 575 593 612 650 728 
Group04_24.txt
30 75 106 119 122 133 171 208 213 285 298 301 304 369 371 378 381 405 502 528 543 570 641 665 682 
Group04_25.txt
4 24 73 144 154 192 202 207 212 352 364 385 412 441 447 467 484 555 604 671 690 696 707 
Group04_26.txt
15 42 85 111 177 192 271 279 290 298 304 358 390 406 414 467 472 475 488 500 504 656 676 704 746 775 792 848 
Group04_27.txt
59 127 136 139 170 293 364 421 473 489 510 528 558 561 570 630 731 780 793 814 853 873 
Group04_28.txt
45 51 68 94 143 172 186 188 229 263 304 307 327 348 374 470 503 529 598 616 629 636 639 657 678 
Group04_29.txt
28 73 119 133 162 234 261 285 294 360 414 418 494 603 
Group04_30.txt
26 34 74 77 85 107 115 155 158 166 202 208 213 229 232 318 446 530 543 619 629 632 663 675 698 725 754 775 823 860 870 891 899 909 917 944 988 1006 
Group04_31.txt
34 36 41 62 78 109 134 155 196 325 332 356 373 381 391 406 410 416 458 472 560 590 606 624 641 650 661 
Group04_32.txt
31 49 87 139 248 313 321 326 328 332 337 342 372 382 389 443 470 491 504 536 599 633 665 690 707 736 747 770 824 826 856 
Group04_33.txt
21 32 79 86 89 94 99 145 192 253 259 274 296 298 316 336 347 367 393 492 496 518 558 607 707 
Group04_34.txt
7 24 53 103 141 164 215 223 296 316 335 351 356 380 417 438 479 487 490 526 538 540 554 557 576 597 647 667 707 714 726 758 859 897 934 
Group04_35.txt
15 60 63 82 184 192 203 275 322 361 428 460 517 
Group04_36.txt
33 58 68 100 111 122 137 147 165 172 200 294 306 344 439 510 518 554 558 626 633 665 678 684 705 722 742 
Group04_37.txt
35 110 122 145 208 220 237 291 329 347 364 366 419 432 445 529 552 
Group04_38.txt
18 39 54 61 68 121 134 181 236 240 247 274 320 326 338 348 356 400 425 430 439 447 479 485 584 612 627 631 633 
Group04_39.txt
44 87 98 112 222 235 243 322 327 372 383 391 404 431 448 461 489 497 529 531 643 657 688 695 709 730 742 773 785 893 935 938 947 959 972 
Group04_40.txt
66 218 293 343 538 557 575 594 
Group04_41.txt
38 50 93 97 143 152 183 195 214 240 247 261 269 298 308 346 365 423 496 512 531 565 576 627 633 660 778 820 827 892 945 1009 1050 1058 1066 1111 1125 1157 
Group04_42.txt
39 76 79 82 105 123 132 154 226 250 258 388 393 437 468 474 477 491 496 499 519 544 585 587 
Group04_43.txt
56 164 240 255 282 332 361 537 673 730 791 
Group04_44.txt
24 40 86 111 153 217 235 241 308 355 407 427 433 500 646 704 
Group04_45.txt
27 70 124 161 182 208 335 352 373 422 434 465 477 484 508 531 541 
Group04_46.txt
96 116 147 179 203 292 336 354 382 456 465 517 596 714 730 808 848 905 927 952 991 1033 1038 1057 1060 1114 1130 1151 
Group04_47.txt
53 123 143 228 277 342 357 406 423 447 478 486 602 605 
Group04_48.txt
20 56 91 105 169 194 236 256 297 325 380 398 418 432 449 461 527 536 
Group04_49.txt
14 28 47 72 77 91 110 135 160 184 204 321 348 378 395 424 556 566 
Group04_50.txt
25 52 68 71 112 164 173 216 223 236 252 260 267 298 458 482 491 503 542 622 624 648 677 725 728 762 
Group05_01.txt
23 75 123 144 
Group05_02.txt
59 81 147 163 179 220 289 337 351 437 463 543 575 723 760 764 770 838 921 950 1009 1016 1020 1037 1194 1208 1248 
Group05_03.txt
116 202 362 378 
Group05_04.txt
6 38 61 77 95 147 345 369 414 494 632 654 681 753 847 930 940 965 1092 
Group05_05.txt
53 84 107 152 222 281 291 306 319 344 354 384 392 429 
Group05_06.txt
71 134 176 206 230 256 291 307 341 350 391 418 442 461 503 539 554 603 633 660 689 724 753 776 778 824 885 944 948 955 1098 1116 1121 1125 1148 1162 1202 
Group05_07.txt
27 31 75 89 126 196 219 227 270 363 372 427 
Group05_08.txt
13 37 53 91 155 165 169 199 262 276 288 382 
Group05_09.txt
97 230 239 290 348 385 543 591 600 604 608 635 642 676 683 695 731 798 885 935 960 
Group05_10.txt
58 87 123 135 317 424 440 488 529 533 582 614 625 628 690 700 
Group05_11.txt
15 26 66 74 112 141 182 254 279 344 357 448 457 472 479 519 549 
Group05_12.txt
25 40 99 123 130 
Group05_13.txt
44 126 163 168 193 196 207 220 284 355 423 451 490 643 674 756 797 843 918 1032 1095 1121 1236 1252 
Group05_14.txt
53 82 139 197 261 286 290 312 329 517 561 575 580 697 704 740 838 882 
Group05_15.txt
20 140 161 194 254 292 356 420 471 494 545 574 
Group05_16.txt
61 139 198 238 246 252 555 615 679 776 807 813 864 894 935 986 1006 
Group05_17.txt
49 66 167 192 213 286 302 383 394 446 475 507 526 647 693 723 732 782 805 957 975 977 1071 1081 
Group05_18.txt
87 137 155 249 262 267 338 409 452 533 595 672 720 799 820 884 890 901 935 986 1023 
Group05_19.txt
19 49 70 79 98 129 159 176 194 219 258 269 299 315 340 352 370 377 384 444 542 578 601 653 672 688 703 714 772 806 
Group05_20.txt
7 114 128 166 190 219 240 261 383 397 568 612 644 758 829 861 879 958 973 1034 
Group05_21.txt
68 82 133 314 365 410 525 554 591 634 671 693 722 736 746 782 812 
Group05_22.txt
65 237 276 294 353 388 417 459 470 489 561 
Group05_23.txt
8 56 69 123 157 199 224 463 492 572 598 634 643 814 839 887 1051 1137 1193 1259 1278 1326 
Group05_24.txt
51 64 118 186 243 279 369 378 492 510 577 
Group05_25.txt
19 30 57 70 97 145 186 205 209 219 230 242 287 292 350 441 466 499 510 542 545 570 605 623 705 728 796 815 857 871 916 932 935 956 959 994 1006 1022 1072 1103 1118 1127 1141 
Group05_26.txt
38 172 205 213 319 347 360 545 614 750 799 812 826 839 886 892 899 903 
Group05_27.txt
62 86 159 214 269 296 304 406 422 428 450 496 621 706 754 761 819 840 869 945 967 969 1040 1083 1114 1183 1186 1286 1314 1340 1377 1420 
Group05_28.txt
125 150 177 184 285 313 519 
Group05_29.txt
41 61 176 184 248 340 356 390 454 473 
Group05_30.txt
24 151 175 235 265 298 346 355 430 510 591 773 835 872 951 
Group05_31.txt
54 69 166 171 186 318 
Group05_32.txt
36 61 83 93 158 241 277 301 306 320 371 393 520 589 626 648 692 769 837 
Group05_33.txt
61 131 
Group05_34.txt
24 60 69 115 152 156 201 210 216 237 261 265 275 296 
Group05_35.txt
48 77 293 389 435 457 516 
Group05_36.txt
107 120 159 195 235 
Group05_37.txt
7 23 48 54 76 91 
Group05_38.txt
10 28 35 84 138 142 165 195 221 238 337 367 374 
Group05_39.txt
24 52 128 134 144 233 265 271 
Group05_40.txt
52 69 149 170 199 268 294 381 409 446 460 491 
Group05_41.txt
48 110 129 156 212 228 245 327 369 
Group05_42.txt
9 57 67 89 119 175 199 216 257 280 301 316 321 338 346 
Group05_43.txt
56 66 69 83 102 109 149 171 198 268 307 420 427 460 509 569 580 588 
Group05_44.txt
94 237 256 271 365 422 557 565 575 617 641 668 706 730 817 831 855 874 933 975 978 986 1000 1008 1058 1063 1102 
Group05_45.txt
5 27 41 72 117 120 129 151 204 226 267 285 331 356 387 421 455 467 499 520 560 589 600 611 625 702 709 801 817 852 881 905 951 975 1012 1081 1091 1118 1142 1156 1232 1273 1287 
Group05_46.txt
8 64 97 119 128 142 164 279 322 359 365 375 388 453 496 506 514 520 526 545 550 560 666 
Group05_47.txt
7 21 28 58 104 
Group05_48.txt
50 92 151 164 260 311 328 359 412 418 530 546 554 
Group05_49.txt
67 137 183 219 246 296 401 426 430 452 469 621 664 712 726 731 809 816 885 
Group05_50.txt
30 115 195 227 287 325 389 460 511 534 585 614 
Group06_01.txt
36 41 49 68 91 107 203 236 337 421 429 453 474 476 497 
Group06_02.txt
15 25 29 42 65 84 102 111 122 127 141 211 230 241 266 273 276 303 319 362 474 529 558 561 597 608 621 642 648 661 702 731 756 795 809 856 
Group06_03.txt
33 58 89 118 151 162 170 175 202 305 331 338 360 412 451 509 574 581 586 615 620 652 686 695 702 722 725 731 770 
Group06_04.txt
102 194 224 252 286 316 353 393 438 479 549 590 608 728 737 758 
Group06_05.txt
32 89 144 171 209 217 222 247 250 278 287 332 354 469 604 649 739 
Group06_06.txt
132 153 165 208 243 246 262 299 334 367 391 423 453 469 517 559 634 660 687 728 730 776 801 831 
Group06_07.txt
39 174 210 240 254 273 338 354 397 431 464 648 655 
Group06_08.txt
33 55 62 79 88 129 134 164 185 222 352 381 390 415 477 483 489 517 530 539 
Group06_09.txt
77 224 335 420 427 439 505 553 561 613 646 
Group06_10.txt
3 60 112 157 159 191 199 245 262 277 294 298 313 324 352 438 476 480 486 526 529 571 580 614 625 648 676 747 
Group06_11.txt
29 138 204 259 334 384 392 431 485 557 591 734 759 766 
Group06_12.txt
30 42 60 63 82 107 121 163 197 212 218 267 290 313 338 350 382 403 423 437 451 473 555 568 571 577 
Group06_13.txt
188 237 303 311 386 431 446 500 541 585 654 680 699 
Group06_14.txt
10 24 89 144 169 173 221 239 267 314 357 378 394 429 464 494 507 526 569 602 620 647 671 693 718 728 742 751 754 
Group06_15.txt
34 98 135 205 263 383 462 480 486 678 762 796 806 848 
Group06_16.txt
13 28 76 92 246 258 265 289 301 357 405 445 479 535 558 606 618 640 642 671 697 707 712 752 875 910 913 938 956 967 971 973 977 1004 1090 1149 
Group06_17.txt
96 119 130 199 203 290 316 320 363 376 408 413 419 531 586 656 761 780 828 833 985 1002 1057 1063 
Group06_18.txt
29 53 95 135 153 240 251 267 280 283 291 317 349 403 432 489 512 569 616 694 710 730 780 787 
Group06_19.txt
68 106 187 202 253 258 287 299 326 341 493 609 617 638 723 738 754 
Group06_20.txt
16 27 64 75 91 101 122 145 197 207 234 245 250 275 354 390 395 456 458 466 506 573 578 588 598 607 612 631 656 713 727 
Group06_21.txt
9 34 62 74 92 126 148 150 160 167 190 217 280 516 524 546 587 589 625 634 659 666 734 749 784 809 
Group06_22.txt
16 25 96 101 107 122 181 222 251 268 291 318 360 373 391 423 488 535 545 548 551 563 580 634 645 
Group06_23.txt
6 36 41 75 85 96 132 175 198 211 237 373 392 401 426 468 479 492 522 626 765 784 788 808 835 838 866 881 
Group06_24.txt
87 132 265 355 424 449 451 496 
Group06_25.txt
75 90 93 100 156 158 175 180 186 205 211 293 296 323 327 355 377 432 455 474 547 566 571 608 639 
Group06_26.txt
4 9 20 25 46 70 77 130 136 164 183 204 230 267 283 304 327 422 444 455 541 557 565 618 643 662 673 
Group06_27.txt
9 36 46 78 103 120 146 166 182 221 235 280 329 416 435 455 506 519 541 549 
Group06_28.txt
39 102 163 176 188 358 376 449 464 549 570 590 648 
Group06_29.txt
18 28 39 52 67 72 85 100 111 130 174 222 234 411 439 452 488 536 559 690 
Group06_30.txt
40 68 79 103 197 201 224 227 251 268 311 358 364 388 406 419 432 442 450 456 472 476 487 518 523 536 545 
Group06_31.txt
96 119 130 199 203 290 316 320 363 376 408 413 419 531 586 656 761 780 828 833 985 1002 1057 1063 
Group06_32.txt
20 36 125 130 132 134 188 240 277 280 321 344 363 371 383 398 441 458 475 518 574 588 631 676 701 741 743 
Group06_33.txt
205 216 227 260 355 396 503 565 586 619 681 716 784 822 837 861 
Group06_34.txt
21 60 75 84 181 195 227 322 421 427 451 453 502 530 
Group06_35.txt
30 34 46 282 331 402 512 523 
Group06_36.txt
111 118 132 141 164 171 179 200 208 216 279 310 358 436 445 475 478 497 502 529 560 602 624 651 
Group06_37.txt
57 144 151 198 220 228 276 308 427 
Group06_38.txt
86 121 130 132 256 306 334 383 427 437 582 600 684 691 758 
Group06_39.txt
24 57 82 91 98 115 155 176 228 249 267 321 361 381 400 423 428 472 
Group06_40.txt
139 207 284 296 436 493 504 
Group06_41.txt
31 70 88 119 127 134 187 403 433 443 500 522 531 567 584 
Group06_42.txt
45 54 59 70 88 112 141 178 192 200 237 242 311 384 401 459 463 
Group06_43.txt
72 93 126 150 158 189 210 216 293 355 381 390 454 593 642 674 723 
Group06_44.txt
226 253 306 360 379 459 472 503 513 590 614 673 738 802 854 920 
Group06_45.txt
66 87 117 136 155 189 246 360 413 415 443 460 466 488 518 566 602 
Group06_46.txt
42 57 110 161 216 268 271 456 551 633 667 712 749 
Group06_47.txt
30 113 345 392 415 417 433 440 459 469 623 640 
Group06_48.txt
49 94 168 211 223 324 377 397 418 442 448 504 538 554 
Group06_49.txt
15 50 90 109 129 135 149 188 238 245 281 292 299 331 333 443 472 496 504 510 537 565 571 
Group06_50.txt
28 41 70 102 112 136 142 180 198 260 281 298 306 323 328 338 517 589 600 628 629 639 652 
Group07_01.txt
26 41 52 70 136 156 175 205 248 260 268 297 362 377 388 457 494 574 584 598 635 658 682 716 760 809 
Group07_02.txt
112 121 141 205 218 224 270 299 321 330 337 351 395 467 475 534 580 585 590 607 649 668 682 711 738 743 757 760 847 854 
Group07_03.txt
55 60 73 173 187 265 295 303 336 348 444 539 566 619 659 738 743 785 802 837 893 918 928 952 993 1043 1069 1102 1109 1119 1159 1198 1242 1248 1348 1406 1495 1562 1584 1591 1598 1672 1734 1779 1811 1814 1824 1843 1849 1924 1935 1941 1961 1982 2015 2026 2029 2226 2253 2304 2311 2320 2337 2407 2411 2425 2462 2478 2546 2574 2588 2657 2721 2730 2747 2752 
Group07_04.txt
29 45 73 88 122 131 133 167 196 266 274 303 328 386 489 508 523 528 536 578 595 627 633 651 675 683 735 749 753 778 792 794 810 844 920 949 953 961 1024 1038 1090 1173 1225 
Group07_05.txt
12 57 66 252 260 276 296 370 446 459 473 489 537 543 574 607 626 634 653 735 745 755 775 783 803 842 946 
Group07_06.txt
65 73 136 151 236 255 275 303 312 317 334 352 380 384 399 415 421 478 487 505 512 603 633 649 670 710 
Group07_07.txt
106 117 185 225 269 277 389 529 567 688 692 767 788 810 856 861 902 919 939 972 996 1017 1091 1130 1135 1237 1242 1275 1278 1284 1292 1305 1336 1343 1407 
Group07_08.txt
58 187 270 295 316 358 376 386 476 576 595 601 
Group07_09.txt
63 93 104 109 128 155 202 225 238 279 290 323 369 383 409 430 484 503 551 610 704 
Group07_10.txt
136 240 297 328 553 557 570 577 
Group07_11.txt
87 120 146 223 271 331 342 393 399 475 483 497 562 564 591 623 
Group07_12.txt
74 105 112 189 192 220 246 266 365 464 491 554 563 577 645 678 779 799 889 905 916 944 966 984 1014 1048 1071 1078 1080 1090 1110 1127 
Group07_13.txt
58 63 110 116 132 153 167 170 193 272 279 305 394 417 455 510 524 642 660 
Group07_14.txt
66 124 130 165 209 224 298 301 343 364 366 391 406 414 438 441 446 475 480 504 542 553 
Group07_15.txt
88 215 267 272 303 336 338 347 387 439 473 510 524 555 
Group07_16.txt
104 168 228 277 286 306 324 344 418 464 469 476 488 577 588 592 597 638 641 681 723 759 771 781 790 
Group07_17.txt
41 90 119 193 239 248 260 326 351 373 430 435 457 464 535 573 575 
Group07_18.txt
27 95 117 133 222 264 278 340 380 405 478 494 648 671 732 782 868 889 893 927 943 1008 1013 1041 1054 1066 1078 1090 1139 1158 1196 1218 1250 1259 1309 1359 1367 1383 
Group07_19.txt
39 78 114 149 160 224 284 321 345 358 404 440 472 543 574 585 600 640 685 707 735 774 857 
Group07_20.txt
5 73 164 315 361 379 448 459 463 
Group07_21.txt
4 31 46 94 159 185 189 220 286 291 329 333 355 369 392 430 438 453 542 581 622 633 668 683 697 719 729 768 784 914 
Group07_22.txt
41 46 73 76 103 137 145 270 328 334 347 389 399 414 436 452 478 493 503 510 520 531 535 552 621 623 641 708 718 742 805 
Group07_23.txt
8 36 135 178 237 242 262 330 348 376 414 454 464 479 512 536 
Group07_24.txt
67 111 141 175 226 229 270 317 332 386 441 444 497 599 608 631 709 788 795 834 886 901 979 1027 1071 1132 1226 1283 1368 1494 1505 1535 1626 1751 1802 1812 1841 1923 1954 2004 2067 
Group07_25.txt
68 76 104 131 174 198 207 416 461 
Group07_26.txt
74 194 207 292 299 306 337 365 412 426 472 520 522 542 566 590 621 663 690 704 714 729 748 759 772 782 
Group07_27.txt
42 53 84 215 284 347 468 
Group07_28.txt
4 34 76 94 106 121 159 169 173 189 212 240 252 257 343 347 354 368 400 422 434 453 497 521 532 544 
Group07_29.txt
72 102 149 152 158 204 222 232 247 262 278 359 425 480 511 
Group07_30.txt
4 48 149 204 242 285 448 813 827 844 875 933 
Group07_31.txt
57 107 117 160 213 406 539 580 603 620 702 708 713 730 769 788 856 872 901 1070 1124 1176 1183 1209 1255 1306 1347 1368 1391 1493 1506 1540 1558 1594 1604 1622 1673 1692 1700 1743 1796 1864 1904 1909 1941 1975 1981 
Group07_32.txt
2 8 47 61 69 109 122 129 144 175 204 236 243 256 291 314 351 392 419 430 437 453 495 
Group07_33.txt
36 52 102 158 164 188 236 288 341 426 601 640 725 
Group07_34.txt
117 131 182 206 220 232 245 307 427 459 488 537 542 560 569 574 614 645 
Group07_35.txt
44 154 253 266 305 421 463 
Group07_36.txt
91 130 202 223 289 314 332 401 459 503 625 633 646 691 699 745 756 779 852 857 1094 1102 1124 1158 1167 1174 1184 1228 1250 1252 1254 1272 1340 1346 1392 
Group07_37.txt
12 42 73 149 168 291 293 319 354 373 421 455 461 520 528 589 600 621 650 707 727 734 750 761 873 896 931 956 1222 1253 1297 1323 1335 1386 1412 1420 1576 1627 1657 1674 1707 1766 1786 
Group07_38.txt
25 56 81 90 105 137 161 189 221 232 238 271 355 400 405 434 460 465 468 472 513 559 564 566 574 581 586 588 609 656 662 697 724 733 766 768 780 807 828 846 848 864 897 914 959 988 1010 1017 1037 1081 1134 1143 1166 1170 1177 1187 1216 1222 1266 1270 1276 1285 1335 1345 1369 1397 1463 1469 1488 1497 1541 1555 1587 1607 1614 1623 1656 1672 1737 1802 1810 1828 1834 1842 1860 1878 1908 1918 1920 1947 1959 
Group07_39.txt
8 79 100 115 134 151 180 213 231 269 274 288 308 319 328 351 401 447 480 489 541 552 574 595 598 627 
Group07_40.txt
16 36 42 82 86 94 136 162 250 327 349 367 400 412 448 460 487 550 579 627 647 688 719 788 
Group07_41.txt
47 60 91 101 127 226 356 376 393 413 419 445 
Group07_42.txt
48 74 79 81 86 110 204 218 303 367 374 395 432 553 571 579 604 621 627 640 655 
Group07_43.txt
50 73 163 204 251 276 295 311 321 440 448 485 
Group07_44.txt
28 114 176 270 303 345 361 369 394 421 444 532 556 588 594 622 658 700 788 819 838 
Group07_45.txt
9 54 74 79 95 97 145 153 169 200 207 225 227 248 327 334 353 418 429 457 493 526 
Group07_46.txt
37 45 74 115 178 211 229 248 271 290 317 387 409 445 477 503 525 551 575 602 651 682 692 751 775 
Group07_47.txt
63 185 269 310 339 390 433 495 561 627 629 664 673 699 
Group07_48.txt
1 91 148 174 194 197 246 299 314 323 335 472 475 480 493 519 567 601 610 639 649 659 719 760 781 906 920 977 1051 1106 1170 1172 1193 1209 
Group07_49.txt
3 9 49 132 163 186 206 281 288 311 337 349 354 366 385 443 465 502 520 531 542 554 615 622 642 678 700 711 731 769 798 840 849 881 883 897 919 935 947 949 1023 1031 1040 1053 1083 1092 1154 1203 1255 1279 1282 1306 1363 1367 1379 1409 1476 1488 1541 1560 1563 1617 1624 1647 1666 1673 1699 1713 1722 1764 1775 1796 1823 1881 1963 1995 2022 2030 2032 2042 2109 2124 2127 2160 2179 2215 2217 2245 2247 2256 2258 2272 2324 2350 2372 2382 2397 2405 2415 2419 2496 2508 2528 2533 2626 2647 2710 2737 
Group07_50.txt
27 59 64 75 78 93 135 153 177 243 253 276 286 306 329 365 387 426 439 447 460 483 526 557 591 604 670 684 703 
Group08_01.txt
47 98 119 245 256 265 308 322 350 437 490 561 573 657 680 685 732 755 
Group08_02.txt
26 82 102 142 163 171 246 316 365 414 425 502 604 
Group08_03.txt
39 188 252 324 363 386 409 475 573 587 
Group08_04.txt
47 100 160 189 217 266 272 307 334 417 419 425 470 490 571 627 639 662 744 752 
Group08_05.txt
83 115 148 182 234 289 322 332 368 415 
Group08_06.txt
9 153 197 246 293 302 356 448 511 531 638 672 717 773 776 801 816 901 930 933 946 969 990 1096 1111 
Group08_07.txt
166 168 183 228 270 295 311 338 355 389 
Group08_08.txt
10 13 48 81 168 220 244 268 286 335 
Group08_09.txt
114 157 205 303 368 548 719 758 778 783 
Group08_10.txt
37 77 146 197 218 344 355 364 407 421 449 536 589 660 672 756 779 784 831 854 
Group08_11.txt
111 167 184 228 253 274 329 350 369 382 418 433 468 481 499 530 538 541 604 637 
Group08_12.txt
262 309 363 480 509 516 640 673 691 778 788 843 849 881 975 1065 
Group08_13.txt
163 282 319 369 378 457 494 663 694 738 763 804 826 869 886 916 995 1012 1033 1114 
Group08_14.txt
111 164 167 194 199 211 224 259 290 297 302 305 340 409 436 460 479 489 504 510 542 551 579 604 
Group08_15.txt
29 66 68 97 134 136 194 212 229 267 280 286 304 320 351 353 414 456 584 734 740 783 824 847 
Group08_16.txt
175 218 242 291 329 392 442 450 468 473 513 628 767 793 833 890 901 922 1008 1016 1141 1213 1218 1235 1242 1258 1486 1500 1526 1545 1680 1731 1775 1795 
Group08_17.txt
305 353 359 385 390 411 453 461 501 550 709 713 754 784 828 910 957 1010 1016 1065 1091 1120 1149 
Group08_18.txt
132 214 236 279 404 419 441 450 472 488 585 610 625 652 674 721 738 747 
Group08_19.txt
62 75 130 143 205 218 325 339 430 457 463 475 494 602 708 740 
Group08_20.txt
4 70 95 137 171 173 195 212 237 255 267 272 297 306 377 388 432 435 559 568 590 614 662 693 715 862 912 919 935 964 1009 1023 1031 1047 1165 1238 1242 1252 1289 1303 1307 1342 1409 1427 1453 1462 1472 1493 1503 1515 1521 
Group08_21.txt
147 149 194 294 310 336 345 354 386 443 514 537 560 582 617 663 
Group08_22.txt
23 70 171 233 254 363 428 483 684 708 735 772 779 825 861 869 893 899 
Group08_23.txt
47 100 160 189 217 266 272 307 334 417 419 425 470 490 571 628 640 663 745 753 
Group08_24.txt
55 61 99 105 160 254 301 333 345 443 486 512 540 549 601 649 652 667 676 688 690 720 727 754 777 
Group08_25.txt
174 194 231 275 319 391 422 460 478 497 516 570 641 653 695 720 736 774 790 857 941 1042 1059 1101 1157 1191 1216 1218 1270 1327 1346 
Group08_26.txt
40 81 110 123 169 
Group08_27.txt
3 41 131 262 278 310 336 364 
Group08_28.txt
46 125 127 132 156 198 206 212 232 286 292 315 332 363 374 449 463 468 558 569 610 640 663 715 752 
Group08_29.txt
82 94 142 209 236 259 317 366 386 402 500 526 528 567 571 586 604 654 716 791 825 843 968 1115 1202 1212 1291 1318 1349 1410 1449 1515 1521 1542 
Group08_30.txt
13 75 95 117 125 149 163 177 352 392 473 551 586 605 644 678 689 693 744 814 827 869 872 899 911 964 974 996 1084 1116 1132 1164 1225 1239 1301 1377 1444 1463 1545 1583 1605 
Group08_31.txt
26 30 157 198 202 235 244 306 354 376 400 438 467 489 621 640 652 710 781 798 801 815 931 988 
Group08_32.txt
63 117 150 195 
Group08_33.txt
75 114 128 147 179 211 243 285 
Group08_34.txt
159 204 269 354 441 458 461 519 
Group08_35.txt
64 80 101 157 260 285 309 385 
Group08_36.txt
89 194 213 297 315 
Group08_37.txt
97 102 137 168 172 212 239 242 252 263 269 308 
Group08_38.txt
258 
Group08_39.txt
1 20 73 208 328 495 
Group08_40.txt
1 29 85 112 134 159 227 244 283 287 343 357 410 504 
Group08_41.txt
87 125 143 159 172 330 
Group08_42.txt
110 124 128 135 159 206 249 260 269 
Group08_43.txt
70 120 162 180 224 249 255 291 331 375 409 555 566 593 642 653 690 694 
Group08_44.txt
23 50 59 122 147 173 196 230 251 262 
Group08_45.txt
28 60 62 75 91 99 113 129 142 224 268 273 277 285 312 317 329 
Group08_46.txt
60 83 154 199 242 303 
Group08_47.txt
86 109 125 163 187 199 219 228 241 271 345 393 418 443 458 485 514 
Group08_48.txt
97 112 249 283 408 442 478 
Group08_49.txt
91 162 219 
Group08_50.txt
56 104 145 270 337 450 574 
Group09_01.txt
37 55 76 265 313 327 332 407 433 452 604 
Group09_02.txt
18 48 106 131 142 186 189 227 261 265 282 295 313 315 338 359 381 390 421 431 463 485 
Group09_03.txt
47 287 369 490 
Group09_04.txt
155 183 251 294 399 416 476 570 
Group09_05.txt
52 102 137 141 184 282 397 402 432 456 460 463 480 554 637 644 756 770 809 816 897 933 963 981 1008 
Group09_06.txt
86 162 218 283 309 317 341 506 
Group09_07.txt
13 29 34 65 71 101 111 123 135 152 170 180 188 193 211 213 224 260 271 321 356 365 368 377 383 398 406 471 510 583 627 651 682 744 764 817 831 860 865 891 896 
Group09_08.txt
58 320 340 368 454 
Group09_09.txt
26 171 206 212 217 256 286 329 360 377 547 590 647 662 673 748 764 821 854 872 909 938 
Group09_10.txt
81 110 271 300 341 356 372 402 581 588 678 695 720 732 
Group09_11.txt
109 146 170 190 219 236 258 309 363 377 470 474 525 637 
Group09_12.txt
169 233 330 341 346 377 392 417 428 442 522 
Group09_13.txt
48 58 66 73 217 221 241 255 286 294 341 347 395 398 471 504 511 
Group09_14.txt
120 173 182 218 230 283 318 344 355 367 407 445 480 521 529 533 550 638 683 756 762 
Group09_15.txt
86 199 212 420 452 
Group09_16.txt
24 63 92 141 182 344 373 378 382 441 498 
Group09_17.txt
81 85 151 198 220 224 251 272 291 338 388 436 461 618 641 653 704 
Group09_18.txt
16 24 42 45 53 116 128 156 170 243 282 318 339 372 401 572 634 
Group09_19.txt
51 94 152 168 293 372 543 
Group09_20.txt
77 115 275 301 337 345 388 398 427 475 489 508 527 563 600 
Group09_21.txt
34 71 104 188 279 345 399 431 483 546 566 657 763 800 894 1095 1167 
Group09_22.txt
47 57 137 142 182 300 348 388 395 463 493 533 626 635 678 
Group09_23.txt
128 155 186 191 233 289 351 375 412 491 543 616 
Group09_24.txt
320 334 352 360 373 422 441 443 559 
Group09_25.txt
29 56 127 140 214 308 396 494 
Group09_26.txt
50 56 60 75 93 111 181 200 203 264 288 463 528 541 560 700 727 756 761 801 828 836 928 944 1177 1213 1241 1263 
Group09_27.txt
39 58 123 171 217 234 240 253 260 389 
Group09_28.txt
34 45 75 92 151 161 214 242 256 308 311 320 338 376 382 416 419 424 467 511 528 536 
Group09_29.txt
23 77 149 157 203 225 266 300 328 415 448 500 538 568 
Group09_30.txt
16 35 161 213 363 478 490 613 629 658 
Group09_31.txt
23 47 62 190 206 244 271 283 302 305 333 408 537 544 550 568 588 
Group09_32.txt
64 68 234 326 395 402 457 477 564 569 
Group09_33.txt
99 122 146 196 231 256 269 349 371 403 437 460 
Group09_34.txt
60 152 223 257 292 298 350 414 458 468 484 512 583 596 
Group09_35.txt
110 185 231 247 252 406 518 606 756 
Group09_36.txt
49 141 192 243 264 417 445 507 
Group09_37.txt
38 60 90 122 129 150 208 214 246 263 287 313 366 630 667 703 713 755 764 853 918 920 943 1029 1126 1177 1214 1284 1289 
Group09_38.txt
32 59 172 247 271 391 454 541 551 
Group09_39.txt
14 37 62 129 204 231 255 379 450 578 621 641 653 658 661 709 723 
Group09_40.txt
132 146 256 296 320 392 432 480 493 539 554 571 617 729 770 810 
Group09_41.txt
53 86 106 112 129 205 220 248 283 308 360 406 421 529 
Group09_42.txt
35 99 148 177 188 202 293 334 361 369 440 460 467 510 548 590 628 
Group09_43.txt
85 178 259 339 511 587 602 663 684 
Group09_44.txt
50 89 170 188 195 225 258 291 324 381 499 
Group09_45.txt
70 226 258 286 317 412 524 649 671 714 716 755 788 
Group09_46.txt
21 39 44 154 181 287 336 357 368 420 450 551 562 661 
Group09_47.txt
27 65 99 151 175 189 194 284 400 411 455 500 502 508 570 592 
Group09_48.txt
4 32 54 81 229 243 256 285 318 367 379 388 429 691 717 757 
Group09_49.txt
77 170 209 216 251 341 415 467 491 520 661 667 686 737 754 822 885 910 
Group09_50.txt
82 173 176 187 199 251 292 310 331 393 542 570 600 652 
Group10_01.txt
49 85 134 198 242 268 273 287 318 376 398 411 434 452 458 482 507 522 552 571 576 599 617 652 724 
Group10_02.txt
62 91 103 151 165 182 248 274 363 374 376 439 453 
Group10_03.txt
56 131 138 165 172 203 234 289 294 364 389 392 436 503 581 584 605 619 669 675 699 709 797 804 814 858 865 884 911 967 
Group10_04.txt
60 124 199 218 269 273 314 360 394 412 418 456 481 499 541 563 
Group10_05.txt
4 83 96 221 257 318 329 375 381 398 410 416 422 432 457 461 598 663 721 740 845 
Group10_06.txt
183 236 324 329 358 396 405 553 574 598 632 
Group10_07.txt
31 45 58 62 70 266 336 343 385 507 532 
Group10_08.txt
69 74 113 165 200 221 310 313 331 517 570 696 
Group10_09.txt
28 31 59 73 117 124 137 142 217 231 283 360 373 408 440 492 531 551 582 641 648 683 773 800 850 897 936 949 969 996 1025 
Group10_10.txt
8 23 51 67 93 142 192 213 216 288 291 340 386 417 499 540 616 707 745 788 818 844 858 882 939 990 
Group10_11.txt
7 27 38 86 162 174 186 192 212 242 285 356 418 496 503 515 520 525 555 581 599 618 667 682 690 696 703 736 743 763 808 855 871 901 917 940 964 967 1061 1084 1164 1221 1227 1237 1240 1278 
Group10_12.txt
15 55 115 167 169 208 289 320 326 389 405 441 444 461 473 492 497 511 519 537 552 560 569 593 597 599 618 641 660 692 714 741 748 777 787 
Group10_13.txt
24 40 72 79 132 135 177 268 319 325 379 390 407 465 472 511 529 541 588 600 644 662 715 
Group10_14.txt
11 60 88 102 117 148 160 181 259 280 377 380 415 419 431 455 550 
Group10_15.txt
37 53 138 151 153 164 182 206 215 240 293 305 381 390 396 406 415 481 498 566 600 666 678 
Group10_16.txt
53 142 157 220 227 233 248 313 410 455 487 541 555 585 587 612 651 656 662 805 848 922 1000 
Group10_17.txt
41 84 149 160 177 208 221 302 328 381 392 411 434 512 540 548 642 663 713 735 770 780 793 847 866 880 902 942 958 974 992 1042 
Group10_18.txt
30 88 116 139 205 245 261 338 349 363 374 386 395 443 448 501 564 584 587 613 641 706 711 757 777 
Group10_19.txt
33 52 68 86 89 246 284 294 315 361 368 394 402 515 561 565 
Group10_20.txt
4 49 71 91 136 161 193 225 230 242 261 363 403 413 473 478 520 542 562 568 619 
Group10_21.txt
28 89 110 216 223 245 317 407 410 437 468 490 556 579 616 670 679 690 717 758 763 772 866 933 
Group10_22.txt
7 94 130 237 241 388 420 431 471 491 515 576 607 710 787 805 
Group10_23.txt
15 59 74 76 90 173 210 256 269 320 362 376 393 464 489 522 630 
Group10_24.txt
21 49 85 99 120 169 197 245 265 275 284 309 481 487 555 599 781 794 845 861 871 896 1031 1216 1296 
Group10_25.txt
135 172 178 189 235 257 268 272 279 303 308 332 362 370 388 432 483 504 544 610 615 642 647 671 701 709 727 771 822 843 883 949 954 1016 1019 1126 1182 1212 1255 1262 1270 1287 
Group10_26.txt
62 91 103 151 165 182 248 274 363 374 376 439 453 
Group10_27.txt
28 55 116 173 195 218 266 272 285 290 312 323 370 422 424 444 461 521 606 657 668 798 821 836 879 910 942 978 1027 1046 
Group10_28.txt
69 89 101 117 142 166 191 236 256 288 342 379 410 425 446 498 526 577 680 741 762 767 776 780 831 846 855 865 913 927 931 974 992 1014 1084 
Group10_29.txt
28 239 284 288 345 372 418 423 470 550 566 635 665 678 757 819 875 902 942 953 987 992 1015 
Group10_30.txt
53 80 102 121 226 243 325 390 425 434 459 502 511 
Group10_31.txt
15 69 88 166 203 254 355 373 400 411 428 512 529 568 598 638 
Group10_32.txt
16 58 117 153 218 222 259 309 394 428 445 515 517 561 577 654 674 692 
Group10_33.txt
104 111 218 227 236 346 355 456 462 682 724 1166 1182 1193 1310 1406 1431 1575 1589 1603 1624 
Group10_34.txt
167 190 199 243 263 321 338 455 473 492 495 527 
Group10_35.txt
62 66 90 100 147 198 203 215 234 250 328 379 392 422 692 711 743 764 805 834 883 887 904 932 937 967 1013 1069 1106 1165 1169 1205 1267 1287 1327 1343 1357 1429 1441 1493 1515 1545 1549 1575 1598 1635 1663 1671 1685 
Group10_36.txt
158 206 220 278 315 331 333 440 448 520 580 675 694 768 817 823 849 873 875 
Group10_37.txt
56 64 95 128 291 342 355 366 403 428 474 519 532 577 655 670 755 
Group10_38.txt
66 80 145 153 163 211 327 385 399 419 471 514 531 564 597 646 668 694 708 711 730 766 903 915 955 962 1015 1046 1059 
Group10_39.txt
83 110 122 220 233 278 286 334 353 360 364 405 461 467 546 806 811 830 853 927 949 952 966 
Group10_40.txt
285 349 357 469 480 524 563 618 642 650 675 
Group10_41.txt
44 164 224 246 264 271 334 367 381 421 451 479 566 617 
Group10_42.txt
26 156 185 202 311 497 551 
Group10_43.txt
61 100 111 181 252 264 325 469 534 645 653 721 764 874 917 979 995 1026 1155 
Group10_44.txt
43 86 150 175 189 201 338 351 414 467 507 548 554 617 631 695 739 790 831 
Group10_45.txt
7 17 51 108 179 186 210 214 275 278 339 425 435 465 477 482 535 543 556 577 587 593 645 660 
Group10_46.txt
59 69 140 167 193 204 301 339 397 417 479 485 497 515 528 592 
Group10_47.txt
81 161 189 418 456 494 553 586 618 648 654 737 791 821 875 898 919 939 999 1041 
Group10_48.txt
39 154 191 208 215 268 290 292 339 356 430 504 506 605 677 679 691 704 
Group10_49.txt
84 118 181 226 254 289 318 340 382 603 612 658 739 757 771 778 800 
Group10_50.txt
18 130 145 280 291 296 376 382 431 443 485 499 
Group11-01.txt
13 80 172 185 270 302 345 368 375 436 438 454 461 518 529 534 627 644 649 691 764 
Group11-02.txt
6 71 86 90 157 195 198 228 277 281 307 378 392 429 442 503 546 563 645 656 815 839 880 917 939 959 991 1002 1022 1072 1095 1141 1154 1170 1174 1190 1223 1260 
Group11-03.txt
109 183 291 344 385 404 476 491 510 516 525 542 586 649 665 718 
Group11-04.txt
7 144 216 228 399 432 451 462 506 549 568 580 582 594 646 656 679 737 765 820 846 895 910 
Group11-05.txt
86 126 137 161 213 237 367 378 412 432 458 476 607 670 695 818 856 873 886 947 952 1016 1054 1091 1106 1147 1233 1317 1361 1369 1423 1467 1510 1532 1541 1543 1653 1659 1668 1722 1730 1820 1836 1846 1857 1886 1915 1927 1929 1933 1940 1983 2025 2035 2137 2206 2254 2271 2288 2371 
Group11-06.txt
25 54 108 143 162 178 231 316 326 337 442 
Group11-07.txt
23 84 112 115 151 162 178 229 232 285 342 361 429 443 523 617 688 690 711 717 
Group11-08.txt
21 67 78 102 151 161 175 181 203 332 350 373 468 479 525 547 555 587 600 
Group11-09.txt
126 144 161 173 179 320 340 351 375 491 
Group11-10.txt
9 91 122 180 184 206 258 260 305 313 329 355 384 434 438 483 510 521 
Group11-11.txt
110 153 229 324 362 365 379 391 439 490 
Group11-12.txt
7 13 20 51 74 85 140 214 236 269 288 369 379 449 521 565 587 596 607 610 620 630 661 671 699 711 
Group11-13.txt
70 164 184 199 276 297 306 317 325 345 378 404 426 471 538 544 584 593 647 665 696 
Group11-14.txt
9 55 111 195 211 387 424 436 460 464 499 540 648 667 691 726 770 778 842 891 909 966 987 1060 1063 1078 1095 1108 1125 1172 1197 
Group11-15.txt
37 46 87 108 134 204 224 236 273 275 331 429 473 514 518 700 737 762 802 928 966 989 1009 1067 1090 1117 1231 1271 1341 1435 1477 1499 1518 1549 1567 1644 1695 1824 1895 1938 2026 2119 2199 2213 2278 2344 2358 2453 2500 
Group11-16.txt
19 46 80 98 104 124 191 270 281 380 393 457 498 501 532 606 619 693 737 747 792 830 951 965 1054 1076 1087 1117 1175 1195 1234 1297 1311 1329 1349 1393 1419 1421 1423 1441 1475 1586 1592 1619 1645 1650 1660 1726 1746 1851 1881 1926 1935 1968 2044 2070 2108 2241 2272 2334 2411 2503 2525 2557 2599 2632 2649 2658 2698 2781 2844 2953 3071 3179 3191 3217 3222 
Group11-17.txt
23 90 100 122 244 270 313 348 356 362 442 453 494 550 562 632 658 671 731 760 777 
Group11-18.txt
26 86 98 140 163 183 221 292 296 304 307 413 431 569 572 
Group11-19.txt
69 100 210 221 235 248 256 290 321 364 371 399 413 425 648 695 
Group11-20.txt
90 123 145 159 218 252 315 356 362 369 392 394 420 453 534 539 581 590 609 637 690 738 766 780 892 920 936 945 1056 1076 1091 1126 1166 1248 1283 1306 
Group11-21.txt
23 49 203 224 271 277 299 374 396 418 447 453 467 509 587 595 604 642 676 831 853 887 889 
Group11-22.txt
188 201 216 259 324 351 406 447 468 488 518 668 678 700 710 752 838 846 850 940 951 
Group11-23.txt
60 81 117 154 161 193 222 393 531 535 561 566 630 659 676 735 769 776 820 840 849 
Group11-24.txt
26 62 143 179 183 189 203 216 223 230 297 339 376 412 482 508 519 554 615 673 692 782 954 968 1026 1099 1109 1128 1135 1217 1222 1254 1259 1278 1328 1343 1351 1404 1458 1461 1501 1565 1649 1690 1696 1720 1814 1837 1839 1841 1872 1894 1901 1915 1925 2131 2213 2254 2280 2292 2410 2422 2447 2473 2480 2529 2568 2601 2610 2623 
Group11-25.txt
45 85 124 160 221 230 263 269 284 442 460 562 610 645 652 678 708 
Group11-26.txt
17 158 164 214 247 349 371 
Group11-27.txt
105 163 189 192 204 214 
Group11-28.txt
1 13 34 54 89 182 237 316 358 421 475 507 520 548 578 653 699 724 773 784 845 913 959 1002 
Group11-29.txt
23 41 77 103 140 150 169 203 274 339 350 353 404 414 468 538 546 559 569 597 700 746 789 
Group11-30.txt
187 366 403 523 533 543 576 622 665 
Group11-31.txt
124 191 235 253 285 464 489 521 539 588 593 
Group11-32.txt
12 76 93 212 447 465 500 510 532 578 678 710 749 795 838 
Group11-33.txt
52 218 254 267 352 374 383 387 397 412 422 444 588 659 673 689 692 710 749 756 808 883 
Group11-34.txt
29 84 159 164 174 437 
Group11-35.txt
138 156 192 199 239 456 
Group11-36.txt
54 146 195 301 358 366 402 
Group11-37.txt
58 65 97 188 241 265 369 419 445 451 577 635 706 776 806 815 837 
Group11-38.txt
13 24 59 68 83 113 159 188 311 327 402 466 503 540 632 711 753 851 
Group11-39.txt
69 82 108 115 226 251 258 265 280 287 291 347 457 469 525 551 623 653 677 696 
Group11-40.txt
36 50 145 198 245 260 272 342 349 378 402 454 527 541 552 599 639 680 701 
Group11-41.txt
41 120 167 211 227 330 398 
Group11-42.txt
7 64 159 248 277 352 442 461 487 528 571 
Group11-43.txt
103 211 264 290 323 365 380 
Group11-44.txt
134 151 154 172 192 283 295 307 325 328 399 464 471 474 506 509 528 557 577 647 826 
Group11-45.txt
64 144 151 187 219 258 274 297 358 400 419 442 488 507 541 557 690 739 748 764 858 864 912 940 942 952 989 1078 1080 1088 1100 1139 1155 1171 1204 1263 1301 1322 
Group11-46.txt
8 21 55 90 181 217 271 311 320 322 334 372 455 491 547 565 669 707 776 837 846 857 866 878 1072 1093 1113 1122 1153 1169 1181 1258 1290 1315 1367 1390 1409 1447 1488 1498 1510 1550 
Group11-47.txt
14 154 304 375 516 521 533 557 657 770 828 
Group11-48.txt
21 59 163 269 283 426 436 467 536 541 580 617 707 723 750 795 802 
Group11-49.txt
22 62 172 231 288 338 378 427 464 488 548 591 610 618 
Group11-50.txt
82 87 95 105 129 241 276 319 364 368 393 397 421 479 490 501 531 537 551 567 628 661 681 704 779 794 877 914 959 982 984 
Group12_01.txt
51 209 234 257 288 329 368 385 391 397 450 490 577 618 725 766 853 892 909 915 921 1031 1112 1175 1233 1239 1241 1356 1446 1486 1510 1575 
Group12_02.txt
23 104 109 112 182 238 244 282 523 557 568 576 605 626 638 653 663 731 750 758 760 793 1000 1060 1080 1291 1367 1396 1438 1517 1549 1565 1593 1618 1623 1639 1663 1707 1834 1850 1854 1926 1933 1937 1954 2001 2003 2075 2080 2095 
Group12_03.txt
81 124 140 183 209 342 355 381 404 435 441 454 494 505 508 565 603 628 640 701 739 926 1004 1006 1166 1289 1404 1419 1445 
Group12_04.txt
93 98 103 133 191 228 255 288 417 464 485 578 658 694 701 711 843 934 1087 1125 1145 1153 1174 1190 1214 1219 1329 1420 1461 1564 1601 1617 1650 1691 1751 1764 1768 1781 1793 1813 1824 1913 1976 1992 2033 2060 2092 2214 2233 2280 2331 2347 2354 2362 2409 2441 2449 2464 2533 2540 2560 2597 2617 2645 2716 2729 2733 2746 2758 2778 2801 2862 2870 
Group12_05.txt
57 143 207 261 291 298 313 332 416 422 468 474 577 583 621 643 
Group12_06.txt
18 30 77 179 201 266 298 331 362 403 447 575 591 633 665 679 681 740 800 810 932 1008 1038 1111 1194 1229 1262 1306 1327 1344 1365 1398 1411 1415 
Group12_07.txt
16 28 270 288 354 357 360 458 600 694 725 732 782 814 826 858 876 915 986 991 1117 1244 1286 1294 
Group12_08.txt
30 57 98 126 146 165 227 236 255 270 293 312 315 343 411 431 505 533 568 613 
Group12_09.txt
7 27 56 101 200 207 246 287 478 507 560 590 608 888 921 935 940 1028 1053 1150 
Group12_10.txt
74 181 189 261 268 290 295 307 342 416 430 437 510 517 533 672 687 713 715 767 869 
Group12_11.txt
8 31 58 103 178 198 294 321 370 457 545 603 613 636 675 726 769 795 
Group12_12.txt
8 31 58 103 178 198 294 321 370 457 545 603 613 636 675 726 769 795 
Group12_13.txt
25 141 156 227 247 323 425 451 506 632 637 748 776 811 846 862 928 1025 1057 1145 1165 1173 1180 1186 1247 1346 1585 1662 1667 1677 1700 1712 1720 1793 1982 2055 
Group12_14.txt
63 194 213 234 315 377 416 427 509 590 614 707 733 815 857 932 934 
Group12_15.txt
1 25 97 119 198 205 218 234 295 334 344 415 441 489 510 553 651 663 688 692 
Group12_16.txt
66 88 160 173 176 225 256 298 320 334 346 400 448 482 503 510 
Group12_17.txt
258 275 308 394 437 471 
Group12_18.txt
57 109 143 153 189 222 228 282 299 306 369 386 415 422 522 
Group12_19.txt
112 247 264 294 382 413 460 497 515 522 565 567 573 604 651 658 738 784 789 808 854 872 926 964 1040 1153 1161 1198 1231 1343 
Group12_20.txt
214 410 421 501 513 539 573 580 589 
Group12_21.txt
41 50 91 118 125 170 179 268 330 337 348 375 393 472 481 550 635 651 
Group12_22.txt
2 81 121 149 158 191 197 233 273 291 334 418 505 519 522 526 551 567 604 633 657 709 774 
Group12_23.txt
1 160 165 175 226 253 353 423 495 515 544 563 574 
Group12_24.txt
205 213 457 547 571 614 643 718 805 
Group12_25.txt
104 162 187 229 247 369 419 466 480 556 585 636 652 676 713 
Group12_26.txt
60 147 229 276 283 343 346 364 394 436 493 602 697 721 903 1014 1092 1189 1235 1246 1395 1418 1427 1463 1513 1519 1537 1600 
Group12_27.txt
56 134 141 154 198 259 261 279 323 346 365 400 421 442 445 515 
Group12_28.txt
63 87 97 120 166 173 215 229 236 257 266 287 303 311 322 349 355 366 424 457 508 519 564 591 627 652 660 
Group12_29.txt
69 192 200 265 350 428 520 525 531 551 584 
Group12_30.txt
4 100 124 247 260 266 291 301 315 336 347 373 421 430 452 477 488 497 503 536 554 617 621 625 
Group12_31.txt
9 16 27 35 43 114 116 167 177 209 230 271 289 300 315 409 428 448 458 470 502 511 522 524 536 538 
Group12_32.txt
24 172 185 188 210 273 287 373 419 
Group12_33.txt
40 66 76 162 191 205 229 250 316 394 418 432 458 472 
Group12_34.txt
37 121 240 286 325 351 382 457 525 602 
Group12_35.txt
45 357 384 403 424 438 467 491 500 548 558 573 654 696 720 
Group12_36.txt
95 201 362 421 
Group12_37.txt
107 136 210 245 254 271 293 416 445 510 
Group12_38.txt
2 22 46 73 87 161 213 254 281 298 312 336 383 414 550 556 629 658 677 688 
Group12_39.txt
193 216 361 374 437 452 511 534 548 562 614 617 628 642 649 667 706 724 741 758 762 786 791 
Group12_40.txt
20 37 103 184 245 402 420 517 567 576 670 
Group12_41.txt
18 43 57 109 186 205 261 296 319 376 394 416 433 467 490 547 581 594 613 625 635 654 678 719 747 750 756 773 793 814 826 859 863 
Group12_42.txt
9 11 38 118 128 159 169 175 185 195 217 452 495 505 511 572 588 605 618 620 637 650 652 697 814 850 1123 1180 1276 1362 1396 1438 1452 1464 1489 1521 1554 
Group12_43.txt
34 45 94 130 212 270 286 349 355 358 384 422 486 529 568 577 592 641 714 824 871 
Group12_44.txt
13 82 120 130 152 155 222 277 293 319 350 363 448 491 530 560 565 
Group12_45.txt
192 260 285 347 380 405 502 519 544 576 
Group12_46.txt
79 210 225 287 386 488 671 683 
Group12_47.txt
4 55 59 115 194 237 269 296 306 347 365 495 
Group12_48.txt
146 180 221 227 283 286 336 658 
Group12_49.txt
128 162 231 335 340 361 434 488 539 545 597 619 747 766 896 901 1017 1023 1028 1092 1325 1412 1533 1561 1568 1598 1607 1616 1638 1713 1979 2024 2029 2073 2125 2165 2203 2246 2288 2298 2301 2337 2344 2401 2469 2518 2526 2548 2594 2596 2634 2649 
Group12_50.txt
79 91 251 374 423 491 
Group13_01.txt
110 277 430 615 632 660 
Group13_02.txt
45 52 78 108 237 274 307 330 443 716 879 895 918 922 928 947 959 980 992 1027 1068 1143 1171 1292 1313 1317 1384 1410 1444 1470 1491 1551 1564 1573 1850 1900 2030 2041 
Group13_03.txt
157 171 262 293 310 348 419 501 538 580 594 641 
Group13_04.txt
64 98 250 588 623 635 711 761 798 902 1005 1088 1093 1113 1162 1175 1185 1207 1223 
Group13_05.txt
55 241 283 328 389 450 502 515 544 571 590 740 755 781 822 940 958 976 1021 1028 1057 1072 1080 1135 1159 1175 1298 1309 1354 1377 1438 1446 1527 1542 1615 1636 1654 1833 1836 1839 1879 1891 1905 1949 2007 2028 2049 2079 2132 2140 2166 
Group13_06.txt
19 182 238 403 437 587 595 640 653 680 716 751 764 864 905 1052 1112 1226 1238 1246 1265 1283 1288 1293 1389 1484 1529 1559 1611 1621 1760 1820 1838 1869 1990 2052 2125 2159 2208 2288 2301 2326 2342 2364 2488 2494 2546 2576 2732 2748 
Group13_07.txt
60 94 97 131 184 283 296 319 354 438 493 596 
Group13_08.txt
6 30 209 302 322 552 581 607 737 757 779 794 918 1030 1148 1191 1199 1202 1254 1261 
Group13_09.txt
21 53 76 123 175 213 226 240 256 288 296 311 330 380 423 483 526 538 663 714 736 787 820 837 869 884 1014 1026 1055 1087 1098 1180 1200 1247 1281 1375 1408 1417 1444 1498 1608 1651 1699 1701 1733 1737 1796 1822 1908 
Group13_10.txt
110 205 238 284 322 335 370 436 491 576 600 632 634 812 834 880 882 
Group13_11.txt
98 171 216 311 358 377 381 402 561 579 614 630 642 
Group13_12.txt
19 161 234 287 364 390 454 518 524 554 600 652 682 720 726 
Group13_13.txt
147 184 262 
Group13_14.txt
111 140 160 168 201 254 257 261 264 316 388 392 493 513 545 611 664 
Group13_15.txt
62 94 115 136 155 179 189 193 244 309 316 330 332 373 396 403 416 462 507 531 555 565 607 658 
Group13_16.txt
61 69 75 96 129 171 202 240 245 291 315 342 
Group13_17.txt
38 51 116 137 167 282 351 383 468 546 562 571 676 
Group13_18.txt
79 83 145 159 165 191 221 253 266 400 439 465 569 689 737 838 845 879 902 914 925 
Group13_19.txt
61 151 158 241 306 348 424 
Group13_20.txt
138 154 180 252 281 353 457 484 490 531 534 622 630 677 726 746 751 787 798 806 
Group13_21.txt
10 81 86 105 244 426 476 616 622 626 823 832 851 873 879 917 930 991 1054 1092 1096 1198 1247 1387 1422 1475 1505 1509 1519 1700 1809 1843 1867 1876 1934 1983 1995 2019 2022 2066 2093 
Group13_22.txt
10 162 173 220 231 269 301 339 385 504 535 571 688 745 775 787 806 867 879 913 994 1066 1069 1089 1106 1187 1233 1290 1302 1367 1379 1398 1439 1502 1546 1653 1681 1687 1714 1766 1864 1889 1930 1935 1939 1991 2070 2095 2120 2156 2193 2210 2264 2302 2360 2370 2399 2442 2460 2489 2514 2584 2616 2623 2662 2680 2799 2830 2867 2919 3329 3368 3431 3455 3544 3560 3641 3669 3738 3753 3758 3802 3849 3872 3909 3929 3960 3972 3977 3980 4008 4011 4023 4026 4078 4108 4130 4162 4165 4216 4327 4362 4392 4396 4403 4420 4434 4455 4470 4478 4498 4511 4531 4612 4624 4662 4669 4717 4726 4735 4743 4796 4841 4863 4892 4897 4913 4939 4943 4959 4985 5016 5066 5101 5147 5153 5189 5214 5218 5223 5280 5290 5324 5485 5594 5611 5634 5655 5671 5745 5783 5801 5814 5827 5836 5865 5931 5956 5975 6105 6133 6155 6208 6321 6338 6340 6356 6386 6427 6462 6482 6537 6594 6629 6659 6737 6760 6771 6783 6801 6805 6814 6835 6850 6990 7032 7042 7056 7072 7256 7276 7318 7321 7369 7432 7534 7568 7593 7645 7676 7698 7718 7730 7782 7791 7844 7848 7899 8102 8130 8199 8242 8252 8259 8270 8291 8322 8531 8571 8598 8656 8713 8761 8815 8823 8875 8941 9076 9090 9137 9195 9222 9238 9266 9304 9336 9411 9414 9479 9499 9517 9645 9678 9711 9757 9864 9903 9968 9987 10010 10064 10121 10261 10327 10348 10365 10380 10397 10427 10433 10484 10499 10513 10523 10539 10658 10673 10836 10871 10915 10923 10940 10957 10983 11006 11109 11129 11179 11189 11217 11304 11367 11416 11439 11451 11464 11484 11533 11546 11567 11638 11675 11698 11705 11715 11754 11759 11781 11814 11913 11942 11945 11953 11958 12013 12019 12064 12069 12095 12127 12186 12292 12378 12399 12413 12432 12446 12462 12475 12480 12539 12544 12547 12591 12599 12626 12633 12675 12704 12742 12789 12812 12883 12889 12925 12934 12949 12967 12999 13046 13050 13067 13119 13252 13268 13281 13310 13330 13349 13512 13539 13601 13628 13649 13716 13750 13756 13815 13833 13915 13957 13970 14087 14102 14105 14122 14186 14234 14262 14299 14306 14341 14378 14409 14439 14465 14504 14552 14566 14570 14597 14608 14630 14641 14674 14694 14704 14712 14745 14776 14795 14850 14931 14956 15025 15035 15092 15123 15142 15155 15191 15232 15309 15331 15418 15447 15460 15506 15518 15633 15644 15663 15674 15739 15775 15801 15842 15863 15898 15942 15944 15995 16021 16110 16185 16243 16343 16353 16365 16412 16434 16468 16472 16484 16498 16510 16514 16526 16548 16555 16591 16622 
Group13_23.txt
19 60 75 123 133 215 224 264 307 378 438 455 528 538 568 595 670 735 759 764 788 803 823 828 979 991 1076 1099 1140 1180 1183 1201 1218 1223 1239 1272 1296 1314 1354 1356 1383 1399 1421 1434 1503 1534 1583 1690 1715 1726 1878 1910 1935 1944 1968 1972 2006 2047 2090 2110 2197 2268 2333 2337 2380 2403 2446 2465 2502 2539 2542 2560 2597 2644 2661 2772 2788 2803 2805 2858 2937 2999 3035 3058 3068 3076 3155 3176 3231 3267 3302 3351 3431 3440 3500 3566 3577 3648 3658 3793 3830 3838 
Group13_24.txt
21 32 73 211 215 220 234 253 277 330 392 410 564 598 617 655 702 761 838 998 1027 1046 1095 1119 1212 1290 1350 1379 1381 1419 1427 1435 1459 1512 1519 1578 1598 1612 1625 1677 1773 1833 1861 1884 1898 1914 2031 2187 2198 2204 2241 2263 2460 2548 2628 2645 2676 2730 2762 2785 2849 2862 2893 2959 3152 3165 3178 3276 3432 3587 3597 3653 3660 3696 3755 3778 3790 3796 3842 3850 3887 3889 3920 3936 3939 4007 4066 4205 4231 4249 4418 4466 4488 4499 4534 4546 4548 4564 4569 4611 4614 4637 4670 4721 4743 4763 4781 4792 4852 4950 4988 5199 5201 5274 5338 5358 5380 5467 5476 5553 5605 5611 
Group13_25.txt
61 73 158 220 226 246 263 301 330 454 554 583 587 610 628 631 639 695 739 747 774 811 919 954 973 979 990 995 1020 1046 1072 1082 1088 1110 1168 1300 1306 1354 1359 1466 1566 1595 1619 1623 1635 1661 1663 1680 1732 1780 1832 1946 1973 2004 2031 2087 2132 2136 2232 2236 2241 2326 2374 2384 2437 2462 2469 2475 2483 2503 2526 
Group13_26.txt
14 94 161 200 220 234 289 317 321 354 360 389 456 476 481 508 521 555 613 621 650 689 724 766 813 840 874 1068 1211 1217 1227 1246 1402 1412 1425 1490 1563 1596 1627 1638 1672 1737 1789 1805 1823 1930 1981 2029 2035 2244 2283 2304 2330 2372 2416 2437 2453 2468 2472 2536 2567 2583 2603 2649 2703 2708 2757 2778 2805 2852 2874 2937 3034 3100 3133 3174 3199 3208 3257 3340 3390 3432 3557 3590 3669 3689 3724 3745 3782 3856 3890 3925 3979 4066 4102 4189 4235 4258 4312 4368 4430 4522 4559 4646 4705 4718 4742 4850 4864 4954 4967 4976 5004 5008 5060 5090 5154 5198 5211 5260 5265 5331 5342 5361 5364 5392 5398 5428 5492 5547 5552 5557 5606 5670 5689 5708 5737 5767 5787 5801 5914 5948 5952 6128 6132 6164 6246 6263 6284 6291 6298 6389 6405 6424 6455 6572 6670 6675 6728 6730 6805 6821 6827 6845 6892 6949 7050 7107 7145 7185 7216 7232 7322 7345 7362 7409 7458 7469 7544 7601 7630 7755 7804 7820 7846 7900 7973 8073 8124 8135 8139 8173 8213 8217 8223 8270 8338 8413 8443 8469 8575 8594 8628 8728 8759 8769 8785 8805 8833 8839 8860 8870 8888 8954 9017 9125 9128 9144 9232 9237 9268 9305 9343 9358 9380 9386 9446 9473 9501 9543 9549 9563 9574 9599 9607 9645 9683 9697 9721 9734 9752 9800 9808 9830 9838 9946 9963 9971 9982 9997 10024 10028 10142 10230 10331 
Group13_27.txt
46 85 142 171 178 247 325 360 427 447 677 706 783 787 862 954 990 1035 1102 1143 1159 1171 1177 1198 1244 1258 1281 1306 1343 1348 1404 1456 1469 1512 1545 1559 1586 1609 1614 1648 1655 1668 1689 1814 1885 2073 2095 2108 2186 2211 2213 2296 2310 2340 2345 2401 2409 2639 2642 2771 2773 2796 2966 3030 3049 3071 3104 3140 3175 3215 3247 3290 3299 3336 3351 3396 3478 3497 
Group13_28.txt
175 227 254 316 349 467 480 494 618 640 672 727 779 901 954 973 1003 1053 1166 1213 1278 1309 1326 1393 1575 1637 1649 1788 1821 1856 1919 2069 2149 2151 2281 2306 2422 2511 2780 2797 2853 2899 3076 3130 3282 3375 
Group13_29.txt
17 91 106 175 180 186 220 241 257 292 420 472 513 538 594 623 656 741 787 874 972 1036 1060 1067 1143 1214 1388 1402 1419 1426 1431 1439 1456 1464 1489 1529 1541 1592 1610 1620 1651 1745 1812 1865 1901 1977 2013 2153 2191 2254 2368 2481 2594 2804 2847 2932 2952 3004 3026 3032 3045 3125 3138 3171 3186 3234 3264 3289 3424 3517 3541 3624 3627 3643 3655 3672 3689 3722 3793 3820 3828 3855 3858 3903 3940 3956 3974 3980 4020 4032 4064 4094 4167 4192 4232 4284 4352 4379 4420 4437 4473 4502 4539 4635 4667 4694 4740 4795 4827 4932 4959 4983 5019 5081 5089 5100 5116 5157 5169 5228 5247 5265 5380 5409 5429 5446 5474 
Group13_30.txt
120 138 163 274 327 362 412 440 545 558 877 925 936 958 982 1133 1221 1261 1311 1429 1497 1511 1607 1682 1808 1836 1864 1903 1911 1933 1938 1962 1970 1992 2004 2035 2084 2135 2187 2227 2256 2289 2320 2357 2378 2399 2464 2748 2766 2845 2868 2998 3020 3027 3146 3163 3183 3205 3221 3262 3373 3549 3602 3641 3745 3867 3960 4039 4080 
Group13_31.txt
34 201 216 284 300 321 580 582 599 643 705 
Group13_32.txt
92 108 346 393 406 560 649 661 673 741 796 835 856 1209 1226 1240 1379 
Group13_33.txt
9 26 63 74 99 122 148 176 197 217 288 347 360 372 394 505 567 585 662 696 698 716 722 766 805 855 880 894 993 1124 1139 1163 1188 1212 1214 1318 1345 1353 1364 1372 1466 1515 1535 1572 1589 1606 1651 1694 1722 1776 1818 1895 1968 1992 2004 2014 2037 2074 2100 2107 2115 2128 2164 2184 
Group13_34.txt
21 54 65 95 100 114 132 146 198 201 221 229 254 271 290 
Group13_35.txt
87 107 166 250 266 332 391 428 430 535 583 645 872 874 942 992 1063 1065 1192 1202 1241 1336 1461 1476 1511 1522 1524 
Group13_36.txt
65 77 161 187 220 236 286 331 339 355 361 393 435 465 480 507 523 561 591 663 696 730 756 773 798 887 908 943 962 1081 1130 1285 1306 1325 1327 1338 1365 1367 1372 1374 1403 1432 1450 1460 1462 1464 
Group13_37.txt
88 102 143 243 260 278 306 313 368 406 410 442 466 493 539 551 577 645 655 690 704 723 768 795 828 840 855 869 883 896 935 1083 1089 1112 1129 1131 1155 1159 1192 1240 1255 1313 1350 1369 1390 1405 1412 1415 1418 1521 1526 1572 1600 1642 1650 1659 
Group13_38.txt
35 125 130 161 267 270 313 318 359 362 407 415 462 503 510 527 581 605 636 686 732 756 773 836 847 861 869 900 906 914 916 921 949 1110 1119 1138 1148 1158 1161 1215 1259 1297 1363 1376 1383 1395 1398 1407 1447 1488 1574 
Group13_39.txt
2 74 130 147 286 312 331 354 394 408 420 446 456 469 504 521 549 621 645 661 683 698 727 740 773 778 837 858 922 972 986 1013 1053 1098 1122 1142 1174 1189 1209 1234 1334 1389 1466 1501 1562 1594 1614 1638 1657 1662 1710 1825 1843 1926 2008 2022 2054 2057 2178 2199 2205 2253 2261 
Group13_40.txt
23 25 80 171 189 271 288 410 451 463 465 523 534 547 601 609 624 687 712 720 835 849 862 874 912 954 971 1006 1014 1016 1024 
Group13_41.txt
19 103 111 152 197 220 227 286 313 341 373 420 422 442 464 537 605 634 691 693 781 840 850 864 1005 1055 1087 1125 1153 1249 1309 1318 1338 1350 1366 1378 1416 1476 1498 1539 1626 1651 1685 
Group13_42.txt
50 61 76 87 192 206 242 514 629 650 678 704 740 754 779 799 820 825 932 997 1112 1116 1190 1210 1280 1387 
Group13_43.txt
63 148 162 185 203 238 284 329 386 394 404 529 561 672 697 831 927 936 1079 1088 1185 1233 1253 1291 1326 1436 1471 1492 1604 1739 1784 1790 1797 
Group13_44.txt
13 30 91 189 206 220 234 238 291 299 301 311 321 337 356 366 385 391 399 426 495 499 508 545 570 710 763 799 824 834 865 882 943 996 1038 1040 1056 1062 1085 1118 1124 1127 1134 1142 1180 1239 1272 1341 1362 1379 1408 1414 1469 1473 1492 1557 1571 1611 1664 1669 1711 1758 1772 1784 1794 1806 1885 1893 1946 1958 1963 1967 2039 2068 2241 2262 2272 2301 2324 2363 2398 2407 2422 2426 2442 2457 2490 2515 2530 2532 2634 2649 2656 2748 2762 3021 3030 3189 3199 3216 3226 3299 3359 3467 3475 3519 3523 3578 3622 3648 3765 3842 3899 
Group13_45.txt
105 186 207 339 407 553 570 587 591 595 656 709 767 799 837 887 898 987 998 1104 1119 1173 1220 1234 1312 1326 1336 1351 1447 1449 1452 1488 1497 1536 1589 1607 1609 
Group13_46.txt
37 99 138 157 175 178 200 227 328 407 472 525 527 567 586 656 673 676 689 695 743 827 839 850 874 880 901 916 1068 1074 1090 1102 1113 1147 1162 1174 1186 1225 1281 1297 1335 1361 1389 1395 1411 1424 1459 1494 1539 1559 1704 1723 1757 1871 1945 1988 2011 2041 2067 2124 2147 2169 2272 2331 2341 2351 2368 2441 
Group13_47.txt
3 99 146 174 176 216 284 286 305 344 367 411 432 446 458 526 528 544 685 709 794 908 1027 1061 1252 1280 1288 1328 1333 1349 1361 1388 1458 1510 1527 1529 1735 
Group13_48.txt
21 96 184 192 222 250 297 299 301 323 358 383 389 449 503 517 520 523 525 530 540 584 635 699 736 744 770 780 813 852 859 887 940 958 979 1032 1076 1112 1136 1199 1226 1251 1347 1358 1399 1403 1411 1425 1463 1516 1579 1677 1704 1828 1848 1856 1891 1914 1949 2010 2091 2120 2149 2178 2183 2189 2230 2236 2249 2258 2308 2317 2322 2347 2359 2379 2388 2408 2449 2456 2463 2482 2484 2523 2609 2615 2629 2640 2651 2664 
Group13_49.txt
64 76 153 221 231 252 296 316 334 344 382 409 417 423 433 476 483 512 528 620 638 800 803 808 810 818 820 823 856 859 862 864 894 901 920 947 970 986 1010 1080 1093 1105 1143 1231 1253 1331 1429 1457 1464 1543 1567 1579 1601 1612 1631 1643 1678 1707 1717 1720 1748 1852 1893 1978 2009 2105 2126 2134 2145 2170 
Group13_50.txt
103 109 129 192 209 233 241 277 295 304 346 409 418 437 466 471 497 529 544 571 598 621 658 682 722 737 797 816 911 1017 1028 1053 1064 1147 1157 1190 1207 1212 1234 1240 1261 1279 1339 1372 
Group14_01.txt
55 175 183 294 319 380 447 480 
Group14_02.txt
14 20 32 51 78 104 148 179 285 290 327 373 388 419 444 461 503 510 
Group14_03.txt
63 315 328 389 392 426 462 506 519 
Group14_04.txt
51 75 86 93 101 127 138 228 272 341 354 363 394 417 439 464 487 510 
Group14_05.txt
25 35 121 129 180 189 197 200 227 232 243 349 380 386 408 417 427 459 481 503 
Group14_06.txt
21 37 65 134 155 208 212 227 240 257 282 353 376 435 473 477 510 
Group14_07.txt
82 117 127 136 205 207 255 280 286 299 303 319 364 372 406 436 499 528 559 565 569 
Group14_08.txt
18 79 121 131 174 206 286 306 343 382 402 432 481 
Group14_09.txt
59 67 96 99 143 179 189 196 246 285 318 322 329 356 376 404 438 468 488 
Group14_10.txt
19 58 81 84 129 155 254 277 280 286 344 406 431 447 466 472 497 
Group14_11.txt
99 176 179 208 259 279 293 344 352 469 483 
Group14_12.txt
58 63 69 79 206 210 260 268 282 329 407 421 426 486 525 538 
Group14_13.txt
9 22 49 52 160 174 186 199 217 222 293 355 370 390 397 417 431 446 481 496 508 521 
Group14_14.txt
20 43 118 137 207 260 322 328 341 358 387 448 455 460 480 489 501 504 
Group14_15.txt
36 98 115 125 183 245 251 259 293 385 405 410 442 
Group14_16.txt
58 71 143 146 169 173 253 261 271 295 389 466 483 500 
Group14_17.txt
16 65 74 104 109 119 159 350 484 543 547 
Group14_18.txt
19 75 93 166 173 194 234 258 376 445 533 
Group14_19.txt
38 94 105 111 142 164 233 244 256 314 326 388 454 496 524 575 588 637 700 748 761 767 821 
Group14_20.txt
30 50 66 119 126 153 163 182 199 216 248 266 276 314 321 373 386 396 422 439 473 492 495 521 529 553 584 587 592 596 607 641 720 739 787 847 866 897 939 
Group14_21.txt
33 183 332 432 520 563 627 
Group14_22.txt
26 53 69 125 171 182 256 428 450 513 528 
Group14_23.txt
30 129 249 263 274 290 332 385 413 430 452 463 479 485 489 514 518 531 
Group14_24.txt
14 35 52 63 75 121 127 131 162 198 211 304 382 446 454 475 557 577 594 606 614 632 
Group14_25.txt
47 105 122 174 204 211 219 241 275 329 408 448 478 499 515 538 566 587 
Group14_26.txt
20 62 85 105 116 141 228 332 351 452 563 608 616 680 752 817 831 921 
Group14_27.txt
23 58 71 106 130 193 279 360 376 396 444 561 609 626 652 677 711 734 746 748 778 819 826 842 
Group14_28.txt
76 95 175 180 199 231 236 246 264 335 396 411 446 477 521 531 542 692 712 730 742 759 768 797 847 869 897 953 971 1048 
Group14_29.txt
25 35 52 108 127 204 227 247 281 303 321 346 354 378 428 446 465 476 485 
Group14_30.txt
83 107 135 194 254 393 414 458 486 539 547 601 610 643 652 680 709 779 797 892 912 967 970 
Group14_31.txt
2 24 26 32 38 73 102 145 210 262 266 318 323 355 364 366 385 411 446 462 588 594 608 622 681 774 801 862 868 915 921 941 
Group14_32.txt
34 42 103 146 155 157 248 254 297 338 394 506 531 564 573 578 598 603 619 702 777 792 815 821 831 856 877 879 930 1006 1023 1035 1075 1084 
Group14_33.txt
22 49 152 235 243 281 296 299 306 346 393 426 444 466 486 560 571 604 612 618 631 717 720 759 810 883 895 953 988 1006 1024 1099 1118 1146 
Group14_34.txt
25 50 63 96 124 218 228 244 260 275 292 295 347 371 377 388 424 497 540 580 654 678 704 742 756 
Group14_35.txt
57 85 169 193 232 295 359 385 403 418 436 447 474 507 555 559 646 682 685 698 713 729 746 776 809 822 851 916 943 1000 1028 1053 1057 1128 1190 1204 1225 1284 1394 1460 1578 1607 1613 1633 1661 1712 1723 
Group14_36.txt
3 36 57 84 171 184 235 243 267 315 389 399 416 440 457 513 520 555 562 604 
Group14_37.txt
61 78 125 153 172 207 214 229 236 244 393 442 474 519 547 556 571 585 599 619 635 692 711 751 774 788 816 885 906 912 
Group14_38.txt
52 74 119 145 173 185 272 315 319 362 371 410 472 501 512 561 574 778 823 847 883 915 924 
Group14_39.txt
63 87 100 109 130 145 173 221 266 305 332 366 407 448 482 539 560 572 577 596 638 640 677 692 715 733 801 823 859 940 947 996 1016 
Group14_40.txt
69 88 181 194 198 221 279 377 389 408 447 483 494 523 545 552 565 618 657 666 682 712 723 775 838 845 883 903 923 929 966 973 992 999 
Group14_41.txt
74 99 187 217 236 331 359 376 379 419 578 587 617 621 683 688 712 770 792 873 922 937 946 949 957 967 981 
Group14_42.txt
85 88 150 257 301 362 444 478 490 504 509 511 534 547 590 616 715 731 752 804 845 853 886 899 916 
Group14_43.txt
14 29 57 89 97 108 135 140 183 195 206 220 253 265 281 314 413 437 486 491 495 514 552 564 567 576 579 640 648 657 662 
Group14_44.txt
17 34 61 76 108 137 188 199 214 232 243 251 291 313 323 362 387 403 415 418 468 496 511 526 529 610 613 632 690 696 753 773 803 839 864 889 916 920 934 981 
Group14_45.txt
1 46 62 72 89 95 102 110 135 159 165 181 204 245 275 290 310 344 355 366 391 397 420 469 511 
Group14_46.txt
41 74 109 131 147 171 182 196 259 284 316 339 369 404 413 515 546 599 617 661 731 759 762 
Group14_47.txt
29 65 115 137 157 168 215 237 272 278 301 308 323 329 383 404 452 462 464 473 566 575 601 620 672 728 738 744 
Group14_48.txt
40 54 69 89 93 131 169 190 214 227 251 292 355 409 503 521 558 606 
Group14_49.txt
4 52 98 143 147 155 173 192 198 240 254 256 332 338 344 372 382 388 404 412 454 463 582 587 638 661 674 693 697 748 
Group14_50.txt
51 62 68 119 170 178 229 309 316 344 364 420 434 449 478 668 710 
