Group01_29.txt
43 817 
Group04_10.txt
719 
Group04_21.txt
12 51 597 819 
Group05_09.txt
234 
Group05_43.txt
501 
Group06_22.txt
8 15 46 142 285 326 422 628 
Group07_02.txt
371 
Group07_10.txt
647 
Group07_13.txt
203 
Group07_27.txt
76 
Group07_32.txt
53 358 
Group07_37.txt
692 
Group07_46.txt
743 
Group07_49.txt
171 774 
Group08_01.txt
12 123 380 726 
Group08_02.txt
11 37 44 60 93 134 423 494 559 
Group08_04.txt
62 115 132 173 202 286 486 554 612 
Group08_05.txt
41 77 125 
Group08_06.txt
150 297 670 924 
Group08_08.txt
69 102 135 154 204 229 
Group08_09.txt
79 122 134 165 177 181 364 371 727 
Group08_10.txt
48 88 95 111 222 479 825 
Group08_11.txt
44 79 130 290 
Group08_14.txt
39 71 91 123 232 
Group08_16.txt
220 470 888 1015 1220 1298 
Group08_19.txt
390 
Group08_20.txt
655 
Group08_22.txt
18 65 160 222 297 318 436 
Group08_23.txt
62 115 132 173 202 286 486 554 613 
Group09_07.txt
253 
Group09_37.txt
447 
Group10_24.txt
514 
Group11-16.txt
1045 
Group11-24.txt
808 
Group13_44.txt
283 
Group13_48.txt
1644 
Group13_49.txt
1995 
Group14_18.txt
6 18 249 394 397 
Group14_32.txt
299 
Group14_49.txt
274 
