Group01_06.txt
733 769 849 
Group01_18.txt
109 144 191 261 
Group01_19.txt
565 646 
Group01_25.txt
639 
Group02_36.txt
698 864 1156 
Group03_29.txt
2023 
Group03_31.txt
41 102 377 1661 
Group03_50.txt
1 8 13 674 742 771 1089 1137 1210 1395 
Group04_27.txt
244 332 822 825 
Group04_39.txt
305 920 933 
Group04_40.txt
537 
Group04_41.txt
749 895 
Group04_43.txt
168 623 648 
Group05_23.txt
552 738 763 820 923 1038 1119 1169 1397 
Group06_34.txt
157 
Group06_45.txt
194 230 500 514 521 528 568 618 
Group06_47.txt
274 
Group07_15.txt
588 
Group07_23.txt
227 
Group08_02.txt
511 
Group08_25.txt
573 1174 
Group08_29.txt
1240 
Group10_03.txt
99 
Group10_14.txt
242 
Group10_33.txt
1333 
Group11-30.txt
545 
Group12_21.txt
45 120 174 
Group12_38.txt
345 
Group12_40.txt
198 230 256 484 508 
