Group01_04.txt
0 34 215 297 363 394 
Group01_16.txt
0 55 219 224 249 346 
Group01_19.txt
556 
Group01_23.txt
482 
Group01_24.txt
0 34 215 297 356 387 
Group01_29.txt
15 79 119 141 145 175 188 191 224 308 327 337 351 401 411 435 453 476 489 509 549 571 585 595 604 609 636 646 710 725 759 781 798 821 
Group01_30.txt
106 416 
Group02_05.txt
311 
Group03_31.txt
677 
Group03_32.txt
287 
Group03_33.txt
1280 
Group03_35.txt
120 226 539 647 
Group03_39.txt
270 
Group03_47.txt
1 103 192 241 502 531 576 657 744 963 
Group03_50.txt
261 
Group04_27.txt
135 
Group04_39.txt
484 
Group04_40.txt
404 
Group04_43.txt
67 86 100 158 272 294 304 345 350 383 385 406 
Group05_14.txt
871 
Group05_23.txt
331 
Group05_25.txt
15 61 284 351 384 784 841 863 1023 
Group05_32.txt
22 398 
Group07_36.txt
1029 
Group07_47.txt
452 
Group10_21.txt
378 435 479 689 
Group10_23.txt
436 
Group10_33.txt
1328 
Group11-26.txt
288 312 369 
Group11-30.txt
215 363 
Group13_07.txt
375 417 
Group13_47.txt
471 
Group14_03.txt
308 
