Group01_07.txt
549 
Group01_40.txt
838 
Group01_41.txt
107 
Group02_14.txt
311 810 
Group02_18.txt
1438 
Group02_20.txt
4204 
Group02_21.txt
2 11 141 290 444 591 654 726 867 878 886 947 1029 1061 1085 1092 1122 1131 1141 1191 1261 1302 1371 1468 1585 1730 1823 1836 1846 1915 1926 2038 2190 2200 2260 2351 2373 2382 2574 2821 2898 
Group02_22.txt
2 165 287 319 497 517 594 673 762 921 1068 1409 1435 1454 1469 1641 1674 1858 1873 1928 2113 2140 2235 2312 2390 2435 2660 2672 2774 2862 2880 2952 2969 3007 3049 3062 3116 3134 3225 3355 3377 3392 3421 3441 3515 3533 3666 3670 
Group02_30.txt
397 416 544 772 821 921 2124 2314 2705 3329 4019 4050 4076 4133 4420 
Group02_31.txt
920 
Group02_32.txt
616 918 
Group02_33.txt
365 483 488 
Group02_35.txt
24 
Group02_37.txt
180 579 1127 
Group02_38.txt
1632 3227 3354 
Group02_41.txt
556 
Group02_43.txt
986 1123 
Group02_44.txt
21 89 
Group02_47.txt
958 
Group02_48.txt
79 147 187 559 1421 1496 1566 
Group02_49.txt
1049 2022 2039 3175 
Group03_06.txt
1551 
Group03_08.txt
292 
Group03_25.txt
677 
Group03_31.txt
514 
Group03_35.txt
332 
Group03_47.txt
906 
Group03_50.txt
1379 
Group04_01.txt
220 
Group04_19.txt
100 
Group04_46.txt
36 
Group05_06.txt
187 
Group05_23.txt
229 
Group06_02.txt
116 197 
Group06_16.txt
470 1029 
Group06_22.txt
409 418 524 
Group06_28.txt
604 
Group06_33.txt
273 
Group06_41.txt
519 
Group06_42.txt
2 251 
Group06_44.txt
22 77 556 749 
Group06_46.txt
283 426 510 
Group06_47.txt
136 
Group06_49.txt
179 
Group07_05.txt
858 
Group07_30.txt
865 
Group07_37.txt
1199 
Group08_01.txt
420 456 
Group08_10.txt
519 555 
Group08_11.txt
560 
Group08_25.txt
803 
Group08_31.txt
920 
Group08_37.txt
159 
Group09_28.txt
429 
Group10_03.txt
355 
Group10_32.txt
468 
Group10_33.txt
284 322 337 958 979 1238 1369 
Group10_34.txt
420 
Group10_44.txt
746 
Group10_45.txt
497 
Group10_47.txt
973 
Group11-02.txt
985 
Group11-14.txt
585 
Group11-18.txt
213 
Group11-33.txt
595 
Group11-43.txt
98 
Group11-46.txt
1332 
Group12_23.txt
571 
Group12_34.txt
574 
Group13_15.txt
167 439 
Group13_21.txt
941 1108 1176 
Group13_22.txt
8755 
Group13_39.txt
375 
Group13_48.txt
682 
Group14_01.txt
23 
Group14_34.txt
192 
Group14_35.txt
1113 1337 1402 1529 
Group14_37.txt
696 
Group14_40.txt
537 
Group14_42.txt
554 646 782 
Group14_45.txt
361 
Group14_46.txt
587 
Group14_50.txt
452 
