Group01_16.txt
173 
Group01_19.txt
554 
Group01_25.txt
65 
Group01_29.txt
169 220 794 
Group03_29.txt
700 
Group03_31.txt
1699 
Group03_33.txt
1294 
Group03_42.txt
690 
Group03_43.txt
476 
Group03_50.txt
37 434 487 692 1111 1121 1238 1265 1275 1362 1409 
Group05_06.txt
606 1034 
Group05_23.txt
169 
Group06_45.txt
1 11 51 125 166 212 240 287 424 433 446 476 487 491 558 636 
Group07_18.txt
1260 
Group08_29.txt
520 545 
Group10_12.txt
128 
Group10_21.txt
704 
Group11-29.txt
22 
Group12_40.txt
5 62 131 137 224 295 368 457 
