Group01_01.txt
15 38 312 333 431 444 
Group01_03.txt
71 83 302 382 387 413 419 547 636 706 922 928 979 986 999 1043 1053 
Group01_04.txt
15 78 305 320 325 
Group01_05.txt
254 
Group01_06.txt
31 52 796 882 
Group01_07.txt
170 254 492 
Group01_08.txt
46 67 144 1038 
Group01_09.txt
262 569 
Group01_10.txt
164 170 305 490 599 606 693 707 737 748 858 864 
Group01_11.txt
10 86 336 
Group01_12.txt
251 654 
Group01_14.txt
192 261 268 278 463 
Group01_15.txt
13 23 263 307 
Group01_16.txt
240 262 278 
Group01_19.txt
226 277 286 294 534 607 738 
Group01_20.txt
369 668 685 
Group01_21.txt
389 
Group01_23.txt
303 
Group01_24.txt
15 78 313 318 
Group01_25.txt
59 99 223 241 251 563 667 678 1111 
Group01_26.txt
610 690 
Group01_27.txt
251 312 
Group01_29.txt
370 
Group01_30.txt
34 81 317 556 668 689 703 
Group01_31.txt
37 353 
Group01_32.txt
788 980 1161 
Group01_33.txt
164 639 
Group01_34.txt
8 111 229 249 514 
Group01_35.txt
219 724 879 919 1079 1211 
Group01_36.txt
23 28 
Group01_37.txt
418 
Group01_38.txt
387 
Group01_39.txt
275 
Group01_40.txt
314 325 460 474 798 827 
Group01_41.txt
125 134 170 211 222 485 
Group01_43.txt
103 571 
Group01_44.txt
129 160 259 
Group01_45.txt
502 
Group01_46.txt
120 187 329 530 
Group01_48.txt
179 294 
Group01_49.txt
607 
Group01_50.txt
212 550 
Group02_01.txt
36 63 75 98 239 259 276 283 299 378 388 
Group02_02.txt
150 239 312 448 466 704 963 993 
Group02_03.txt
134 223 281 509 650 661 673 686 873 1026 
Group02_04.txt
14 107 221 268 290 414 436 488 515 740 
Group02_05.txt
13 33 
Group02_06.txt
41 
Group02_07.txt
87 157 473 615 742 
Group02_08.txt
87 184 191 263 293 326 339 402 410 542 
Group02_09.txt
82 357 704 
Group02_10.txt
114 144 237 444 546 580 596 603 689 707 800 810 813 841 893 908 1063 1075 
Group02_11.txt
44 185 403 571 589 727 
Group02_12.txt
46 98 186 194 229 262 301 356 471 540 554 573 591 650 797 807 820 951 1008 
Group02_13.txt
88 106 184 261 273 304 397 693 885 
Group02_14.txt
73 194 230 283 330 452 567 688 817 854 881 916 
Group02_15.txt
13 97 277 
Group02_16.txt
96 204 254 445 455 
Group02_17.txt
212 279 635 
Group02_18.txt
19 86 143 165 424 559 722 848 1020 1074 1090 1264 1546 1677 1684 1691 1956 1997 2054 2074 2123 2234 2419 2673 2945 3026 3042 3053 3059 
Group02_19.txt
107 309 893 991 1035 1224 1238 1283 1388 1550 1586 1695 1745 1753 1814 1828 
Group02_20.txt
49 103 124 149 171 489 578 616 620 870 890 1120 1223 1281 1425 1458 1479 1503 1538 1630 1674 1699 1706 1723 1913 2016 2193 2207 2223 2405 2436 2453 2478 2600 2647 2834 2840 2845 2918 3035 3248 3324 3340 3497 3500 3513 3610 3650 3852 3854 3882 4125 4182 
Group02_21.txt
93 193 244 294 342 360 390 893 970 988 1084 1133 1147 1163 1170 1193 1405 1707 1748 1812 2160 2296 2303 2345 2403 2556 2801 2874 
Group02_22.txt
76 195 716 889 1086 1152 1167 1231 1610 1957 1983 2210 2379 2396 2465 2689 2728 2834 2901 2922 2954 2975 3053 3097 3127 3142 3275 3451 3466 
Group02_23.txt
14 21 149 183 250 306 425 652 811 852 1066 1074 1083 1383 1642 
Group02_24.txt
54 88 188 313 469 480 715 983 1079 1125 1186 1196 1212 1226 1232 1286 1342 
Group02_25.txt
23 89 119 128 148 190 468 577 812 841 973 1062 1298 
Group02_26.txt
77 253 310 315 325 420 441 620 
Group02_27.txt
18 55 238 262 327 382 388 517 647 671 718 723 1041 1064 1288 1624 
Group02_28.txt
44 51 68 124 372 561 563 820 876 937 1007 1217 1262 1341 1435 1541 1561 1777 1840 1910 2039 2071 
Group02_29.txt
43 216 243 316 472 534 633 716 725 755 788 997 1009 1111 
Group02_30.txt
353 603 654 803 970 995 1046 1070 1183 1291 1354 1410 1658 1752 2063 2947 3050 3128 3168 3400 3430 3612 3819 3890 3970 4029 4154 4183 4218 4256 4338 4352 4437 
Group02_31.txt
646 1213 1330 1389 1694 1853 2205 
Group02_32.txt
106 354 452 565 609 634 707 827 1025 1173 1197 1610 1935 1941 1982 
Group02_33.txt
219 521 912 1321 1468 1606 1630 1638 1874 2037 2358 2701 2743 2861 3312 3420 3438 3444 
Group02_34.txt
48 257 562 937 961 972 1116 1126 1338 1381 
Group02_35.txt
6 302 353 401 807 819 
Group02_36.txt
85 101 107 112 166 180 532 562 846 918 923 971 1008 1511 1514 1618 1659 1697 
Group02_37.txt
34 40 56 108 115 122 154 412 418 619 761 920 1122 1147 1175 1188 1197 1213 1234 1262 1300 1309 
Group02_38.txt
104 223 234 275 404 423 430 890 1151 1172 1178 1186 1246 1257 1315 1329 1343 1370 1387 1538 1635 1677 2167 2189 2264 2354 2573 2721 2733 2848 2884 2909 2915 3075 3214 3256 3262 3292 3326 3348 3361 3478 3523 
Group02_39.txt
78 91 248 273 397 583 649 662 735 766 791 1243 1485 
Group02_40.txt
480 1116 1171 1196 1388 1558 1676 1700 1833 2324 
Group02_41.txt
17 98 134 201 238 249 301 360 446 600 655 806 1048 1072 1077 1248 1278 1407 1499 1547 1588 1595 1665 
Group02_42.txt
77 81 260 293 512 741 800 
Group02_43.txt
467 638 733 817 900 1014 1344 
Group02_44.txt
358 563 1039 1103 1511 
Group02_45.txt
51 441 457 656 759 897 1032 1117 1552 1556 1588 1649 
Group02_46.txt
33 140 312 351 407 554 674 690 810 816 870 888 972 1056 1370 1430 1868 2320 2377 2415 
Group02_47.txt
9 163 232 250 343 423 474 487 727 990 997 1086 1122 1239 1302 1320 1321 
Group02_48.txt
167 316 509 555 649 875 992 1003 1043 1050 1090 1097 1288 1402 1437 1520 1901 2205 2573 2638 
Group02_49.txt
76 325 542 620 727 768 808 878 1018 1961 2165 2195 2218 2255 2411 2652 3545 3838 3858 3960 4023 4170 
Group02_50.txt
54 108 117 121 164 172 221 227 234 246 299 334 398 570 579 605 695 734 786 791 816 916 921 931 1143 1210 1454 1841 1874 1882 1916 1934 1943 
Group03_01.txt
121 392 410 
Group03_02.txt
284 466 736 765 805 
Group03_03.txt
200 212 322 338 412 764 795 1301 
Group03_04.txt
65 261 486 709 765 862 905 1488 1674 1685 1738 1760 1765 1911 1922 
Group03_06.txt
741 828 832 846 944 1131 1446 1579 1700 1885 2400 2731 
Group03_07.txt
2205 
Group03_08.txt
584 
Group03_09.txt
48 54 184 471 497 963 
Group03_10.txt
0 35 225 412 
Group03_11.txt
1 478 782 935 
Group03_12.txt
169 190 535 1371 
Group03_13.txt
24 252 528 558 828 
Group03_14.txt
75 
Group03_15.txt
611 
Group03_16.txt
319 344 394 439 614 738 784 
Group03_17.txt
158 369 694 
Group03_19.txt
72 511 523 
Group03_20.txt
638 
Group03_21.txt
1749 1757 1931 1992 2009 
Group03_23.txt
139 192 424 567 
Group03_24.txt
512 761 1020 1185 
Group03_25.txt
61 624 716 807 
Group03_26.txt
146 1347 1427 1548 
Group03_27.txt
436 
Group03_28.txt
932 
Group03_29.txt
11 193 237 632 784 1469 1646 1683 1696 1891 2007 2042 
Group03_30.txt
7 205 253 258 704 718 815 845 1046 1082 1218 1336 1376 
Group03_31.txt
29 236 274 554 617 627 1550 1581 1781 2021 2079 2176 2249 
Group03_32.txt
1363 
Group03_33.txt
1123 
Group03_34.txt
26 511 592 599 853 867 1124 1145 1280 1299 1305 1313 1327 1332 1955 2010 2044 2077 2085 2094 2618 2731 2738 2790 2805 
Group03_35.txt
437 441 477 1280 1330 
Group03_36.txt
1 152 378 563 608 629 718 864 896 1261 1681 
Group03_37.txt
863 882 897 1068 1632 1799 1929 1953 
Group03_38.txt
110 155 688 794 805 868 906 
Group03_40.txt
1102 
Group03_41.txt
58 247 325 
Group03_42.txt
174 218 622 774 1487 1672 1709 1722 
Group03_44.txt
2 499 730 974 1015 1143 
Group03_45.txt
15 32 256 327 
Group03_46.txt
506 515 
Group03_47.txt
209 812 
Group03_48.txt
590 
Group03_49.txt
452 
Group03_50.txt
79 621 706 950 1490 
Group04_01.txt
120 127 266 600 606 742 
Group04_02.txt
372 564 
Group04_03.txt
143 224 263 282 448 468 
Group04_04.txt
477 512 
Group04_05.txt
548 
Group04_06.txt
118 
Group04_07.txt
75 
Group04_08.txt
474 484 
Group04_09.txt
90 593 614 632 
Group04_10.txt
31 
Group04_11.txt
159 375 391 
Group04_13.txt
267 621 833 972 990 
Group04_14.txt
605 
Group04_15.txt
52 154 
Group04_16.txt
366 
Group04_17.txt
0 83 141 149 226 229 244 321 365 647 1133 
Group04_18.txt
51 359 403 414 428 440 474 537 541 
Group04_19.txt
58 
Group04_20.txt
492 513 
Group04_23.txt
291 534 562 722 732 
Group04_24.txt
190 220 257 360 499 516 
Group04_26.txt
24 168 578 770 
Group04_27.txt
590 836 
Group04_28.txt
17 118 357 430 551 578 622 
Group04_29.txt
31 78 244 436 516 
Group04_30.txt
256 702 719 790 
Group04_31.txt
558 
Group04_32.txt
21 281 294 620 647 793 
Group04_33.txt
143 152 204 457 563 641 658 
Group04_34.txt
45 343 500 574 594 802 838 852 950 
Group04_35.txt
17 344 412 510 514 522 554 
Group04_36.txt
256 257 457 542 661 778 803 
Group04_37.txt
72 458 
Group04_38.txt
13 193 286 306 333 371 380 496 641 
Group04_39.txt
468 
Group04_40.txt
19 57 
Group04_41.txt
90 921 
Group04_42.txt
96 101 117 486 493 503 531 
Group04_43.txt
112 144 613 753 793 
Group04_44.txt
31 80 117 243 374 435 488 492 522 557 
Group04_45.txt
21 202 233 243 470 
Group04_46.txt
339 651 964 
Group04_47.txt
402 491 
Group04_48.txt
61 303 323 331 421 507 
Group04_49.txt
19 82 177 331 515 533 
Group04_50.txt
29 42 78 227 379 406 430 528 561 
Group05_02.txt
33 263 799 
Group05_03.txt
288 298 
Group05_04.txt
120 272 
Group05_06.txt
183 193 396 496 565 611 729 736 963 
Group05_07.txt
393 421 
Group05_08.txt
1 17 30 49 61 69 291 
Group05_09.txt
358 387 769 807 
Group05_10.txt
226 322 
Group05_13.txt
223 494 884 
Group05_14.txt
220 317 327 330 942 953 
Group05_15.txt
263 505 613 
Group05_16.txt
558 564 686 940 958 
Group05_17.txt
237 840 
Group05_18.txt
63 168 241 473 524 861 
Group05_19.txt
22 66 156 324 428 518 530 
Group05_20.txt
225 243 356 1006 1012 
Group05_21.txt
8 386 402 414 419 725 
Group05_22.txt
129 442 
Group05_23.txt
17 279 290 347 381 591 
Group05_24.txt
13 66 80 162 322 594 
Group05_25.txt
167 899 1175 1203 
Group05_26.txt
163 289 323 351 363 375 378 499 665 795 814 865 
Group05_27.txt
470 710 809 896 1102 1112 1130 1150 1164 1209 
Group05_28.txt
11 58 113 316 397 
Group05_29.txt
315 
Group05_30.txt
302 315 686 738 839 883 954 
Group05_31.txt
173 237 284 290 
Group05_32.txt
15 102 164 179 192 513 594 640 658 762 
Group05_34.txt
204 246 
Group05_35.txt
182 331 377 426 460 488 
Group05_36.txt
66 74 
Group05_38.txt
385 
Group05_40.txt
172 450 
Group05_41.txt
51 117 
Group05_43.txt
422 586 590 
Group05_44.txt
127 172 226 375 701 733 
Group05_45.txt
76 290 729 895 958 1016 1020 1102 1289 
Group05_47.txt
30 
Group05_49.txt
144 206 329 457 467 470 920 931 
Group05_50.txt
296 545 653 
Group06_01.txt
52 72 83 220 251 
Group06_02.txt
222 232 317 579 672 718 
Group06_03.txt
211 220 283 700 
Group06_04.txt
190 218 230 236 297 364 470 495 579 744 
Group06_05.txt
327 334 422 610 
Group06_06.txt
150 812 867 
Group06_07.txt
108 206 251 538 
Group06_08.txt
458 476 
Group06_09.txt
308 601 
Group06_10.txt
745 753 
Group06_11.txt
107 142 158 731 
Group06_12.txt
85 103 108 136 181 376 481 526 543 
Group06_13.txt
401 426 508 567 664 
Group06_14.txt
98 253 319 485 499 542 
Group06_15.txt
265 419 757 794 
Group06_16.txt
127 242 
Group06_17.txt
188 440 745 831 
Group06_18.txt
90 158 165 216 288 337 367 481 589 595 648 735 
Group06_19.txt
640 659 760 
Group06_20.txt
20 29 
Group06_21.txt
157 517 
Group06_22.txt
19 195 288 396 466 656 
Group06_23.txt
20 255 417 628 707 
Group06_24.txt
126 304 
Group06_25.txt
228 
Group06_26.txt
41 101 117 
Group06_27.txt
160 364 383 398 426 466 511 
Group06_28.txt
11 173 198 225 525 754 
Group06_29.txt
120 139 490 577 
Group06_30.txt
42 338 346 382 402 416 459 489 548 
Group06_31.txt
188 440 745 831 
Group06_32.txt
197 
Group06_33.txt
263 306 779 851 
Group06_34.txt
25 102 208 284 293 405 413 430 
Group06_35.txt
234 429 
Group06_36.txt
271 495 500 655 
Group06_37.txt
108 141 
Group06_38.txt
23 105 198 262 266 313 322 341 557 
Group06_39.txt
16 46 171 337 354 426 432 475 501 
Group06_40.txt
143 304 392 
Group06_41.txt
37 49 71 446 
Group06_42.txt
41 62 109 125 355 367 541 
Group06_43.txt
64 219 238 249 429 564 617 627 647 701 719 
Group06_44.txt
46 188 193 601 695 714 792 904 
Group06_45.txt
105 129 
Group06_46.txt
19 60 197 306 318 657 732 
Group06_47.txt
77 
Group06_48.txt
158 194 250 429 563 581 
Group06_49.txt
18 107 122 143 158 172 232 253 306 404 415 432 
Group06_50.txt
487 647 
Group07_01.txt
0 126 134 194 308 732 739 766 885 
Group07_02.txt
27 35 331 690 856 
Group07_03.txt
658 1679 
Group07_04.txt
49 193 254 517 599 635 756 906 955 1000 1012 
Group07_05.txt
305 581 586 684 
Group07_06.txt
167 473 
Group07_07.txt
1387 1399 
Group07_09.txt
68 137 706 
Group07_10.txt
385 
Group07_11.txt
346 355 
Group07_12.txt
47 274 658 1129 
Group07_13.txt
188 189 
Group07_15.txt
447 504 
Group07_16.txt
301 
Group07_17.txt
10 98 348 364 394 
Group07_18.txt
161 171 180 194 211 468 757 1297 
Group07_19.txt
293 
Group07_20.txt
98 498 502 508 
Group07_21.txt
7 35 178 248 515 701 771 861 
Group07_22.txt
182 198 
Group07_23.txt
58 
Group07_24.txt
100 633 970 1162 1930 2131 
Group07_25.txt
129 210 466 
Group07_26.txt
637 787 
Group07_27.txt
39 45 88 98 
Group07_28.txt
246 254 337 397 
Group07_30.txt
111 419 
Group07_31.txt
78 92 112 751 762 775 823 1449 1522 1525 1544 1547 1553 1562 1669 1722 
Group07_33.txt
572 
Group07_34.txt
126 
Group07_35.txt
168 232 249 252 
Group07_36.txt
1062 1119 1126 
Group07_37.txt
252 350 399 497 551 663 1569 
Group07_38.txt
518 677 971 1431 1616 1763 1955 
Group07_40.txt
330 372 427 452 576 597 
Group07_41.txt
131 164 
Group07_42.txt
443 
Group07_43.txt
217 234 431 
Group07_44.txt
195 356 
Group07_45.txt
172 
Group07_46.txt
505 722 765 
Group07_47.txt
392 
Group07_48.txt
8 483 651 726 820 945 1053 1176 
Group07_49.txt
1668 1685 2188 2300 2469 2541 2622 2638 2681 2723 
Group07_50.txt
112 
Group08_01.txt
102 210 550 
Group08_02.txt
430 489 601 
Group08_04.txt
457 
Group08_05.txt
209 393 
Group08_06.txt
251 523 543 832 953 997 
Group08_08.txt
213 247 256 
Group08_09.txt
286 433 445 577 
Group08_10.txt
41 81 201 309 649 
Group08_11.txt
311 579 699 
Group08_13.txt
487 923 
Group08_14.txt
273 284 330 
Group08_15.txt
33 101 366 409 642 764 798 
Group08_16.txt
155 188 280 359 365 400 410 415 429 451 477 774 926 1144 1216 1237 1243 1254 1291 1302 1548 1556 1772 
Group08_17.txt
478 557 663 874 931 950 
Group08_18.txt
346 425 475 485 496 502 715 727 
Group08_19.txt
406 
Group08_20.txt
474 621 1088 
Group08_22.txt
907 
Group08_23.txt
457 
Group08_24.txt
154 245 288 398 426 454 560 595 603 
Group08_25.txt
207 222 404 448 585 627 649 655 748 945 956 967 1026 1063 1135 1333 
Group08_27.txt
401 
Group08_28.txt
191 244 
Group08_29.txt
134 232 447 489 502 588 807 1083 1209 1346 1548 
Group08_30.txt
371 381 1327 1434 
Group08_31.txt
22 194 795 807 
Group08_32.txt
64 
Group08_33.txt
19 149 
Group08_34.txt
59 466 
Group08_35.txt
182 230 312 
Group08_36.txt
123 159 
Group08_39.txt
254 292 382 476 486 
Group08_40.txt
144 239 249 264 315 
Group08_41.txt
38 
Group08_43.txt
186 
Group08_45.txt
9 287 
Group08_46.txt
115 
Group08_47.txt
41 165 273 287 480 512 517 
Group08_48.txt
303 
Group08_49.txt
67 
Group08_50.txt
36 111 168 186 298 479 
Group09_01.txt
124 540 581 601 
Group09_02.txt
217 424 441 460 
Group09_03.txt
164 523 
Group09_04.txt
241 299 519 
Group09_05.txt
256 835 918 
Group09_06.txt
56 313 338 
Group09_07.txt
374 426 649 775 789 
Group09_08.txt
155 225 244 286 331 531 
Group09_10.txt
39 261 330 727 
Group09_11.txt
442 
Group09_12.txt
395 
Group09_14.txt
831 
Group09_16.txt
15 255 375 403 
Group09_17.txt
8 145 401 546 
Group09_18.txt
202 269 464 
Group09_20.txt
81 242 471 496 550 
Group09_21.txt
67 237 368 376 462 481 494 930 
Group09_22.txt
620 
Group09_23.txt
501 607 
Group09_26.txt
350 361 384 975 1028 1152 
Group09_27.txt
486 
Group09_28.txt
38 526 532 
Group09_29.txt
297 599 
Group09_30.txt
335 
Group09_31.txt
426 
Group09_33.txt
37 187 
Group09_34.txt
149 250 274 585 
Group09_35.txt
590 600 607 730 
Group09_36.txt
303 494 
Group09_37.txt
171 181 1220 
Group09_38.txt
106 279 321 433 506 554 585 605 
Group09_39.txt
236 270 372 382 397 411 507 523 682 
Group09_40.txt
14 105 222 385 400 434 564 
Group09_41.txt
547 
Group09_42.txt
197 239 
Group09_43.txt
196 
Group09_44.txt
53 420 474 
Group09_45.txt
508 569 
Group09_46.txt
442 489 557 579 603 
Group09_48.txt
10 112 169 604 735 
Group09_49.txt
219 652 
Group09_50.txt
507 561 603 616 
Group10_01.txt
178 195 588 592 726 
Group10_02.txt
87 372 381 421 
Group10_03.txt
651 680 883 894 905 941 945 
Group10_04.txt
509 
Group10_06.txt
17 205 562 607 
Group10_07.txt
17 272 
Group10_08.txt
20 153 202 223 247 283 699 
Group10_09.txt
114 184 409 861 904 1028 
Group10_10.txt
663 830 904 
Group10_11.txt
368 829 886 918 
Group10_12.txt
67 80 162 170 192 367 694 733 
Group10_13.txt
432 
Group10_14.txt
252 398 547 
Group10_15.txt
195 219 469 
Group10_16.txt
246 298 422 467 509 692 749 832 880 
Group10_17.txt
55 99 168 270 469 491 506 544 552 593 665 869 982 
Group10_18.txt
601 
Group10_19.txt
71 100 121 423 558 
Group10_20.txt
7 312 471 
Group10_21.txt
562 
Group10_22.txt
53 517 634 808 
Group10_24.txt
17 61 138 147 154 173 230 344 541 552 722 774 782 790 990 1056 1230 1258 
Group10_25.txt
9 349 688 994 1012 1042 1068 1198 
Group10_26.txt
87 372 381 421 
Group10_27.txt
73 418 515 
Group10_28.txt
57 74 97 169 184 195 514 731 859 938 1046 
Group10_29.txt
59 240 333 474 638 879 889 
Group10_30.txt
23 188 254 308 337 404 419 
Group10_31.txt
53 221 260 339 385 
Group10_32.txt
193 231 316 471 490 658 736 
Group10_33.txt
1632 
Group10_34.txt
534 
Group10_35.txt
20 77 94 290 664 735 784 929 1104 1496 1675 
Group10_36.txt
82 365 870 
Group10_37.txt
51 100 102 299 495 530 646 658 693 
Group10_38.txt
113 126 457 586 601 635 757 768 788 855 884 1031 1124 1134 1169 1239 
Group10_39.txt
320 
Group10_41.txt
424 574 
Group10_42.txt
319 627 
Group10_43.txt
123 
Group10_44.txt
37 411 446 713 
Group10_45.txt
72 97 110 471 
Group10_46.txt
229 278 432 
Group10_47.txt
55 348 435 646 916 
Group10_48.txt
79 209 232 555 
Group10_49.txt
93 210 787 
Group10_50.txt
299 357 393 475 
Group11-01.txt
215 349 396 404 635 
Group11-02.txt
287 361 436 742 763 920 1098 1185 1218 1228 
Group11-03.txt
111 255 305 519 602 
Group11-04.txt
199 299 479 
Group11-05.txt
58 80 248 277 299 314 330 339 356 482 633 704 747 850 1021 1066 1224 1267 1351 1364 1477 1490 1518 1545 1554 1569 1621 1714 1732 1762 1799 1813 1849 1881 1888 1999 2013 2022 2066 2093 2105 2116 2122 2258 2291 2296 
Group11-06.txt
259 361 367 385 421 
Group11-07.txt
208 525 658 
Group11-08.txt
32 69 337 591 
Group11-09.txt
480 
Group11-10.txt
320 419 
Group11-11.txt
411 422 
Group11-12.txt
97 272 310 356 461 641 651 714 
Group11-13.txt
18 44 78 139 217 259 286 355 573 
Group11-14.txt
411 756 772 775 
Group11-15.txt
81 433 819 898 1021 1160 1749 1891 1928 1934 2467 
Group11-16.txt
920 933 1614 1973 2144 2315 2331 2345 2360 2886 
Group11-17.txt
78 320 583 805 
Group11-18.txt
322 367 391 678 
Group11-19.txt
200 483 539 667 
Group11-20.txt
700 775 948 978 984 
Group11-21.txt
126 429 592 734 812 
Group11-22.txt
70 773 815 
Group11-23.txt
449 540 748 
Group11-24.txt
734 752 828 1253 1312 1870 2146 2248 
Group11-25.txt
103 266 
Group11-28.txt
604 776 898 910 
Group11-29.txt
260 511 573 685 697 
Group11-30.txt
49 561 573 
Group11-32.txt
386 734 746 
Group11-33.txt
161 556 564 647 716 771 826 
Group11-34.txt
114 131 356 442 
Group11-35.txt
184 
Group11-36.txt
243 
Group11-37.txt
742 748 
Group11-38.txt
15 87 98 115 234 286 306 412 452 551 816 
Group11-39.txt
48 95 431 443 579 632 646 
Group11-40.txt
243 253 609 622 
Group11-42.txt
179 200 304 360 
Group11-43.txt
35 231 266 277 305 334 
Group11-44.txt
38 854 
Group11-45.txt
51 106 701 1103 1121 
Group11-46.txt
981 984 1501 
Group11-47.txt
346 520 525 548 
Group11-48.txt
62 206 538 564 594 
Group11-50.txt
15 191 332 722 
Group12_01.txt
394 918 1235 
Group12_02.txt
134 314 573 659 1132 1406 1670 1771 2035 
Group12_03.txt
1329 
Group12_04.txt
679 792 1429 1999 2654 2662 2670 2679 
Group12_05.txt
271 289 
Group12_06.txt
476 622 824 848 964 1099 1278 1302 
Group12_07.txt
58 142 208 817 845 1026 1076 
Group12_08.txt
444 
Group12_09.txt
169 216 264 343 411 550 651 764 
Group12_10.txt
17 126 221 
Group12_13.txt
350 373 488 594 1281 1867 1899 
Group12_14.txt
704 859 868 902 
Group12_15.txt
11 
Group12_16.txt
301 
Group12_17.txt
1 62 182 
Group12_18.txt
448 519 
Group12_19.txt
322 330 775 815 
Group12_21.txt
415 420 
Group12_22.txt
260 489 
Group12_23.txt
15 48 113 148 248 426 
Group12_24.txt
594 783 810 865 885 
Group12_26.txt
1150 1236 1589 
Group12_27.txt
256 
Group12_28.txt
5 70 88 107 112 121 253 283 419 471 504 
Group12_29.txt
649 
Group12_32.txt
191 
Group12_34.txt
581 
Group12_35.txt
427 477 481 623 644 656 
Group12_38.txt
431 596 
Group12_39.txt
25 71 120 144 211 313 595 
Group12_40.txt
63 340 373 429 440 588 619 676 
Group12_41.txt
10 101 149 156 181 197 447 485 660 676 689 702 
Group12_42.txt
105 590 1218 1251 
Group12_44.txt
252 283 486 541 
Group12_45.txt
339 434 475 
Group12_46.txt
474 
Group12_48.txt
289 
Group12_49.txt
0 18 57 338 473 484 718 738 793 808 899 933 968 1741 2062 2089 2248 2384 2399 2423 2440 2464 2504 2654 
Group13_02.txt
1552 
Group13_03.txt
17 75 100 253 396 
Group13_04.txt
26 272 657 694 1081 1159 
Group13_05.txt
535 1283 1823 1957 1968 
Group13_06.txt
388 394 411 1369 1569 1656 1809 2728 2774 
Group13_07.txt
126 620 
Group13_08.txt
44 53 107 
Group13_09.txt
532 818 833 978 1100 1457 
Group13_10.txt
21 75 208 623 842 
Group13_12.txt
300 313 386 392 771 
Group13_13.txt
45 116 190 
Group13_14.txt
60 
Group13_17.txt
11 310 
Group13_18.txt
130 603 
Group13_19.txt
41 183 
Group13_20.txt
147 176 275 494 585 598 628 801 
Group13_21.txt
572 628 809 872 876 881 1218 1379 1554 1612 1747 1769 1904 1954 
Group13_22.txt
1342 2037 2045 2266 2272 3391 3700 5058 5286 6971 6975 7415 8519 8671 8674 8677 8858 10149 10224 10257 11453 12285 12957 13053 13675 13754 15139 15890 16323 
Group13_23.txt
1 522 581 768 799 812 825 865 1071 1078 1118 1185 1723 2054 2242 2249 2322 2339 2544 2652 3033 3121 3128 3137 3260 3277 3480 3516 3665 
Group13_24.txt
197 202 413 419 450 1188 1219 1484 1739 1750 1780 1905 1916 1935 2053 2161 2537 2611 2936 3355 3366 3543 3694 3744 4142 4207 4445 4735 4788 4823 4879 4935 4942 4948 5050 5062 5118 5182 5483 
Group13_25.txt
663 686 1303 1826 2142 2154 2433 
Group13_26.txt
174 794 955 964 1203 1254 1268 1644 1685 1833 1901 1973 1995 2253 2939 3582 3793 3936 3949 4326 4494 4874 5647 5756 6598 7222 7611 7717 7734 7815 7945 7955 8054 8076 8122 8148 8422 9948 10166 10292 10299 
Group13_27.txt
382 725 1557 2717 2726 2741 2911 2927 2936 3509 
Group13_28.txt
21 313 653 676 807 1641 2823 2824 2927 3111 3136 3268 
Group13_29.txt
986 1003 1183 1861 2015 3531 4264 4828 4841 4868 5296 5475 
Group13_30.txt
29 291 403 659 1052 1057 1078 1128 1495 1564 3167 3171 3331 3606 
Group13_31.txt
109 168 277 288 
Group13_32.txt
88 512 1391 
Group13_33.txt
36 61 103 185 1197 1336 1339 1374 1400 1884 
Group13_34.txt
78 
Group13_35.txt
168 182 512 1178 
Group13_36.txt
258 605 1062 1173 1235 
Group13_37.txt
214 271 661 697 1288 1407 
Group13_38.txt
288 306 725 1536 
Group13_39.txt
316 1650 1821 
Group13_40.txt
406 553 603 
Group13_41.txt
1209 1422 1572 
Group13_42.txt
149 178 277 398 654 730 766 1004 1016 1092 1110 1301 
Group13_43.txt
333 519 878 1474 
Group13_44.txt
703 784 966 1066 1106 1186 1205 1293 1456 1556 1757 2224 2237 2243 2295 2609 2819 3115 3123 3158 3218 3470 3851 
Group13_45.txt
21 727 752 1125 1222 1550 
Group13_46.txt
713 1824 
Group13_47.txt
497 507 524 537 568 676 687 817 826 903 1331 1422 1549 1598 1680 1722 1731 
Group13_48.txt
61 195 802 1000 1435 1496 1918 1978 2287 2381 2421 2425 2432 2446 2486 
Group13_49.txt
402 616 646 918 926 1385 1448 1467 1485 1663 2178 
Group13_50.txt
239 391 1058 1250 
Group14_01.txt
332 
Group14_02.txt
288 
Group14_03.txt
98 376 390 
Group14_04.txt
445 506 
Group14_05.txt
13 27 126 469 507 
Group14_06.txt
132 525 
Group14_07.txt
260 
Group14_08.txt
178 
Group14_09.txt
238 250 282 371 395 405 
Group14_10.txt
93 107 127 142 
Group14_11.txt
200 265 302 305 373 
Group14_12.txt
67 90 175 183 275 
Group14_13.txt
33 400 437 
Group14_14.txt
52 506 
Group14_15.txt
133 438 464 
Group14_16.txt
395 408 414 475 
Group14_18.txt
239 367 524 
Group14_20.txt
40 498 944 
Group14_21.txt
322 426 
Group14_22.txt
224 521 
Group14_23.txt
118 134 378 505 
Group14_25.txt
325 340 540 
Group14_26.txt
158 
Group14_27.txt
67 127 390 410 415 474 508 541 595 640 687 714 737 
Group14_28.txt
4 418 902 
Group14_29.txt
76 202 269 391 
Group14_30.txt
27 212 692 705 773 817 955 
Group14_31.txt
14 35 75 137 537 654 722 892 
Group14_32.txt
26 45 52 302 754 763 1044 
Group14_33.txt
34 125 1062 
Group14_34.txt
109 235 379 590 696 746 
Group14_35.txt
66 202 371 641 727 754 826 954 1007 1013 1034 1078 1267 1309 1328 1341 
Group14_36.txt
115 230 277 504 516 
Group14_37.txt
160 195 390 395 607 714 739 798 915 
Group14_38.txt
149 227 325 330 544 887 919 
Group14_39.txt
207 329 396 535 570 718 
Group14_40.txt
374 421 485 604 
Group14_41.txt
221 513 576 971 
Group14_42.txt
254 
Group14_43.txt
442 532 
Group14_44.txt
248 440 536 887 909 
Group14_45.txt
508 
Group14_46.txt
387 541 547 
Group14_47.txt
159 172 216 332 570 
Group14_48.txt
52 341 452 585 
Group14_49.txt
225 262 460 563 577 678 702 717 
Group14_50.txt
232 426 486 
