Group01_25.txt
169 974 
Group01_32.txt
73 
Group02_19.txt
1340 
Group02_21.txt
1525 2329 2446 
Group02_22.txt
2296 
Group02_23.txt
486 
Group02_24.txt
1514 
Group02_27.txt
1584 1588 1664 
Group02_28.txt
539 571 1891 1986 2075 2085 2109 
Group02_29.txt
949 953 
Group02_30.txt
2971 3005 
Group02_31.txt
2033 2070 
Group02_32.txt
576 834 1134 2018 
Group02_33.txt
3332 
Group02_38.txt
247 463 520 559 1133 1143 2021 2050 2081 2609 2864 2871 2904 
Group02_39.txt
113 126 1557 
Group02_40.txt
72 414 473 1416 1465 1537 
Group02_42.txt
527 538 588 735 
Group02_44.txt
260 880 1287 1550 1588 
Group02_46.txt
1134 
Group02_48.txt
1668 1686 1727 2180 2272 2466 
Group02_49.txt
1916 1942 1959 
Group03_03.txt
307 
Group03_29.txt
1163 
Group03_42.txt
1181 
Group04_23.txt
530 
Group05_06.txt
366 
Group05_25.txt
1152 
Group06_05.txt
56 112 319 369 397 409 429 555 569 
Group06_35.txt
155 193 213 216 240 265 287 313 321 330 
Group06_47.txt
22 
Group09_14.txt
304 
Group09_20.txt
50 
Group09_46.txt
176 
Group10_08.txt
79 
Group11-16.txt
258 
Group13_01.txt
247 
Group13_18.txt
684 
Group13_22.txt
10198 11692 
Group13_23.txt
3632 
Group14_26.txt
275 
Group14_47.txt
122 516 
