Group02_21.txt
15 
Group03_06.txt
4 32 292 359 367 402 422 460 478 491 511 624 662 734 844 849 902 913 936 1005 1054 1246 1422 1435 1439 1460 1524 1554 1592 1665 1889 1977 1998 2407 2517 2637 2645 2667 2705 2740 2756 
Group03_17.txt
118 300 
Group03_19.txt
896 
Group03_21.txt
1525 1542 
Group03_26.txt
593 757 
Group03_34.txt
188 289 2658 2683 2708 2775 2811 
Group03_47.txt
824 
Group04_22.txt
584 
Group05_45.txt
642 1162 
Group07_11.txt
646 
Group07_37.txt
1 369 
Group07_47.txt
54 
Group07_49.txt
1648 
Group08_20.txt
891 910 959 
Group09_05.txt
744 
Group09_06.txt
449 
Group09_08.txt
411 
Group09_11.txt
473 
Group10_13.txt
23 139 267 332 403 431 498 537 557 642 713 
Group10_15.txt
277 
Group10_18.txt
718 
Group10_21.txt
843 
Group10_28.txt
579 
Group10_50.txt
170 
Group11-14.txt
605 704 725 952 
Group11-16.txt
2213 2336 
Group12_03.txt
1198 
Group13_06.txt
1638 
Group13_21.txt
611 
Group13_22.txt
5111 
Group13_41.txt
478 
Group13_43.txt
1570 
Group13_45.txt
308 1663 
Group13_46.txt
1048 
Group13_47.txt
198 
Group13_48.txt
310 2594 
Group13_49.txt
478 
Group13_50.txt
552 
Group14_12.txt
343 
Group14_30.txt
551 755 
Group14_50.txt
498 
