Group01_01.txt
35 65 196 325 327 597 
Group01_03.txt
380 604 606 783 1173 
Group01_04.txt
152 294 
Group01_05.txt
300 
Group01_06.txt
352 553 734 1170 
Group01_07.txt
217 220 249 541 570 
Group01_08.txt
141 156 249 361 443 505 507 893 916 1138 
Group01_09.txt
360 618 750 
Group01_10.txt
92 117 410 686 837 
Group01_11.txt
92 213 312 610 
Group01_12.txt
111 113 401 546 636 
Group01_14.txt
143 189 325 510 
Group01_15.txt
302 
Group01_16.txt
141 
Group01_17.txt
236 
Group01_18.txt
6 251 
Group01_19.txt
29 100 290 292 513 518 724 735 
Group01_20.txt
290 
Group01_21.txt
150 218 236 400 435 479 559 561 
Group01_22.txt
20 113 
Group01_23.txt
361 400 504 603 617 
Group01_24.txt
152 294 
Group01_25.txt
24 67 89 125 194 249 1053 
Group01_26.txt
47 49 82 421 531 567 644 657 749 
Group01_27.txt
148 151 386 
Group01_28.txt
35 42 44 46 266 268 
Group01_29.txt
249 
Group01_30.txt
129 192 348 361 781 
Group01_31.txt
131 162 295 415 
Group01_32.txt
61 80 263 418 443 835 938 966 
Group01_33.txt
131 133 154 243 250 252 338 394 396 565 567 769 783 
Group01_34.txt
78 104 120 224 
Group01_35.txt
95 177 514 516 695 706 723 1103 
Group01_36.txt
54 91 460 
Group01_37.txt
237 239 312 375 
Group01_38.txt
149 216 234 398 433 476 556 558 
Group01_39.txt
111 228 230 254 316 343 345 371 
Group01_40.txt
81 119 144 312 333 671 703 
Group01_41.txt
98 111 
Group01_42.txt
89 
Group01_43.txt
263 265 
Group01_44.txt
95 400 
Group01_45.txt
42 44 99 344 495 568 
Group01_46.txt
189 436 438 482 484 487 
Group01_47.txt
39 114 123 125 150 152 311 325 
Group01_48.txt
158 477 
Group01_49.txt
176 397 
Group01_50.txt
214 216 276 373 
Group02_01.txt
198 273 403 435 466 480 527 
Group02_02.txt
21 42 256 269 309 664 948 950 
Group02_03.txt
179 200 206 314 558 788 825 
Group02_04.txt
98 100 283 285 342 405 407 518 737 
Group02_05.txt
85 286 352 370 411 427 432 487 699 
Group02_06.txt
171 265 267 296 563 832 
Group02_07.txt
70 467 567 599 
Group02_08.txt
212 291 462 464 552 
Group02_09.txt
170 
Group02_10.txt
289 472 712 808 866 940 1111 
Group02_11.txt
147 157 593 638 776 802 842 
Group02_12.txt
24 155 203 208 265 278 345 347 389 547 660 784 
Group02_13.txt
43 269 300 450 493 807 965 
Group02_14.txt
22 304 454 469 784 815 819 821 886 
Group02_15.txt
236 283 422 475 
Group02_16.txt
23 92 136 156 268 270 611 713 752 873 927 
Group02_17.txt
197 392 512 586 611 632 682 
Group02_18.txt
70 80 173 303 305 345 441 522 1031 1046 1092 1148 1787 1829 1832 1859 1973 2168 2252 2255 2281 2284 2321 2438 2447 2698 2701 3006 3043 3045 
Group02_19.txt
191 363 470 612 614 702 1009 1056 
Group02_20.txt
41 429 659 867 1032 1128 2006 2792 2798 2862 3054 3131 3144 3373 3545 3547 
Group02_21.txt
23 25 48 50 170 486 960 1160 2486 2488 2493 2525 2588 2765 
Group02_22.txt
53 55 158 278 292 294 455 1263 1406 2339 2341 2429 2431 2668 3119 3122 3124 3301 3356 
Group02_23.txt
90 116 118 397 788 955 1368 1402 1530 1648 1650 
Group02_24.txt
122 445 793 816 886 1017 1298 1448 1511 
Group02_25.txt
633 647 669 703 1188 1200 1285 
Group02_26.txt
671 728 
Group02_27.txt
38 88 90 115 253 477 687 711 738 789 799 801 858 891 1048 1357 1509 1563 1582 1593 
Group02_28.txt
362 411 468 979 1158 1437 1454 1486 1633 1742 1750 1775 1992 2061 2063 2065 
Group02_29.txt
299 430 554 604 653 674 681 721 899 906 918 935 994 1116 1129 1188 
Group02_30.txt
146 184 186 213 215 259 423 649 1055 1318 1335 1340 1342 1345 1347 1661 1767 1828 2002 2098 2141 2290 2371 2548 2593 2714 2788 2850 3133 3166 3199 3242 3373 3547 3575 3657 3852 3879 3957 3959 4017 4301 
Group02_31.txt
201 207 796 820 1292 1340 1666 1895 1994 2002 2124 2485 2544 2562 2581 
Group02_32.txt
46 139 369 457 482 494 922 1238 1301 1556 1558 1603 1641 1872 1874 1907 2088 2240 2566 2568 2716 
Group02_33.txt
432 834 963 1036 1299 1623 1625 1909 2104 2199 2208 2233 2392 2472 2489 2608 2660 2707 
Group02_34.txt
434 980 
Group02_35.txt
89 176 237 397 955 
Group02_36.txt
152 210 240 425 616 852 1018 1063 1136 1143 1150 1178 1241 1255 1354 1375 1454 1465 1495 1652 1759 
Group02_37.txt
103 105 360 521 1072 1446 
Group02_38.txt
415 565 847 867 1129 1131 1259 1421 1480 2365 2367 2569 2571 2807 2809 2825 2832 2835 2937 2972 2976 3131 3211 
Group02_39.txt
338 422 435 700 838 869 916 1065 1251 1255 1547 1592 
Group02_40.txt
318 385 570 573 696 880 1062 1254 1270 1318 1413 1746 1748 1786 1877 1954 2158 2161 2334 2336 
Group02_41.txt
144 260 266 996 1203 1345 
Group02_42.txt
163 451 529 551 575 726 767 
Group02_43.txt
430 526 750 1049 1198 1267 1327 1382 1458 1473 1491 1532 1550 1640 1665 
Group02_44.txt
135 256 324 832 959 967 1539 1541 1570 
Group02_45.txt
8 381 505 533 621 671 694 960 1256 1438 1518 1699 1722 
Group02_46.txt
318 325 569 1093 1095 1193 1210 1278 1280 1784 2075 2178 2586 
Group02_47.txt
428 430 451 791 861 930 
Group02_48.txt
17 41 117 119 175 207 1316 1588 1642 1764 2276 2846 
Group02_49.txt
50 364 432 526 629 803 1044 1341 1343 1608 1653 2035 2348 2449 3662 3862 4091 4146 4177 
Group02_50.txt
626 1147 1396 1665 2002 
Group03_01.txt
291 293 330 332 395 
Group03_02.txt
240 608 650 652 
Group03_03.txt
110 178 186 225 227 290 558 644 646 1280 
Group03_04.txt
11 310 378 469 623 625 665 756 778 793 799 807 851 853 892 1094 1272 1318 1440 1717 1835 2090 
Group03_05.txt
167 341 490 492 692 708 992 994 
Group03_06.txt
13 37 39 119 140 290 779 785 850 935 1060 1218 1543 1715 1793 2033 2110 2384 2548 2567 2619 2657 2760 2762 2770 
Group03_07.txt
65 82 117 155 157 286 504 735 810 942 1109 1114 1221 1346 1348 1397 1399 1784 1885 2267 2269 2371 2551 2553 
Group03_08.txt
45 139 214 219 226 360 
Group03_09.txt
140 239 241 609 973 975 987 992 
Group03_10.txt
101 736 743 984 
Group03_11.txt
399 627 652 
Group03_12.txt
617 619 746 802 962 1067 
Group03_13.txt
32 382 450 457 465 589 853 980 982 1112 1231 1261 1482 1502 
Group03_14.txt
101 103 121 238 294 297 396 624 706 730 926 1240 
Group03_15.txt
279 350 449 
Group03_16.txt
208 514 524 626 822 844 
Group03_17.txt
353 481 752 
Group03_18.txt
117 347 455 596 709 
Group03_19.txt
43 94 449 504 559 647 754 
Group03_20.txt
18 326 355 368 412 478 515 522 641 678 744 773 843 900 
Group03_21.txt
48 285 300 502 834 876 882 1074 1357 1368 1464 1528 1552 1576 1598 1612 1657 1666 1765 1797 1980 
Group03_22.txt
51 174 198 238 268 285 712 737 804 818 967 
Group03_23.txt
57 231 283 285 531 553 558 618 643 
Group03_24.txt
247 268 337 341 360 794 1073 1249 1529 1567 1570 
Group03_25.txt
160 270 272 314 808 
Group03_26.txt
182 282 288 343 411 625 632 659 694 760 846 1139 1263 1445 1586 1593 
Group03_27.txt
65 398 496 557 561 614 659 686 706 834 995 1183 1357 1367 1425 1476 1546 1552 1570 1659 1696 1713 1745 1849 1864 
Group03_28.txt
51 329 350 352 491 565 635 796 870 907 909 964 
Group03_29.txt
178 918 1687 1836 1838 1875 2070 2140 
Group03_30.txt
128 132 165 172 207 336 506 668 776 778 799 854 954 1050 1360 
Group03_31.txt
850 1060 1083 1233 1289 1693 1715 1753 1818 1853 2505 2871 
Group03_32.txt
67 240 262 276 335 338 485 488 581 663 685 720 1098 1100 1161 1236 1263 
Group03_33.txt
378 389 420 467 518 632 647 664 811 922 931 946 990 1037 1133 1142 1151 1317 1343 1345 1480 
Group03_34.txt
249 291 320 461 666 813 1009 1117 1191 1591 1593 1617 1869 1975 1977 2131 2133 2311 2500 2702 2704 
Group03_35.txt
469 974 1106 
Group03_36.txt
256 766 1025 1072 1488 
Group03_37.txt
187 618 632 697 711 713 822 890 983 1043 1168 1339 1653 1793 2132 
Group03_38.txt
428 702 
Group03_39.txt
50 223 245 259 318 321 468 471 564 646 668 703 
Group03_40.txt
357 368 399 446 497 611 626 643 790 901 910 925 969 1016 1112 1121 1130 
Group03_41.txt
89 213 
Group03_42.txt
159 911 1713 
Group03_43.txt
88 381 411 698 
Group03_44.txt
35 323 482 665 820 934 1053 1055 1160 1188 1265 1268 1295 1445 1493 
Group03_45.txt
444 505 
Group03_46.txt
200 446 485 489 563 
Group03_47.txt
89 432 463 494 594 622 754 786 1068 
Group03_49.txt
271 510 535 576 721 854 
Group03_50.txt
184 213 299 339 429 431 687 689 864 1003 1217 1342 1344 
Group04_01.txt
23 253 515 819 821 
Group04_02.txt
223 337 521 544 641 
Group04_03.txt
182 210 261 
Group04_04.txt
325 519 
Group04_05.txt
115 240 421 556 558 601 611 
Group04_06.txt
252 317 390 
Group04_07.txt
6 145 205 207 292 452 528 621 634 718 746 772 775 908 1035 
Group04_08.txt
97 556 687 
Group04_09.txt
82 170 619 
Group04_10.txt
103 436 681 872 914 916 
Group04_12.txt
282 601 
Group04_13.txt
301 491 726 
Group04_14.txt
126 511 615 618 
Group04_15.txt
168 174 179 728 776 922 924 966 973 1047 
Group04_16.txt
132 138 296 525 
Group04_17.txt
71 295 577 692 694 844 1053 1055 
Group04_18.txt
35 71 471 
Group04_19.txt
4 34 389 430 
Group04_20.txt
27 
Group04_21.txt
438 442 444 534 575 643 671 680 879 890 946 
Group04_22.txt
78 146 
Group04_23.txt
247 523 583 585 
Group04_24.txt
526 
Group04_25.txt
115 170 273 327 329 475 608 
Group04_26.txt
65 641 811 
Group04_27.txt
426 428 
Group04_28.txt
253 259 265 372 481 540 
Group04_29.txt
17 537 539 
Group04_30.txt
415 558 914 
Group04_31.txt
103 125 343 627 629 
Group04_32.txt
29 43 45 182 270 272 283 285 431 671 675 754 756 
Group04_34.txt
135 148 293 306 618 
Group04_35.txt
13 114 116 121 125 130 225 334 420 443 447 
Group04_36.txt
727 
Group04_37.txt
27 143 149 493 
Group04_38.txt
377 469 
Group04_39.txt
440 442 469 471 520 
Group04_40.txt
340 
Group04_41.txt
310 312 330 332 342 344 1028 1035 1037 1048 
Group04_42.txt
298 562 565 
Group04_43.txt
370 670 695 733 
Group04_44.txt
41 469 475 560 686 
Group04_45.txt
2 4 24 43 51 57 89 121 164 173 481 496 
Group04_46.txt
23 25 321 421 747 763 832 834 842 970 
Group04_47.txt
400 427 429 534 568 
Group04_48.txt
63 
Group04_49.txt
38 101 500 502 
Group04_50.txt
79 81 107 295 497 547 651 654 
Group05_02.txt
6 8 44 49 160 301 527 529 
Group05_03.txt
170 172 269 313 329 
Group05_04.txt
17 129 226 358 1103 
Group05_05.txt
104 181 
Group05_06.txt
328 386 888 931 981 990 1032 1064 1094 1150 
Group05_07.txt
144 172 
Group05_08.txt
116 243 
Group05_09.txt
177 242 303 394 419 622 627 844 
Group05_10.txt
315 383 385 392 394 456 658 
Group05_11.txt
5 101 155 164 187 205 516 
Group05_13.txt
6 100 102 278 339 341 745 747 1008 1118 
Group05_14.txt
186 188 360 447 457 797 
Group05_15.txt
379 445 447 483 
Group05_16.txt
268 270 409 489 491 
Group05_17.txt
293 386 591 643 756 791 924 926 1048 1078 
Group05_18.txt
412 438 449 470 545 
Group05_19.txt
117 273 485 700 
Group05_20.txt
952 989 1081 
Group05_21.txt
119 199 297 428 685 775 879 899 
Group05_22.txt
89 507 
Group05_23.txt
73 149 159 178 293 295 520 567 569 924 1206 1291 1293 
Group05_24.txt
34 449 560 562 568 
Group05_25.txt
200 456 539 751 930 954 1101 1138 
Group05_26.txt
27 170 299 
Group05_27.txt
172 174 522 1081 1100 
Group05_28.txt
189 382 384 448 
Group05_29.txt
24 233 291 328 
Group05_30.txt
241 333 456 562 722 724 
Group05_31.txt
99 101 132 134 181 225 
Group05_32.txt
315 740 
Group05_34.txt
8 31 55 106 
Group05_35.txt
63 120 122 135 254 259 
Group05_36.txt
89 
Group05_38.txt
85 188 355 
Group05_39.txt
198 
Group05_41.txt
375 415 
Group05_42.txt
78 185 224 226 290 
Group05_43.txt
33 62 230 283 285 347 382 440 
Group05_44.txt
110 176 581 778 899 920 
Group05_45.txt
86 91 124 575 716 965 985 1076 1206 
Group05_46.txt
30 156 158 202 301 373 536 538 588 643 
Group05_48.txt
63 90 129 131 147 240 261 320 524 
Group05_49.txt
79 81 172 174 527 537 844 
Group05_50.txt
101 412 485 487 523 
Group06_01.txt
17 301 465 
Group06_02.txt
356 
Group06_03.txt
87 155 157 
Group06_04.txt
5 30 68 660 
Group06_05.txt
345 
Group06_06.txt
413 537 
Group06_07.txt
52 
Group06_08.txt
120 122 180 183 189 195 280 379 
Group06_09.txt
316 326 373 375 407 409 
Group06_10.txt
127 
Group06_11.txt
74 151 165 177 190 712 
Group06_12.txt
364 485 523 
Group06_13.txt
232 283 660 722 724 
Group06_14.txt
216 462 513 644 
Group06_15.txt
325 440 570 
Group06_16.txt
449 616 1116 1118 
Group06_17.txt
411 705 
Group06_18.txt
45 247 286 435 472 
Group06_19.txt
25 121 484 486 559 685 692 702 
Group06_20.txt
5 34 200 537 
Group06_21.txt
45 137 139 272 
Group06_22.txt
165 189 283 648 662 
Group06_23.txt
194 196 251 431 573 
Group06_24.txt
294 514 523 
Group06_25.txt
142 183 297 337 496 
Group06_26.txt
95 300 385 465 467 546 601 
Group06_27.txt
34 546 
Group06_28.txt
324 529 640 
Group06_29.txt
143 437 
Group06_30.txt
117 260 299 491 
Group06_31.txt
411 705 
Group06_32.txt
103 105 227 523 604 
Group06_33.txt
146 148 332 350 467 746 848 
Group06_34.txt
94 96 
Group06_35.txt
15 132 338 440 
Group06_36.txt
598 
Group06_37.txt
78 104 138 209 285 299 301 461 
Group06_38.txt
252 254 401 529 
Group06_40.txt
11 28 
Group06_41.txt
213 361 373 430 448 466 498 559 564 602 
Group06_42.txt
95 225 308 454 504 
Group06_43.txt
6 48 81 119 201 374 481 
Group06_44.txt
834 836 
Group06_45.txt
312 535 
Group06_46.txt
251 327 686 
Group06_47.txt
79 138 527 545 562 564 
Group06_48.txt
32 65 166 382 572 
Group06_49.txt
391 419 434 479 481 
Group06_50.txt
446 473 475 597 
Group07_01.txt
109 264 542 
Group07_02.txt
266 657 
Group07_03.txt
378 388 683 1001 1207 1209 1219 1234 1288 1413 1418 1420 1692 1697 1715 1858 1860 1967 2035 
Group07_04.txt
170 172 184 186 229 291 293 361 1146 1153 1207 
Group07_05.txt
329 703 711 722 729 824 
Group07_06.txt
258 412 460 614 617 703 
Group07_07.txt
440 654 701 886 1149 1151 
Group07_08.txt
139 275 277 448 
Group07_09.txt
72 627 
Group07_10.txt
68 207 235 480 641 
Group07_11.txt
33 610 612 638 
Group07_12.txt
55 60 65 71 77 84 89 93 97 102 108 474 903 907 1093 1103 
Group07_13.txt
80 204 252 254 559 
Group07_14.txt
60 308 310 330 526 
Group07_15.txt
207 296 459 
Group07_16.txt
131 137 430 
Group07_17.txt
421 
Group07_18.txt
145 274 281 332 389 392 475 487 490 495 497 614 1164 1169 1171 
Group07_19.txt
137 876 
Group07_20.txt
140 209 211 215 224 313 317 
Group07_21.txt
363 396 708 723 
Group07_22.txt
465 751 832 
Group07_23.txt
53 525 
Group07_24.txt
118 120 277 423 428 471 730 1123 1194 1450 1674 1780 1782 
Group07_25.txt
293 
Group07_27.txt
108 
Group07_28.txt
60 62 154 442 
Group07_29.txt
288 297 477 
Group07_30.txt
154 301 373 399 656 755 900 
Group07_31.txt
157 686 941 943 1253 1431 1458 1848 1918 1925 1927 
Group07_32.txt
117 
Group07_33.txt
83 558 560 
Group07_35.txt
55 254 256 
Group07_36.txt
415 974 1008 1153 
Group07_37.txt
112 138 256 462 501 886 918 980 992 1014 1025 1139 1189 1191 1206 1369 1371 1394 1559 1680 1704 
Group07_38.txt
374 537 830 1696 1767 
Group07_40.txt
188 
Group07_42.txt
29 199 201 502 
Group07_43.txt
56 303 343 345 
Group07_44.txt
78 91 117 152 180 200 412 511 525 637 
Group07_47.txt
72 74 238 367 557 611 
Group07_48.txt
103 150 242 443 461 1018 1038 1180 
Group07_49.txt
1208 1954 1956 1999 2278 2280 2591 2669 2675 2721 
Group07_50.txt
223 349 351 503 
Group08_01.txt
80 239 474 608 610 682 
Group08_03.txt
15 360 
Group08_04.txt
245 
Group08_05.txt
157 324 355 
Group08_06.txt
26 89 195 387 414 493 752 846 1017 1100 
Group08_07.txt
87 
Group08_09.txt
620 622 689 691 
Group08_10.txt
19 59 179 338 573 707 709 781 
Group08_11.txt
26 28 61 63 119 121 144 577 
Group08_12.txt
419 421 705 
Group08_13.txt
58 134 277 753 968 999 1118 
Group08_14.txt
125 178 227 229 626 
Group08_15.txt
224 518 523 760 811 
Group08_16.txt
269 569 571 1069 1107 1584 
Group08_17.txt
504 506 593 595 932 954 991 995 1180 
Group08_18.txt
151 186 312 435 
Group08_19.txt
29 97 560 742 792 
Group08_20.txt
149 279 308 1054 1056 1122 1479 1487 
Group08_21.txt
132 273 275 527 555 564 622 624 650 
Group08_23.txt
245 
Group08_24.txt
41 51 85 95 143 258 395 524 526 663 671 674 850 1093 
Group08_25.txt
740 1013 1071 1303 
Group08_26.txt
159 163 
Group08_27.txt
5 118 273 361 
Group08_28.txt
303 657 661 666 676 
Group08_29.txt
122 213 267 270 584 1247 
Group08_30.txt
22 141 311 347 349 802 856 858 882 901 966 1194 1346 
Group08_31.txt
2 290 394 542 557 681 768 
Group08_32.txt
193 
Group08_34.txt
71 182 505 
Group08_35.txt
3 
Group08_36.txt
77 189 235 337 
Group08_37.txt
256 
Group08_39.txt
99 159 162 220 365 
Group08_40.txt
47 141 246 271 326 392 
Group08_41.txt
8 10 53 55 208 210 
Group08_42.txt
114 234 275 
Group08_43.txt
29 194 499 599 
Group08_45.txt
131 133 283 
Group08_47.txt
161 367 494 
Group08_48.txt
127 
Group08_50.txt
66 209 252 278 472 594 
Group09_01.txt
282 284 
Group09_02.txt
220 436 
Group09_03.txt
120 256 261 378 438 495 497 
Group09_04.txt
88 90 275 
Group09_05.txt
82 237 241 349 488 490 536 639 641 664 774 776 
Group09_06.txt
213 215 335 362 
Group09_07.txt
199 201 563 637 639 958 960 
Group09_08.txt
436 
Group09_09.txt
85 179 384 580 629 767 810 914 
Group09_10.txt
45 126 128 153 161 218 348 530 705 763 840 
Group09_11.txt
57 242 299 393 
Group09_13.txt
332 524 526 
Group09_14.txt
286 288 396 609 760 788 
Group09_15.txt
291 388 
Group09_16.txt
44 46 484 
Group09_17.txt
240 560 734 
Group09_18.txt
153 
Group09_19.txt
273 296 
Group09_20.txt
38 121 162 199 385 
Group09_21.txt
32 106 108 420 502 574 601 612 761 891 1143 
Group09_22.txt
129 526 630 633 
Group09_23.txt
71 250 
Group09_24.txt
126 152 308 
Group09_25.txt
104 259 367 399 
Group09_26.txt
25 58 66 153 447 497 499 508 867 905 931 
Group09_27.txt
31 35 37 148 386 394 
Group09_28.txt
157 318 
Group09_29.txt
18 20 161 279 468 503 
Group09_30.txt
495 595 597 
Group09_31.txt
162 
Group09_32.txt
44 98 497 499 540 
Group09_33.txt
106 193 221 224 360 363 388 
Group09_34.txt
35 64 439 
Group09_35.txt
51 265 417 419 519 609 
Group09_36.txt
363 
Group09_37.txt
109 173 179 492 795 883 1098 
Group09_38.txt
104 135 241 497 
Group09_39.txt
225 474 476 555 571 593 645 647 
Group09_40.txt
338 456 491 660 
Group09_41.txt
499 569 571 
Group09_42.txt
122 259 
Group09_43.txt
236 319 626 
Group09_44.txt
191 202 484 
Group09_45.txt
365 757 
Group09_46.txt
88 255 
Group09_47.txt
86 88 
Group09_48.txt
458 623 
Group09_49.txt
241 338 
Group09_50.txt
20 243 497 526 546 
Group10_01.txt
107 400 
Group10_02.txt
32 70 153 230 299 344 420 
Group10_03.txt
278 453 535 542 544 766 793 890 913 
Group10_04.txt
316 347 
Group10_05.txt
61 868 
Group10_06.txt
40 61 410 501 
Group10_07.txt
11 54 
Group10_08.txt
229 261 293 429 
Group10_09.txt
87 433 661 722 724 938 940 943 
Group10_10.txt
72 163 393 839 868 
Group10_11.txt
250 488 590 1017 1052 1143 
Group10_12.txt
178 200 449 506 516 716 
Group10_13.txt
69 133 137 386 526 692 
Group10_14.txt
308 310 
Group10_15.txt
201 208 
Group10_16.txt
98 128 130 235 281 283 535 537 539 942 
Group10_17.txt
399 858 860 1017 1019 
Group10_18.txt
175 181 804 
Group10_19.txt
95 238 446 
Group10_20.txt
74 199 393 456 
Group10_21.txt
238 452 454 465 682 684 814 881 883 
Group10_22.txt
402 
Group10_23.txt
109 249 445 625 649 
Group10_24.txt
292 412 654 956 1161 
Group10_25.txt
109 116 475 516 518 626 814 855 857 965 
Group10_26.txt
32 70 153 230 299 344 420 
Group10_27.txt
24 321 420 884 
Group10_28.txt
91 281 349 351 406 420 522 537 614 801 898 921 951 1077 
Group10_29.txt
307 501 989 1008 
Group10_30.txt
38 40 263 376 
Group10_31.txt
76 95 184 303 307 342 415 525 605 650 
Group10_32.txt
318 
Group10_33.txt
267 339 748 791 860 1080 1259 1299 1449 1504 1526 1627 1672 
Group10_34.txt
237 239 
Group10_35.txt
9 242 244 246 248 251 254 583 585 713 737 739 766 768 1048 1155 1722 1724 1730 1732 
Group10_36.txt
376 646 
Group10_37.txt
148 506 605 
Group10_38.txt
719 842 1152 
Group10_39.txt
413 500 512 
Group10_40.txt
52 101 120 146 296 419 454 663 
Group10_41.txt
71 73 250 297 300 
Group10_42.txt
63 95 230 381 383 386 396 431 645 647 670 
Group10_43.txt
10 15 17 20 218 259 338 422 461 621 896 
Group10_44.txt
647 
Group10_45.txt
2 4 12 14 47 95 100 106 112 291 300 432 
Group10_46.txt
17 46 134 213 
Group10_47.txt
346 470 
Group10_48.txt
36 69 212 343 345 
Group10_49.txt
5 303 305 331 458 716 722 814 
Group10_50.txt
456 
Group11-01.txt
293 502 
Group11-02.txt
175 253 774 995 998 
Group11-03.txt
134 136 230 232 257 259 749 
Group11-04.txt
25 61 77 97 111 457 469 715 730 814 
Group11-05.txt
120 122 311 372 374 836 999 1001 1200 
Group11-06.txt
156 214 227 250 298 364 493 495 
Group11-07.txt
6 138 541 650 
Group11-08.txt
196 322 441 443 
Group11-09.txt
471 486 
Group11-10.txt
176 298 
Group11-11.txt
22 241 316 318 414 
Group11-12.txt
65 232 471 
Group11-13.txt
464 511 580 586 588 
Group11-14.txt
220 586 686 761 765 787 789 1092 
Group11-15.txt
389 400 490 581 648 783 904 1030 1296 1462 1478 1597 2226 2228 
Group11-16.txt
264 291 416 460 753 905 907 1338 1340 1580 1582 1694 1811 1813 1823 1893 2434 2834 2836 2911 3251 
Group11-17.txt
267 475 479 501 540 646 803 
Group11-18.txt
676 
Group11-19.txt
31 176 572 
Group11-20.txt
44 91 97 275 403 510 1119 1162 1256 1258 
Group11-21.txt
75 77 309 646 648 658 660 755 
Group11-22.txt
151 222 606 626 640 684 691 722 
Group11-23.txt
158 371 654 
Group11-24.txt
69 127 272 402 420 609 1332 1656 2023 2198 
Group11-25.txt
267 271 378 
Group11-26.txt
352 
Group11-27.txt
148 
Group11-28.txt
32 49 115 242 293 314 469 690 704 851 931 933 
Group11-29.txt
231 305 430 473 567 718 720 
Group11-30.txt
223 285 594 596 
Group11-31.txt
128 162 164 512 
Group11-32.txt
49 132 155 157 323 415 539 567 767 769 
Group11-33.txt
5 19 151 451 840 857 859 
Group11-34.txt
5 136 139 141 155 286 293 397 
Group11-35.txt
15 19 31 56 269 
Group11-36.txt
7 19 312 
Group11-37.txt
92 357 725 
Group11-38.txt
36 46 62 400 553 676 819 
Group11-39.txt
452 603 605 
Group11-40.txt
61 82 
Group11-41.txt
161 168 352 
Group11-42.txt
346 438 465 514 555 
Group11-43.txt
56 131 136 281 377 
Group11-44.txt
483 748 
Group11-45.txt
41 193 240 253 372 374 483 901 909 916 1049 1051 1070 1072 
Group11-46.txt
224 475 655 731 741 755 778 782 1199 1209 1454 
Group11-47.txt
4 20 41 74 121 145 386 388 439 442 446 577 688 852 
Group11-48.txt
314 
Group11-49.txt
74 124 212 299 356 405 570 575 
Group11-50.txt
262 358 409 605 633 811 813 
Group12_01.txt
12 109 113 186 307 434 940 966 1081 1122 1290 1303 
Group12_02.txt
15 141 321 418 437 461 492 822 919 974 1102 1659 1672 1908 2100 
Group12_03.txt
95 151 552 554 910 912 1396 
Group12_04.txt
16 32 53 61 220 222 352 355 357 491 740 780 877 944 991 1019 1033 1036 1038 1066 1069 1099 1263 1641 1712 1714 1726 1728 1782 1869 1952 2002 2166 2185 2250 2490 2506 2523 2691 2693 2747 
Group12_05.txt
18 101 136 378 396 498 
Group12_06.txt
199 617 619 641 761 1428 
Group12_07.txt
99 101 226 468 966 
Group12_08.txt
15 129 161 453 509 
Group12_09.txt
61 92 197 420 512 542 572 669 1051 1110 
Group12_10.txt
147 154 199 439 563 582 
Group12_11.txt
265 576 
Group12_12.txt
265 576 
Group12_13.txt
15 142 161 314 475 654 683 780 1125 1260 1388 1410 1555 1649 1768 1923 2008 2010 2025 
Group12_14.txt
48 91 124 295 664 908 910 
Group12_15.txt
177 179 272 287 289 389 744 
Group12_16.txt
115 253 278 389 402 
Group12_17.txt
13 40 92 142 194 379 507 509 
Group12_18.txt
118 148 174 215 396 430 
Group12_19.txt
140 849 957 1059 1283 
Group12_20.txt
12 125 208 266 268 316 448 550 607 
Group12_21.txt
444 446 567 
Group12_22.txt
105 195 256 607 770 
Group12_23.txt
167 169 250 611 
Group12_24.txt
72 197 220 290 611 628 630 743 800 
Group12_25.txt
9 39 115 133 194 350 447 562 634 657 
Group12_26.txt
74 100 102 168 459 675 874 880 1040 1338 1440 1585 
Group12_27.txt
246 262 283 301 338 361 465 
Group12_28.txt
144 147 
Group12_29.txt
35 195 220 440 501 535 577 590 
Group12_30.txt
85 278 
Group12_31.txt
195 381 383 527 529 
Group12_32.txt
10 45 
Group12_33.txt
324 
Group12_34.txt
69 128 296 471 506 572 
Group12_35.txt
721 
Group12_36.txt
484 
Group12_37.txt
441 501 
Group12_38.txt
183 227 315 386 
Group12_39.txt
11 34 80 157 302 322 584 604 
Group12_40.txt
326 328 
Group12_41.txt
5 144 
Group12_42.txt
467 680 871 923 934 941 1059 1076 
Group12_43.txt
194 427 611 636 639 675 687 765 901 
Group12_44.txt
87 324 382 384 508 
Group12_45.txt
142 309 385 
Group12_46.txt
7 23 84 230 317 528 
Group12_47.txt
93 145 327 357 366 
Group12_48.txt
13 75 93 197 377 437 541 628 
Group12_49.txt
173 214 753 778 860 1034 1059 1131 1175 1238 1469 1558 1646 1747 1795 1821 1896 1906 2092 2334 2425 2487 2493 2549 2625 2642 
Group12_50.txt
131 332 391 401 460 
Group13_01.txt
99 216 235 355 679 682 684 686 
Group13_02.txt
267 908 2057 2201 
Group13_03.txt
258 298 
Group13_04.txt
749 1150 
Group13_05.txt
101 165 177 237 257 263 657 743 987 989 1556 1715 1817 1819 1852 
Group13_06.txt
22 75 631 708 859 960 1072 1081 1665 1721 1924 1927 1980 2367 
Group13_07.txt
204 450 
Group13_08.txt
144 248 311 330 674 725 789 1174 
Group13_09.txt
179 181 236 315 320 1016 1165 1568 1799 1852 1880 
Group13_10.txt
266 514 
Group13_11.txt
181 196 258 633 
Group13_12.txt
99 428 444 646 707 
Group13_13.txt
152 
Group13_14.txt
446 608 667 
Group13_15.txt
131 
Group13_16.txt
87 
Group13_17.txt
391 475 
Group13_18.txt
64 178 299 470 472 857 
Group13_19.txt
209 226 285 
Group13_20.txt
569 706 795 804 
Group13_21.txt
260 330 352 432 523 654 708 898 1028 1043 1046 1192 1273 1280 1290 1532 1587 1651 1682 1724 1887 1906 2032 2042 2044 
Group13_22.txt
195 416 659 723 914 1110 1174 1385 1544 2256 2591 2898 3074 3773 3870 4436 4645 4880 4965 5366 5578 6128 6270 6369 6948 7348 7808 8821 9430 9497 9587 9925 10118 11079 11413 11487 12134 12562 13720 13722 13841 14621 14729 14731 14894 15061 15070 15072 15277 15280 15649 15742 15973 16014 16178 16238 16445 
Group13_23.txt
153 478 749 757 819 841 860 955 1062 1120 1124 1206 1209 1211 1252 1698 1822 1835 1850 1893 1974 2038 2045 2135 2161 2296 2471 2582 2592 2732 2806 2845 2896 2898 2924 2931 3020 3092 3163 3374 3434 3729 3734 3745 
Group13_24.txt
382 488 753 1473 1917 2057 2104 2266 3005 3290 3463 3465 3817 4001 4032 4123 4871 5087 5089 
Group13_25.txt
16 672 674 1278 1561 1563 1820 1865 
Group13_26.txt
115 131 214 261 298 890 924 927 951 992 994 997 1258 1283 1350 1479 1715 1731 1828 2013 2089 2139 2593 2755 3078 3379 3513 3748 3939 3987 4000 4341 4445 4486 5215 5436 5438 5450 5452 5534 5900 6142 6447 6864 7117 7262 7293 7342 7423 7430 7490 7568 7586 7772 8368 8389 8613 8842 8929 9089 9113 9285 9323 9325 9389 9436 9585 9812 9814 9825 10044 10197 10296 
Group13_27.txt
139 158 209 243 287 530 620 629 723 1222 1285 1330 1360 1436 1498 1556 1571 1591 1785 1850 2042 2140 2172 2343 3017 3090 3230 
Group13_28.txt
378 382 384 578 632 861 908 1035 2093 2098 2235 2279 2358 2465 2554 2572 3305 3365 
Group13_29.txt
226 353 539 1140 2025 2151 2236 2610 2899 2901 2957 3086 3134 3303 3569 3599 3742 3950 4055 4258 4393 4395 4724 4999 5057 5112 
Group13_30.txt
323 426 534 536 724 850 1119 1621 1665 1713 1715 1734 1885 2507 2589 2865 2919 3142 3440 3524 3614 
Group13_31.txt
183 605 607 
Group13_32.txt
311 390 435 624 674 906 1195 
Group13_33.txt
54 202 413 615 732 734 1791 1795 1924 
Group13_34.txt
295 
Group13_35.txt
268 280 454 482 633 708 763 1030 1147 
Group13_36.txt
451 453 636 638 648 664 970 1304 1309 1382 
Group13_37.txt
166 529 629 631 634 1012 1021 1049 1230 1232 
Group13_38.txt
538 540 557 575 588 614 616 811 880 945 967 1084 1097 1179 1209 1218 1431 
Group13_39.txt
402 435 473 491 538 540 598 667 688 713 746 765 979 1169 1185 1194 1298 1325 1476 1512 1604 1858 2019 2110 2112 2130 2150 2234 
Group13_40.txt
195 220 345 677 893 920 1040 1042 
Group13_41.txt
83 91 230 232 251 847 868 896 977 1019 1133 1506 
Group13_42.txt
580 960 1014 1036 1105 1276 
Group13_43.txt
58 188 366 413 449 456 468 592 694 835 867 1074 1134 1136 1297 1409 1411 1431 1446 1461 1527 1697 1763 
Group13_44.txt
227 377 419 483 643 645 652 655 732 845 848 851 901 1152 1276 1278 1485 1679 1700 1781 1918 2270 2298 2591 2593 2961 2991 3719 3832 3874 
Group13_45.txt
168 223 225 383 401 565 693 695 878 1068 1139 1243 1281 1385 1387 
Group13_46.txt
144 311 363 365 374 450 457 729 909 926 937 1197 1201 1236 1240 1421 1611 1738 1762 1812 1822 2081 2141 2388 
Group13_47.txt
95 196 512 578 617 763 1115 1186 1228 
Group13_48.txt
243 582 658 973 988 1202 1204 1265 1386 1502 1598 1708 1733 1761 1841 1980 2155 2166 2427 2488 2560 2566 
Group13_49.txt
179 181 407 522 526 561 728 778 1036 1066 1096 1108 1173 1175 1370 1391 1505 1534 1651 1756 1788 1924 1926 1961 2029 2099 2138 
Group13_50.txt
176 319 536 650 805 971 1000 1004 1166 1318 1342 1364 
Group14_01.txt
330 
Group14_02.txt
204 511 513 
Group14_03.txt
72 169 171 232 298 
Group14_04.txt
280 300 302 470 
Group14_05.txt
40 104 290 
Group14_06.txt
141 317 347 
Group14_08.txt
30 74 191 245 247 394 478 
Group14_09.txt
186 283 287 305 
Group14_10.txt
120 122 372 
Group14_11.txt
25 41 61 94 96 101 274 276 365 493 
Group14_12.txt
215 355 513 
Group14_13.txt
103 176 178 226 474 
Group14_14.txt
160 162 348 
Group14_15.txt
205 471 485 498 500 
Group14_17.txt
175 297 
Group14_18.txt
311 414 
Group14_19.txt
31 406 615 631 
Group14_20.txt
185 187 802 857 
Group14_21.txt
156 311 313 541 
Group14_22.txt
96 101 117 119 161 163 235 302 517 
Group14_23.txt
459 
Group14_24.txt
69 155 182 271 279 389 486 506 
Group14_25.txt
139 416 444 469 471 
Group14_26.txt
438 513 524 
Group14_27.txt
293 311 313 704 706 861 
Group14_28.txt
31 416 494 563 699 806 
Group14_30.txt
22 185 197 207 214 919 
Group14_31.txt
184 523 525 816 
Group14_32.txt
108 306 471 591 952 1027 1090 
Group14_33.txt
51 97 110 136 138 240 340 391 396 404 489 491 495 625 682 727 729 749 797 954 
Group14_34.txt
223 269 360 616 641 
Group14_35.txt
68 110 213 292 672 865 890 892 1075 1080 1161 1195 1200 1264 1465 1510 1704 1730 
Group14_36.txt
147 298 336 338 466 564 586 589 
Group14_37.txt
351 353 717 803 891 
Group14_38.txt
222 239 586 928 930 
Group14_39.txt
69 236 421 425 522 549 551 751 
Group14_40.txt
61 126 241 344 412 616 810 812 876 
Group14_41.txt
46 595 599 633 680 685 915 
Group14_42.txt
146 398 634 701 
Group14_43.txt
330 359 379 381 496 
Group14_44.txt
110 170 175 203 309 937 
Group14_45.txt
41 78 168 170 209 262 276 362 453 
Group14_46.txt
63 65 72 76 88 115 395 481 585 618 
Group14_48.txt
43 45 79 81 142 449 534 668 
Group14_49.txt
113 525 707 
Group14_50.txt
142 144 274 327 
