Group01_39.txt
367 
Group01_40.txt
819 
Group03_13.txt
161 1279 
Group04_10.txt
35 59 361 388 545 713 729 796 1011 1060 1103 
Group04_23.txt
477 521 705 
Group04_28.txt
32 116 154 191 204 222 273 291 340 417 451 468 479 500 527 538 557 596 
Group04_30.txt
861 
Group05_40.txt
38 
Group08_30.txt
445 1281 
Group08_31.txt
294 504 932 
Group08_35.txt
306 
Group08_36.txt
70 121 
Group08_45.txt
200 
Group08_50.txt
82 
Group13_23.txt
577 741 831 1213 2068 2078 2138 2368 2499 2635 2768 2852 2882 3170 3236 3320 3420 3477 3534 3603 3641 3663 3711 
Group13_29.txt
5153 
