Group01_01.txt
210 292 533 607 
Group01_04.txt
46 125 177 
Group01_05.txt
220 227 
Group01_06.txt
1045 1203 
Group01_07.txt
33 273 279 421 456 
Group01_08.txt
149 349 387 1171 
Group01_09.txt
153 166 310 319 353 430 460 640 783 
Group01_10.txt
352 
Group01_11.txt
39 60 81 95 326 923 
Group01_12.txt
38 55 
Group01_13.txt
60 98 
Group01_14.txt
49 121 248 
Group01_15.txt
233 249 251 331 
Group01_16.txt
12 84 97 
Group01_17.txt
136 
Group01_18.txt
138 
Group01_19.txt
270 356 408 449 462 635 
Group01_20.txt
181 663 
Group01_21.txt
312 
Group01_22.txt
372 
Group01_23.txt
372 623 
Group01_24.txt
46 125 177 
Group01_25.txt
534 567 751 763 893 
Group01_26.txt
106 402 603 640 
Group01_27.txt
255 
Group01_28.txt
181 335 
Group01_29.txt
260 
Group01_30.txt
189 333 725 779 788 
Group01_31.txt
22 54 86 98 190 304 341 403 449 
Group01_32.txt
347 572 601 674 716 721 760 833 1005 1064 1113 1134 1188 
Group01_33.txt
588 
Group01_34.txt
169 
Group01_35.txt
445 510 529 588 602 804 891 1010 1091 1128 1158 
Group01_37.txt
362 
Group01_38.txt
310 
Group01_39.txt
404 422 513 
Group01_40.txt
188 807 817 
Group01_41.txt
96 212 515 
Group01_42.txt
234 250 291 
Group01_43.txt
359 476 
Group01_44.txt
328 
Group01_45.txt
216 468 
Group01_46.txt
133 208 212 312 
Group01_47.txt
235 240 285 417 423 
Group01_48.txt
346 425 
Group01_50.txt
86 507 
Group02_01.txt
425 500 
Group02_02.txt
346 362 575 1002 
Group02_03.txt
417 442 623 767 892 964 
Group02_04.txt
119 185 555 563 716 
Group02_05.txt
742 
Group02_06.txt
245 
Group02_07.txt
137 193 242 477 568 
Group02_08.txt
482 
Group02_09.txt
824 
Group02_10.txt
105 429 
Group02_11.txt
46 144 213 326 439 449 686 910 
Group02_12.txt
463 575 
Group02_13.txt
430 615 646 
Group02_15.txt
70 124 143 
Group02_16.txt
256 622 686 699 741 756 
Group02_17.txt
14 35 64 94 136 158 182 302 313 345 396 470 523 532 663 699 
Group02_18.txt
1253 1665 1701 1771 1928 2237 2331 
Group02_19.txt
73 143 211 244 595 946 1089 1177 1425 1628 1768 1856 
Group02_20.txt
871 1020 1634 1707 1749 1833 1914 1927 1995 2105 2145 2194 2202 2208 2254 2269 2443 2455 3259 3345 3554 3616 3738 3940 3980 
Group02_21.txt
166 338 622 776 780 1039 1110 1134 2103 2864 2880 
Group02_22.txt
340 1601 1670 1770 2157 2255 2785 2977 2987 
Group02_23.txt
44 739 747 1155 1238 
Group02_24.txt
1426 
Group02_25.txt
236 739 865 1080 1315 
Group02_26.txt
605 757 
Group02_27.txt
316 355 735 945 1300 1673 
Group02_28.txt
692 754 766 1008 1261 
Group02_29.txt
132 257 496 512 523 851 1165 1314 
Group02_30.txt
47 859 1195 1240 1356 1383 1853 1962 2016 2238 2556 3613 3806 3995 4070 4203 
Group02_31.txt
370 1411 1542 1638 1695 2105 2328 2735 2769 2913 
Group02_32.txt
656 764 1049 1109 1152 1185 1201 1554 1793 1870 2121 2134 2136 2375 2597 
Group02_33.txt
38 768 780 786 1156 1781 2371 
Group02_34.txt
404 415 620 1367 
Group02_35.txt
171 486 521 679 901 
Group02_36.txt
206 572 1337 1747 
Group02_37.txt
147 596 778 1035 
Group02_38.txt
622 654 707 734 864 878 892 1272 1539 1732 1935 2140 2233 2259 2550 2773 2774 3167 3184 3275 
Group02_39.txt
334 374 602 1335 1389 1414 1439 
Group02_40.txt
116 252 289 534 1623 
Group02_41.txt
71 92 574 589 834 1150 1451 1589 
Group02_42.txt
51 544 
Group02_43.txt
65 187 459 1030 1192 1373 1429 1656 
Group02_44.txt
172 303 341 348 373 607 637 1093 1151 1496 1543 1560 
Group02_45.txt
166 206 1249 1277 1281 1315 1369 1400 1409 1435 1463 
Group02_46.txt
466 541 780 1085 1226 1283 1353 1573 1779 2321 2448 2467 
Group02_47.txt
73 159 504 564 593 818 1090 1126 1227 1286 
Group02_48.txt
594 1161 1234 1604 1827 1868 1936 2090 2231 2433 2491 2838 
Group02_49.txt
277 842 1691 1729 1737 1951 2531 2563 3046 3339 3394 3406 3441 3466 3561 3583 3600 3618 3942 
Group02_50.txt
394 529 1221 1888 
Group03_01.txt
57 139 209 244 254 273 383 
Group03_02.txt
255 648 
Group03_03.txt
435 904 1120 
Group03_04.txt
23 993 1296 
Group03_05.txt
613 894 1036 
Group03_06.txt
204 457 473 621 1024 1051 1058 1209 1322 1344 2395 
Group03_07.txt
106 173 675 784 872 963 969 1156 1389 1559 1667 1679 1696 1813 1932 2166 2325 2489 
Group03_08.txt
444 552 
Group03_09.txt
120 175 275 310 326 391 426 739 1014 1019 1086 
Group03_10.txt
151 259 581 756 826 845 859 
Group03_11.txt
360 
Group03_12.txt
86 337 505 547 570 656 862 1118 1333 1386 
Group03_13.txt
540 803 911 1083 1227 1336 
Group03_14.txt
260 453 554 586 653 
Group03_15.txt
272 483 549 
Group03_16.txt
295 432 685 
Group03_17.txt
312 499 541 656 759 
Group03_18.txt
48 72 196 224 271 464 543 796 809 827 884 989 1080 1194 1208 1217 
Group03_19.txt
814 
Group03_20.txt
301 646 734 906 
Group03_21.txt
103 282 600 1274 1419 
Group03_22.txt
62 498 
Group03_23.txt
201 270 378 388 484 757 
Group03_24.txt
119 123 330 456 467 728 772 912 970 973 979 1193 1473 1507 1603 1607 1638 1982 
Group03_25.txt
317 
Group03_26.txt
22 155 591 842 1157 1209 1482 1505 
Group03_27.txt
165 256 365 544 789 1034 1768 
Group03_28.txt
157 183 265 334 801 971 
Group03_29.txt
124 129 276 352 2024 2048 
Group03_30.txt
147 887 1215 1220 
Group03_31.txt
34 563 928 1020 
Group03_32.txt
143 496 524 1207 1404 
Group03_33.txt
132 629 1068 1442 
Group03_34.txt
180 204 252 264 269 621 1657 1883 1920 1994 2222 2300 2522 2740 2769 
Group03_35.txt
55 291 320 342 396 698 1110 1286 
Group03_36.txt
63 337 388 
Group03_37.txt
219 1048 1218 1317 1547 1735 
Group03_38.txt
72 258 286 312 453 668 671 740 964 990 1028 
Group03_39.txt
126 479 507 
Group03_40.txt
111 608 1047 
Group03_41.txt
26 35 62 64 
Group03_42.txt
105 110 260 336 
Group03_43.txt
107 428 494 559 
Group03_44.txt
459 992 1067 1129 1392 1524 
Group03_45.txt
115 318 484 
Group03_46.txt
8 34 99 211 223 241 407 537 
Group03_47.txt
60 94 482 575 606 760 863 892 1058 1086 
Group03_48.txt
66 100 186 730 759 763 871 
Group03_49.txt
361 687 
Group03_50.txt
260 726 815 1446 
Group04_01.txt
4 45 80 128 354 500 566 623 787 
Group04_02.txt
214 479 558 
Group04_03.txt
279 585 
Group04_04.txt
115 139 
Group04_06.txt
53 148 151 216 243 583 
Group04_07.txt
97 395 567 807 917 957 
Group04_08.txt
67 142 389 503 
Group04_09.txt
470 477 511 616 
Group04_10.txt
75 117 898 936 994 
Group04_11.txt
93 127 432 501 
Group04_12.txt
74 197 225 403 520 532 556 
Group04_13.txt
54 105 217 284 596 634 661 683 704 723 808 819 1058 1111 
Group04_14.txt
16 63 
Group04_15.txt
94 103 458 522 628 670 798 860 954 1185 
Group04_17.txt
23 317 876 1171 
Group04_18.txt
299 392 
Group04_19.txt
16 
Group04_20.txt
50 160 336 
Group04_21.txt
9 39 392 565 909 
Group04_22.txt
98 233 
Group04_23.txt
189 338 422 
Group04_24.txt
155 231 425 602 
Group04_25.txt
7 47 511 539 688 702 
Group04_26.txt
53 150 738 
Group04_27.txt
38 235 657 674 681 700 
Group04_28.txt
431 478 499 537 
Group04_29.txt
116 136 280 546 
Group04_30.txt
53 134 953 
Group04_31.txt
55 
Group04_32.txt
61 133 142 152 230 409 781 
Group04_33.txt
176 329 355 500 536 
Group04_34.txt
375 792 
Group04_35.txt
141 163 346 472 524 
Group04_36.txt
79 
Group04_37.txt
88 94 232 
Group04_38.txt
44 66 213 531 598 
Group04_39.txt
135 220 258 262 483 
Group04_40.txt
149 325 584 
Group04_41.txt
122 160 782 1007 
Group04_42.txt
48 169 173 224 
Group04_43.txt
20 126 408 740 
Group04_44.txt
7 287 342 400 494 580 607 
Group04_45.txt
440 
Group04_46.txt
50 173 406 527 655 966 984 1183 
Group04_47.txt
663 675 
Group04_48.txt
99 108 158 202 
Group04_49.txt
154 297 586 
Group04_50.txt
649 735 
Group05_01.txt
125 
Group05_02.txt
130 225 303 703 916 1060 1095 
Group05_03.txt
16 102 211 235 
Group05_04.txt
354 530 657 723 913 967 1025 1044 1110 
Group05_05.txt
172 
Group05_06.txt
639 868 1177 
Group05_07.txt
51 181 
Group05_08.txt
182 202 329 
Group05_09.txt
472 692 743 929 
Group05_10.txt
282 
Group05_11.txt
37 56 404 
Group05_12.txt
58 94 
Group05_13.txt
3 236 418 637 805 1145 
Group05_14.txt
511 551 787 806 847 
Group05_15.txt
211 314 
Group05_16.txt
10 219 407 458 978 
Group05_17.txt
183 224 478 523 538 697 765 827 972 979 
Group05_18.txt
335 832 938 1036 1048 
Group05_19.txt
436 
Group05_20.txt
207 658 976 
Group05_21.txt
334 646 914 
Group05_22.txt
261 321 336 385 450 
Group05_23.txt
70 152 393 428 647 697 796 940 
Group05_25.txt
191 233 617 636 883 918 1189 
Group05_26.txt
86 292 338 380 589 666 710 781 803 
Group05_27.txt
260 286 331 347 442 545 585 605 679 687 703 707 742 806 914 1132 1137 1306 1396 
Group05_28.txt
43 310 509 
Group05_29.txt
461 
Group05_30.txt
6 101 223 452 595 779 823 860 
Group05_31.txt
149 196 213 
Group05_32.txt
281 515 674 715 809 
Group05_34.txt
22 72 101 173 218 263 
Group05_35.txt
12 53 214 236 276 375 
Group05_36.txt
95 212 
Group05_38.txt
410 
Group05_39.txt
168 
Group05_40.txt
55 160 181 347 
Group05_41.txt
65 
Group05_42.txt
235 283 299 
Group05_43.txt
84 335 362 385 
Group05_44.txt
0 1132 
Group05_45.txt
34 121 822 
Group05_46.txt
328 609 
Group05_47.txt
35 
Group05_48.txt
363 378 
Group05_49.txt
383 581 658 702 834 853 894 
Group05_50.txt
122 163 244 347 
Group06_01.txt
123 
Group06_02.txt
100 258 279 345 592 617 645 
Group06_03.txt
542 
Group06_04.txt
42 79 755 
Group06_05.txt
38 172 184 220 237 392 482 
Group06_06.txt
77 393 
Group06_07.txt
132 312 551 
Group06_08.txt
330 374 470 513 519 
Group06_09.txt
121 169 240 
Group06_10.txt
57 181 207 231 524 532 638 707 
Group06_11.txt
23 31 311 387 554 604 634 
Group06_12.txt
34 72 165 307 318 
Group06_13.txt
30 113 373 379 497 711 
Group06_14.txt
142 148 265 360 622 679 708 745 749 757 
Group06_15.txt
43 126 395 769 790 799 
Group06_16.txt
24 86 140 255 268 655 710 717 722 838 842 
Group06_17.txt
165 287 414 500 534 634 847 924 
Group06_18.txt
326 475 546 755 
Group06_19.txt
239 349 
Group06_20.txt
52 71 102 132 230 730 
Group06_21.txt
82 243 551 849 
Group06_22.txt
28 75 84 235 585 
Group06_23.txt
653 836 
Group06_24.txt
283 307 333 
Group06_25.txt
32 39 164 428 628 669 
Group06_26.txt
33 134 221 625 630 
Group06_27.txt
12 60 71 312 318 
Group06_28.txt
34 195 429 442 499 720 
Group06_29.txt
5 22 126 159 241 261 380 418 483 499 516 605 705 734 
Group06_30.txt
167 
Group06_31.txt
165 287 414 500 534 634 847 924 
Group06_32.txt
61 139 405 648 682 687 
Group06_33.txt
236 646 695 772 
Group06_34.txt
327 402 
Group06_35.txt
246 
Group06_36.txt
100 145 161 302 364 373 381 414 428 462 508 524 631 644 
Group06_37.txt
222 
Group06_38.txt
137 234 283 506 564 583 634 
Group06_39.txt
47 100 106 272 
Group06_40.txt
74 
Group06_41.txt
11 26 61 122 137 142 146 534 
Group06_42.txt
10 163 336 
Group06_43.txt
412 
Group06_44.txt
131 276 664 
Group06_45.txt
147 351 626 
Group06_46.txt
134 332 
Group06_47.txt
225 
Group06_48.txt
426 
Group06_49.txt
418 
Group06_50.txt
85 608 
Group07_01.txt
225 
Group07_03.txt
86 193 358 385 627 782 890 1057 1179 1378 1400 1454 1809 1906 2100 2137 2204 2339 2631 2865 
Group07_04.txt
161 450 548 849 1083 1108 
Group07_05.txt
119 453 505 
Group07_06.txt
104 193 546 
Group07_07.txt
279 755 1116 
Group07_08.txt
54 179 591 631 
Group07_09.txt
258 
Group07_10.txt
79 546 
Group07_11.txt
559 
Group07_12.txt
160 210 396 770 871 
Group07_13.txt
405 614 695 
Group07_14.txt
140 
Group07_15.txt
92 
Group07_16.txt
48 198 
Group07_17.txt
284 
Group07_18.txt
693 706 799 851 1205 1228 1274 1432 
Group07_19.txt
264 337 548 682 951 
Group07_20.txt
165 201 239 462 
Group07_21.txt
140 279 370 920 
Group07_22.txt
213 296 
Group07_23.txt
388 431 483 
Group07_24.txt
222 400 768 797 1013 1176 
Group07_25.txt
423 468 
Group07_26.txt
177 791 
Group07_27.txt
69 142 587 637 
Group07_29.txt
76 94 200 250 
Group07_30.txt
121 391 
Group07_31.txt
142 202 217 233 266 309 337 417 458 584 1166 1480 1682 1860 
Group07_32.txt
66 259 333 510 
Group07_33.txt
178 
Group07_34.txt
33 435 549 611 
Group07_36.txt
283 293 318 720 960 1000 1036 1409 
Group07_37.txt
29 81 470 902 1000 1121 1648 1784 
Group07_38.txt
201 323 623 660 781 833 1055 1060 1254 1448 1709 1712 1924 
Group07_39.txt
295 
Group07_40.txt
52 122 269 278 
Group07_41.txt
62 518 604 
Group07_42.txt
371 534 
Group07_43.txt
150 356 454 500 
Group07_44.txt
290 472 
Group07_45.txt
549 555 
Group07_46.txt
117 129 325 379 414 434 501 680 
Group07_47.txt
445 487 543 
Group07_48.txt
65 159 189 276 282 458 469 
Group07_49.txt
326 414 429 600 715 746 855 866 1003 1085 1149 1421 1447 1484 1650 1751 1808 1827 1848 2190 2223 2484 2590 2645 
Group07_50.txt
121 128 186 274 344 390 489 538 694 
Group08_01.txt
199 287 
Group08_02.txt
124 194 288 343 
Group08_03.txt
4 241 
Group08_04.txt
3 322 336 408 436 635 
Group08_05.txt
11 47 178 257 286 381 
Group08_06.txt
668 1041 
Group08_07.txt
20 39 225 283 
Group08_08.txt
19 59 92 143 292 301 310 
Group08_09.txt
18 48 119 162 252 352 521 744 
Group08_10.txt
298 386 
Group08_11.txt
619 
Group08_12.txt
797 
Group08_13.txt
30 106 335 362 441 815 1007 
Group08_14.txt
175 366 410 443 582 
Group08_15.txt
170 289 361 376 546 574 590 792 
Group08_16.txt
31 57 327 351 417 430 439 508 518 672 693 830 849 863 1264 1331 
Group08_17.txt
20 23 71 100 103 151 225 277 349 598 1101 1142 1231 
Group08_18.txt
5 52 81 117 144 335 339 368 394 401 405 556 592 598 635 655 664 685 712 735 740 
Group08_19.txt
67 135 210 671 697 728 
Group08_20.txt
139 247 362 392 537 597 737 966 976 1131 1151 1294 1313 1337 1348 1356 1399 1473 
Group08_21.txt
124 128 239 289 349 470 
Group08_22.txt
448 553 600 670 753 847 
Group08_23.txt
3 322 336 408 436 636 
Group08_24.txt
384 530 646 799 984 1030 1043 
Group08_25.txt
17 43 84 310 362 449 541 580 586 674 758 886 926 946 971 993 1019 1074 1138 1277 
Group08_26.txt
138 
Group08_27.txt
373 
Group08_28.txt
98 354 389 607 612 
Group08_29.txt
17 127 312 677 732 868 927 981 1090 1359 1446 
Group08_30.txt
289 489 632 699 722 864 919 1065 1109 1215 1385 
Group08_31.txt
65 141 462 527 885 
Group08_32.txt
156 
Group08_33.txt
261 
Group08_34.txt
436 
Group08_35.txt
192 
Group08_36.txt
49 163 323 
Group08_37.txt
189 
Group08_38.txt
37 294 
Group08_39.txt
67 152 266 425 
Group08_42.txt
7 29 58 85 243 318 
Group08_44.txt
182 204 
Group08_46.txt
123 324 
Group08_47.txt
150 
Group08_48.txt
47 147 214 346 
Group08_49.txt
89 
Group08_50.txt
220 
Group09_01.txt
31 263 311 358 388 468 486 
Group09_02.txt
125 151 208 
Group09_03.txt
25 42 131 269 441 461 472 
Group09_04.txt
181 287 404 
Group09_05.txt
162 822 940 972 
Group09_06.txt
4 16 164 423 437 500 
Group09_07.txt
95 159 246 420 445 450 685 906 
Group09_08.txt
80 113 188 432 
Group09_09.txt
119 209 742 828 
Group09_10.txt
100 275 433 590 811 
Group09_11.txt
141 462 564 
Group09_12.txt
76 206 331 
Group09_13.txt
5 112 197 436 
Group09_14.txt
302 359 373 388 431 442 496 
Group09_15.txt
10 52 105 134 312 396 
Group09_16.txt
313 474 
Group09_17.txt
59 136 167 329 601 
Group09_18.txt
60 
Group09_20.txt
329 564 
Group09_21.txt
42 171 185 199 207 498 588 625 889 
Group09_22.txt
22 66 
Group09_23.txt
147 271 535 
Group09_24.txt
98 162 193 252 269 291 401 460 537 572 
Group09_25.txt
123 462 
Group09_26.txt
133 178 270 302 348 434 608 665 796 1093 
Group09_27.txt
43 288 332 370 524 
Group09_28.txt
109 552 
Group09_30.txt
87 177 199 313 360 372 
Group09_31.txt
260 376 
Group09_32.txt
275 491 
Group09_33.txt
125 163 528 
Group09_34.txt
620 
Group09_35.txt
91 291 357 433 715 
Group09_36.txt
15 376 
Group09_37.txt
84 113 283 394 505 516 544 589 616 751 827 946 960 1147 1167 
Group09_39.txt
94 
Group09_40.txt
135 261 302 307 321 429 772 
Group09_41.txt
539 
Group09_42.txt
49 82 329 483 
Group09_43.txt
217 220 
Group09_44.txt
68 247 446 
Group09_45.txt
6 82 217 271 275 360 437 464 587 682 
Group09_46.txt
139 249 422 522 
Group09_47.txt
66 216 
Group09_48.txt
46 84 371 497 541 646 
Group09_49.txt
107 212 360 675 719 833 
Group09_50.txt
275 
Group10_01.txt
112 489 659 
Group10_03.txt
106 
Group10_04.txt
371 581 
Group10_05.txt
167 278 941 
Group10_06.txt
652 
Group10_07.txt
112 
Group10_08.txt
120 169 494 571 593 
Group10_09.txt
571 614 732 742 817 841 906 921 1005 
Group10_10.txt
27 809 966 
Group10_11.txt
59 92 403 438 539 920 1015 1102 1185 
Group10_12.txt
349 687 
Group10_13.txt
17 159 167 327 533 
Group10_14.txt
17 340 
Group10_15.txt
461 
Group10_16.txt
210 
Group10_17.txt
450 555 1087 
Group10_18.txt
26 77 388 665 754 
Group10_19.txt
107 127 539 
Group10_21.txt
487 575 765 
Group10_22.txt
101 352 483 540 587 735 801 
Group10_23.txt
84 373 411 484 683 
Group10_24.txt
479 874 1074 
Group10_25.txt
313 590 652 929 
Group10_27.txt
739 
Group10_28.txt
231 239 388 592 694 812 
Group10_29.txt
173 233 383 721 833 932 
Group10_30.txt
117 255 513 
Group10_31.txt
536 611 
Group10_32.txt
372 
Group10_33.txt
295 491 865 1096 1394 1445 1510 
Group10_34.txt
26 
Group10_35.txt
523 581 596 716 1039 1071 1100 1118 1469 1579 1680 
Group10_36.txt
159 172 223 649 
Group10_37.txt
9 173 319 601 635 797 
Group10_38.txt
136 204 346 368 517 603 748 799 971 
Group10_39.txt
116 409 578 729 740 750 764 
Group10_40.txt
324 342 517 
Group10_41.txt
630 
Group10_42.txt
289 601 
Group10_43.txt
662 695 889 1076 
Group10_44.txt
15 184 264 287 366 389 572 772 817 
Group10_46.txt
57 308 
Group10_47.txt
49 51 64 263 445 580 615 734 989 
Group10_48.txt
158 179 226 450 491 521 600 
Group10_49.txt
97 233 343 419 551 
Group10_50.txt
46 104 239 
Group11-01.txt
216 400 610 
Group11-02.txt
780 859 927 946 1244 
Group11-03.txt
8 92 144 389 
Group11-04.txt
222 377 759 767 
Group11-05.txt
405 718 1412 1883 
Group11-07.txt
4 82 136 
Group11-08.txt
188 316 
Group11-09.txt
213 297 
Group11-10.txt
37 432 
Group11-12.txt
216 463 
Group11-13.txt
20 94 208 492 569 
Group11-14.txt
21 192 216 353 425 817 852 1057 
Group11-15.txt
28 122 1039 1356 1790 2045 
Group11-16.txt
17 72 482 594 982 1284 1696 1983 2013 2016 2030 2127 2181 2335 2769 2875 2961 
Group11-17.txt
16 60 213 322 374 413 641 
Group11-18.txt
62 559 
Group11-19.txt
17 154 158 196 
Group11-20.txt
171 444 466 848 1077 1081 1351 
Group11-21.txt
20 88 144 344 799 
Group11-22.txt
272 371 
Group11-23.txt
168 203 559 564 569 617 634 714 742 767 771 
Group11-24.txt
275 370 469 484 904 1264 1283 1598 1764 2233 2281 
Group11-25.txt
110 228 361 367 380 487 621 
Group11-26.txt
122 
Group11-28.txt
76 175 332 334 368 526 534 645 710 856 
Group11-29.txt
200 
Group11-30.txt
166 256 
Group11-31.txt
42 84 100 146 313 455 
Group11-32.txt
355 409 581 628 643 
Group11-33.txt
203 239 248 538 620 1047 
Group11-35.txt
22 350 
Group11-36.txt
286 319 
Group11-37.txt
163 226 800 
Group11-38.txt
308 
Group11-39.txt
146 181 313 422 588 
Group11-40.txt
261 435 450 538 
Group11-41.txt
118 369 382 410 432 
Group11-42.txt
524 535 
Group11-43.txt
124 350 
Group11-44.txt
5 11 47 86 109 131 156 176 190 210 258 375 447 638 734 739 763 
Group11-45.txt
311 318 464 474 504 626 721 737 790 943 
Group11-46.txt
51 176 361 410 615 648 1023 1097 1375 
Group11-47.txt
140 497 622 705 746 
Group11-48.txt
17 52 68 103 251 366 468 527 576 696 
Group11-49.txt
59 316 496 512 554 563 629 
Group11-50.txt
41 78 456 
Group12_01.txt
43 267 363 395 398 407 452 516 525 549 647 691 697 795 816 887 919 922 943 969 1066 1160 1260 1419 1513 
Group12_02.txt
470 509 869 942 1108 1359 1797 1859 2069 
Group12_03.txt
78 192 234 675 915 1273 1377 1390 
Group12_04.txt
42 234 275 330 383 749 836 848 919 1108 1161 1235 1254 1311 1362 1527 1551 1579 1700 1833 1854 2057 2149 2259 2456 2575 
Group12_05.txt
510 
Group12_06.txt
205 227 457 706 747 834 1017 1130 
Group12_07.txt
146 399 471 484 490 796 839 1336 1364 1370 
Group12_08.txt
271 300 402 
Group12_09.txt
4 22 66 298 326 369 584 601 654 692 1039 
Group12_10.txt
240 838 
Group12_11.txt
367 437 526 560 567 
Group12_12.txt
367 437 526 560 567 
Group12_13.txt
193 521 731 834 891 1128 1998 
Group12_14.txt
332 443 529 548 588 592 609 668 
Group12_15.txt
481 515 569 575 
Group12_16.txt
22 35 133 479 496 522 524 
Group12_17.txt
136 238 304 362 462 
Group12_18.txt
164 255 340 481 
Group12_19.txt
183 555 720 1143 
Group12_20.txt
247 343 
Group12_21.txt
35 162 223 247 505 522 564 612 709 749 
Group12_22.txt
55 265 344 530 555 679 
Group12_24.txt
405 836 895 
Group12_25.txt
24 337 441 531 535 541 605 
Group12_26.txt
5 421 461 891 982 1164 1315 1344 1408 1415 1464 1547 1554 1636 
Group12_27.txt
483 498 517 
Group12_28.txt
421 493 
Group12_29.txt
95 182 207 310 344 433 504 638 
Group12_30.txt
55 59 186 190 216 309 442 
Group12_31.txt
100 146 217 291 
Group12_32.txt
284 
Group12_33.txt
15 49 131 172 211 221 275 384 
Group12_34.txt
20 101 134 221 494 553 
Group12_35.txt
79 133 158 208 274 473 562 568 692 702 
Group12_36.txt
121 372 
Group12_37.txt
154 211 269 303 329 359 373 414 438 
Group12_39.txt
171 488 567 633 777 
Group12_40.txt
657 
Group12_41.txt
26 94 258 820 854 
Group12_42.txt
57 365 536 592 984 1048 1111 1257 1259 1516 1538 1544 
Group12_43.txt
22 163 268 272 798 
Group12_44.txt
66 193 402 
Group12_45.txt
303 376 592 
Group12_46.txt
16 90 236 401 741 
Group12_48.txt
17 96 134 143 193 247 339 350 380 505 
Group12_49.txt
204 448 535 611 633 642 655 991 1135 1179 1242 1302 1536 1710 1772 1799 1866 2064 2201 2218 2322 2413 2681 
Group13_01.txt
18 92 180 310 313 485 513 617 
Group13_02.txt
124 275 352 744 1061 1679 2312 2346 
Group13_03.txt
0 71 104 272 
Group13_04.txt
1003 
Group13_05.txt
365 758 784 1099 1485 1741 1762 1792 1919 2065 
Group13_06.txt
378 423 796 815 1321 1382 1553 1856 1922 2250 2549 2579 
Group13_07.txt
145 272 339 473 
Group13_08.txt
478 897 
Group13_09.txt
533 1430 
Group13_10.txt
535 800 818 867 
Group13_11.txt
126 301 
Group13_12.txt
137 238 246 358 420 482 664 
Group13_13.txt
32 36 48 135 
Group13_14.txt
7 192 198 237 279 425 541 620 
Group13_15.txt
28 46 100 246 492 496 626 
Group13_17.txt
140 302 323 509 
Group13_18.txt
322 485 528 751 
Group13_19.txt
292 439 
Group13_20.txt
325 764 810 
Group13_21.txt
33 196 322 360 727 803 868 1138 1601 1749 1871 
Group13_22.txt
88 701 742 1737 2008 2041 2047 2472 3224 3689 3833 3882 3926 4484 4594 4756 4915 5247 5370 5468 5690 5705 5796 5806 6117 6257 6650 6655 6662 7485 7492 8137 8653 8657 8714 8863 8921 9117 9165 9539 9637 10203 10363 10471 10517 10579 10827 10943 11075 11086 11255 11641 11650 11707 11740 11826 11844 11868 12001 12299 12978 13273 13577 13993 14267 14281 14535 14614 14719 14770 15182 15580 15597 15665 15676 16119 16308 
Group13_23.txt
36 48 131 295 430 524 772 790 1278 1288 1414 1548 1839 2255 2757 2791 2810 3227 
Group13_24.txt
51 238 935 1063 1192 1280 1319 1421 1522 1844 1998 2285 2832 3037 3184 3401 3423 3807 3900 3947 4053 4729 4843 5022 5031 5051 5330 5633 
Group13_25.txt
31 139 396 547 781 878 1013 1032 1486 1578 1736 1784 1823 1904 1923 2108 2414 
Group13_26.txt
45 1232 1640 1834 1906 2646 2665 2798 3440 3472 3649 3802 4151 4346 4690 4764 4955 5336 5414 5869 5888 6783 7109 7153 7251 7329 7367 7402 7413 7874 8100 8393 8558 8777 8963 9059 9081 9321 9551 9688 9860 
Group13_27.txt
53 109 417 429 495 640 660 752 785 1014 1294 1378 1387 2418 2584 2750 3118 3129 3170 3264 3447 
Group13_28.txt
43 61 128 183 397 594 793 1150 1172 1406 1424 1620 1899 2127 2843 2966 
Group13_29.txt
40 48 158 237 253 428 439 745 1001 1133 1300 1326 1484 1815 1973 1981 2071 2084 2245 2307 2346 2386 2406 2741 2906 2963 3317 3328 3400 3719 3739 4844 4871 4938 5013 5077 5118 5142 5173 5404 
Group13_30.txt
47 91 99 147 166 583 614 1029 1241 1401 1706 1862 1867 1948 2032 2104 2336 2392 2396 2455 2546 2705 2782 3364 3756 3778 3896 
Group13_31.txt
50 58 363 429 497 502 802 
Group13_32.txt
77 157 202 338 374 451 480 495 658 975 1018 1257 1358 
Group13_33.txt
45 454 686 828 852 1240 1404 1821 1933 2144 
Group13_34.txt
8 34 58 262 267 275 
Group13_35.txt
36 133 161 178 893 1060 1262 1272 
Group13_36.txt
30 571 974 
Group13_37.txt
23 55 78 423 432 775 1214 1359 1363 1428 
Group13_38.txt
49 468 1027 1336 1428 
Group13_39.txt
23 52 177 391 496 793 863 908 974 1147 1738 1760 1814 1883 1960 2029 
Group13_40.txt
9 42 446 544 630 749 806 
Group13_41.txt
22 32 56 97 172 344 403 426 502 547 870 1205 1612 
Group13_42.txt
37 63 89 189 769 977 
Group13_43.txt
32 174 223 247 613 633 907 988 1240 1281 1426 1476 1672 
Group13_44.txt
40 97 796 814 898 1068 1072 1423 1722 2081 2326 2381 2478 2513 2684 3729 3777 
Group13_45.txt
5 31 44 56 178 327 609 770 1060 1565 1630 
Group13_46.txt
39 48 166 241 330 378 510 767 782 959 1005 1031 1154 1207 1246 1399 1512 1574 1646 1685 1695 1770 1800 1861 1879 2334 2402 2453 2470 
Group13_47.txt
22 33 202 296 481 705 726 1099 1166 1340 1466 1631 
Group13_48.txt
41 62 110 387 604 832 863 872 1437 2083 2140 2274 2328 2361 2586 2624 
Group13_49.txt
49 126 238 405 567 951 1089 1303 1420 1559 1568 2215 
Group13_50.txt
21 772 968 
Group14_01.txt
91 104 130 253 402 451 
Group14_02.txt
463 
Group14_03.txt
268 494 525 
Group14_04.txt
222 
Group14_05.txt
354 431 
Group14_06.txt
74 191 234 320 328 
Group14_07.txt
78 113 151 189 231 451 462 525 
Group14_09.txt
116 342 
Group14_10.txt
44 
Group14_11.txt
439 
Group14_12.txt
19 373 442 460 
Group14_13.txt
73 137 452 
Group14_14.txt
69 218 
Group14_15.txt
69 337 430 
Group14_16.txt
98 158 197 462 504 519 
Group14_17.txt
188 249 293 344 
Group14_18.txt
215 341 344 434 
Group14_19.txt
73 196 209 218 284 434 562 608 673 778 
Group14_20.txt
68 249 306 536 722 745 949 
Group14_21.txt
564 
Group14_22.txt
562 583 
Group14_23.txt
172 349 394 441 
Group14_24.txt
102 168 317 321 347 400 432 458 
Group14_25.txt
89 291 575 
Group14_26.txt
226 442 852 
Group14_27.txt
343 427 532 852 
Group14_28.txt
217 239 779 827 851 
Group14_29.txt
497 
Group14_30.txt
29 365 402 434 469 511 821 916 
Group14_31.txt
97 254 294 302 396 409 432 453 470 
Group14_32.txt
455 538 656 906 936 1077 
Group14_33.txt
85 117 328 
Group14_34.txt
187 373 
Group14_35.txt
699 704 743 906 1228 1503 1552 1713 
Group14_36.txt
78 433 
Group14_37.txt
422 508 
Group14_38.txt
33 246 365 
Group14_39.txt
355 612 720 961 
Group14_40.txt
13 302 848 
Group14_41.txt
629 
Group14_42.txt
165 651 
Group14_44.txt
118 488 709 972 
Group14_46.txt
22 156 379 458 466 
Group14_47.txt
173 483 
Group14_48.txt
153 319 
Group14_49.txt
101 208 527 
Group14_50.txt
263 
