Group02_10.txt
12 349 
Group02_21.txt
143 281 864 2097 
Group02_22.txt
2280 
Group03_07.txt
1341 1997 2584 
Group03_27.txt
1203 
Group03_32.txt
1043 
Group03_33.txt
302 
Group03_36.txt
355 496 582 886 1602 
Group03_37.txt
275 2113 
Group03_40.txt
281 
Group04_04.txt
73 
Group04_06.txt
322 565 
Group04_07.txt
155 
Group04_12.txt
236 
Group04_34.txt
416 
Group04_35.txt
1 27 76 150 299 352 530 
Group04_37.txt
15 231 528 
Group05_25.txt
417 
Group06_23.txt
227 356 412 583 607 738 854 
Group06_47.txt
2 
Group07_37.txt
306 
Group08_03.txt
167 
Group08_07.txt
7 100 128 159 178 199 258 290 343 
Group08_13.txt
7 57 133 205 246 296 426 471 506 546 555 584 613 725 782 821 874 
Group08_26.txt
112 
Group08_33.txt
273 
Group09_38.txt
502 
Group09_39.txt
171 
Group09_49.txt
473 
Group10_17.txt
36 884 
Group10_42.txt
67 251 277 446 541 636 
Group10_49.txt
2 18 73 185 251 277 299 311 397 402 407 414 471 537 715 
Group11-05.txt
197 1184 1189 1464 
Group11-14.txt
264 
Group11-28.txt
519 590 627 
Group11-46.txt
1338 
Group11-48.txt
85 
Group12_01.txt
1140 1153 
Group12_04.txt
8 33 40 83 132 173 242 283 348 369 420 775 879 905 933 975 999 1032 1060 1083 1117 1277 1309 1517 1559 1708 1731 1860 2078 2084 2110 2270 2297 2319 2472 2573 2589 2696 2828 2833 2838 2845 
Group12_05.txt
48 186 434 458 638 655 
Group12_06.txt
211 603 
Group12_07.txt
54 153 344 489 575 599 
Group12_08.txt
463 
Group12_09.txt
140 174 203 430 516 683 847 
Group12_10.txt
680 
Group12_16.txt
14 71 139 396 
Group12_40.txt
69 672 
Group12_41.txt
118 355 553 
Group12_49.txt
311 584 
Group13_21.txt
1697 
Group13_22.txt
656 739 8652 10094 
Group13_24.txt
1377 
Group13_26.txt
8938 
Group13_27.txt
3102 
Group13_31.txt
9 30 95 148 182 211 242 381 447 471 652 744 806 
Group13_48.txt
183 2229 
Group14_22.txt
546 553 
Group14_34.txt
401 427 433 525 
Group14_35.txt
1055 
Group14_40.txt
800 
Group14_45.txt
37 
Group14_46.txt
560 
Group14_47.txt
314 
