Group01_10.txt
755 982 
Group01_47.txt
205 
Group01_48.txt
444 
Group01_49.txt
566 
Group02_08.txt
75 602 
Group02_10.txt
252 
Group02_18.txt
836 903 920 2867 2895 2906 
Group02_20.txt
732 3442 3473 3606 3649 
Group02_21.txt
1572 
Group02_23.txt
539 551 1471 1472 1563 
Group02_24.txt
378 390 573 620 657 664 720 741 763 827 966 980 1016 1060 1283 
Group02_25.txt
116 163 179 208 269 275 
Group02_27.txt
366 502 589 596 599 621 628 632 842 846 861 973 1433 1742 1748 1774 1783 
Group02_28.txt
1881 
Group02_30.txt
946 954 983 994 1012 3362 3369 3370 3405 3418 3419 3421 3434 3449 3467 3487 3509 3544 3546 
Group02_33.txt
1485 1605 1612 2936 
Group02_35.txt
524 575 
Group02_36.txt
254 288 326 
Group02_38.txt
1160 
Group02_41.txt
162 168 173 178 207 211 224 259 263 270 384 389 394 938 949 1100 1111 1362 
Group02_42.txt
258 
Group02_44.txt
304 309 311 392 394 405 666 668 678 688 689 706 718 721 724 776 789 
Group02_47.txt
1037 1052 
Group02_48.txt
219 220 250 256 315 377 385 396 404 450 462 506 678 682 691 695 704 707 727 770 815 823 1085 1759 1761 1781 1784 1788 1790 1793 1795 1799 1801 1851 1854 1880 1882 1895 1943 1945 1967 1975 1977 2004 2012 2035 2037 2055 2266 2268 2718 2720 2722 2733 2735 2738 2769 2772 2774 2777 2779 2781 
Group02_50.txt
132 134 
Group04_50.txt
214 
Group06_08.txt
77 
Group07_18.txt
641 1084 
Group07_27.txt
314 408 
Group07_41.txt
71 
Group07_45.txt
55 
Group10_17.txt
239 
Group10_30.txt
408 
Group10_36.txt
60 207 562 
Group12_28.txt
65 
Group12_42.txt
51 358 1042 
Group13_05.txt
188 
Group13_24.txt
952 
Group13_30.txt
2541 
Group13_41.txt
355 419 858 1239 
Group13_44.txt
1807 
Group14_37.txt
342 
Group14_41.txt
637 
