Group01_04.txt
48 
Group01_15.txt
235 258 
Group01_21.txt
49 487 
Group01_24.txt
48 
Group01_25.txt
388 407 494 615 865 
Group01_36.txt
62 76 125 148 
Group01_38.txt
49 484 
Group01_39.txt
250 274 548 
Group02_38.txt
866 872 
Group03_13.txt
1380 
Group03_31.txt
689 1405 
Group03_33.txt
212 
Group03_40.txt
191 
Group04_43.txt
270 
Group05_06.txt
74 379 394 464 629 671 
Group05_11.txt
406 
Group05_18.txt
22 
Group05_24.txt
192 
Group05_35.txt
23 80 384 
Group05_48.txt
395 
Group06_48.txt
177 186 325 
Group08_15.txt
183 442 
Group08_19.txt
5 60 128 199 321 401 423 452 524 567 580 673 
Group08_34.txt
213 290 
Group08_50.txt
605 
Group09_23.txt
556 
Group10_24.txt
362 
Group10_42.txt
415 439 473 
Group11-07.txt
228 
Group11-32.txt
196 
Group11-33.txt
10 109 627 658 849 1001 1041 
Group11-34.txt
1 33 72 92 117 120 152 167 233 290 353 369 381 438 445 
Group11-36.txt
11 30 107 140 210 262 308 
Group11-42.txt
254 
Group11-47.txt
10 
Group12_08.txt
266 
Group12_15.txt
54 175 269 365 399 491 514 585 639 
Group13_06.txt
58 
Group13_09.txt
286 
Group13_22.txt
3072 3092 3177 5192 5534 
Group13_26.txt
638 1794 2726 3351 8200 8266 8346 8524 8563 8588 8642 8665 8704 8721 8784 8796 8804 8837 9384 9513 9891 10195 
Group13_28.txt
2298 2761 2769 2779 2878 2886 2898 
Group13_29.txt
190 852 1443 2667 3694 3721 4177 
