Group01_20.txt
468 
Group01_21.txt
31 128 151 494 519 558 
Group01_25.txt
84 604 630 645 894 
Group01_38.txt
31 127 150 491 516 555 
Group01_39.txt
299 439 557 
Group03_31.txt
611 719 1308 1359 
Group03_36.txt
1662 
Group04_43.txt
628 
Group05_06.txt
51 115 182 564 694 748 941 1029 
Group05_18.txt
13 120 388 683 
Group05_19.txt
827 
Group05_24.txt
176 
Group05_26.txt
171 
Group05_31.txt
217 
Group06_48.txt
137 157 514 529 552 573 
Group10_11.txt
219 
Group10_42.txt
142 494 
Group11-05.txt
438 
Group11-12.txt
515 
Group11-34.txt
162 411 
Group11-36.txt
1 36 66 121 177 327 364 
Group12_15.txt
551 
Group13_22.txt
1105 
Group13_26.txt
8191 8518 8600 
Group13_29.txt
1754 4131 
Group13_40.txt
768 
