Group01_01.txt
71 
Group01_02.txt
62 258 274 
Group01_04.txt
145 222 
Group01_06.txt
57 321 1093 
Group01_07.txt
100 204 479 539 
Group01_08.txt
130 234 279 
Group01_09.txt
673 
Group01_10.txt
9 54 326 403 462 679 920 
Group01_11.txt
15 155 454 461 623 999 
Group01_12.txt
41 579 613 
Group01_13.txt
94 
Group01_17.txt
11 50 
Group01_18.txt
25 96 181 
Group01_19.txt
260 318 394 709 741 752 
Group01_20.txt
224 380 440 
Group01_21.txt
153 241 457 
Group01_22.txt
199 
Group01_23.txt
324 470 529 
Group01_24.txt
145 222 
Group01_25.txt
2 39 184 1129 1145 
Group01_26.txt
286 315 414 474 554 634 760 791 
Group01_27.txt
338 350 376 
Group01_28.txt
503 
Group01_29.txt
99 466 667 
Group01_30.txt
236 577 592 619 635 
Group01_31.txt
3 20 186 465 483 
Group01_32.txt
59 816 
Group01_33.txt
558 706 733 
Group01_34.txt
35 44 56 282 387 432 462 550 588 647 
Group01_35.txt
507 930 943 1125 1265 
Group01_36.txt
408 
Group01_37.txt
444 
Group01_38.txt
152 239 455 
Group01_39.txt
524 
Group01_40.txt
310 
Group01_41.txt
82 281 
Group01_43.txt
8 387 424 438 
Group01_44.txt
366 
Group01_45.txt
57 195 465 
Group01_46.txt
307 348 420 446 512 546 
Group01_47.txt
5 78 108 129 342 351 
Group01_48.txt
316 
Group01_49.txt
263 403 504 553 
Group01_50.txt
410 
Group02_01.txt
124 182 329 406 417 603 
Group02_02.txt
63 105 187 197 249 572 723 1000 
Group02_03.txt
64 332 383 621 847 851 962 973 982 1029 
Group02_04.txt
609 676 
Group02_05.txt
92 223 248 265 330 403 531 576 596 638 706 
Group02_06.txt
140 608 631 
Group02_07.txt
222 286 354 367 487 502 628 646 767 
Group02_08.txt
36 218 316 415 455 538 563 622 
Group02_09.txt
148 162 229 237 355 391 405 486 503 588 673 790 795 
Group02_10.txt
518 665 1089 
Group02_11.txt
115 135 140 169 233 238 299 329 658 703 828 903 
Group02_12.txt
16 197 486 524 679 837 879 886 930 964 970 992 1016 1059 
Group02_13.txt
96 194 338 355 519 839 878 
Group02_14.txt
180 286 338 929 
Group02_15.txt
522 
Group02_16.txt
211 362 413 486 528 615 838 
Group02_17.txt
81 233 250 311 408 450 494 509 545 661 672 704 
Group02_18.txt
147 189 543 1224 1245 1313 1345 1418 1841 2010 2025 2048 2140 2349 2399 2739 3084 
Group02_19.txt
52 58 161 184 272 287 306 377 400 495 523 588 608 631 648 812 830 858 952 995 1030 1061 1201 1260 1312 1342 1439 1456 1484 1613 1683 1703 1730 1737 
Group02_20.txt
13 66 306 480 592 657 682 729 865 952 1103 1152 1371 1436 1543 1559 1760 1803 1818 1864 1926 1984 2348 2375 2425 2475 2527 2571 2617 2860 2964 3052 3265 3276 3290 3301 3314 3444 3465 3580 3596 3628 3657 3724 3826 3830 3872 3978 3992 4062 4189 
Group02_21.txt
34 209 283 620 1222 1562 1792 1942 2140 2668 2774 2788 2856 
Group02_22.txt
24 237 290 322 475 585 632 664 687 916 999 1034 1220 1536 1579 1659 1881 2014 2104 2384 2421 2452 2515 2559 2571 2704 2778 2827 2896 2903 3071 3236 3596 3622 3635 
Group02_23.txt
280 371 377 691 703 717 731 779 953 1153 1484 
Group02_24.txt
9 27 120 147 196 894 932 1059 1380 
Group02_25.txt
109 194 327 408 438 500 560 766 979 1049 1213 1225 1265 
Group02_26.txt
48 283 712 836 
Group02_27.txt
146 197 232 362 372 546 709 731 840 855 929 943 1033 1099 1189 1245 1396 1447 
Group02_28.txt
276 329 428 550 554 738 974 1102 1114 1147 1328 1444 1665 1758 1802 1885 2037 2060 
Group02_29.txt
60 347 428 452 515 796 823 875 951 993 1120 1213 1317 
Group02_30.txt
280 350 418 579 1066 1223 1329 1451 1544 1652 1775 1793 1807 1871 1980 2014 2044 2074 2126 2180 2348 2463 2570 2589 2620 2695 2751 2837 2857 2969 3060 3116 3178 3196 3273 3363 3371 3500 3518 3533 3609 3625 3741 4082 4136 4195 4208 4316 4442 
Group02_31.txt
14 102 291 306 389 438 487 648 737 991 1689 1768 1813 1893 2065 2146 2174 2427 2451 2508 2641 2921 2930 2956 2976 
Group02_32.txt
21 44 159 170 231 308 323 361 376 397 618 777 788 845 943 1074 1209 1266 1271 1441 1473 1601 1619 1910 2727 
Group02_33.txt
95 171 372 426 555 576 636 720 746 758 828 887 924 931 993 1024 1041 1083 1152 1199 1447 1691 1743 2134 2148 2241 2309 2450 2497 2544 2613 2769 2939 2944 2951 3107 3138 3160 3209 3321 3335 3353 3409 
Group02_34.txt
66 76 660 668 955 1036 1316 1349 
Group02_35.txt
55 69 86 101 113 267 436 
Group02_36.txt
53 89 137 192 463 503 583 712 794 799 1083 1158 1205 1216 1226 1329 1350 1472 1478 1549 1581 1608 1647 1688 1804 1820 1827 1835 1843 
Group02_37.txt
64 97 145 556 633 707 811 816 1142 
Group02_38.txt
24 40 73 244 412 445 509 562 927 937 969 988 1010 1128 1232 1898 1915 2216 2542 2589 2857 3031 3065 3181 3468 3486 
Group02_39.txt
12 64 243 324 333 345 352 615 695 784 862 1072 1212 1229 1475 
Group02_40.txt
159 395 594 735 811 923 1010 1094 1123 1154 1206 1252 1621 1658 1719 1927 1994 2040 2046 2145 2240 2247 2265 2274 2311 
Group02_41.txt
117 464 491 669 1225 1285 1342 1506 1525 1552 
Group02_42.txt
105 232 336 540 
Group02_43.txt
35 40 114 141 304 402 423 629 747 764 788 862 1167 1265 1285 1408 1633 
Group02_44.txt
23 243 486 512 556 605 703 811 873 901 1050 1241 1261 1420 1523 1579 
Group02_45.txt
60 78 530 560 1155 1224 1621 1626 1634 
Group02_46.txt
26 113 156 239 427 743 823 1125 1161 1203 1390 1399 1592 1614 1807 1873 1879 1971 2026 2134 2152 2193 2248 2403 2537 
Group02_47.txt
113 385 434 559 569 578 743 809 885 924 1082 1384 1420 1431 
Group02_48.txt
89 130 205 564 802 984 1393 1408 1597 1980 2156 2375 2441 2704 2970 
Group02_49.txt
930 1057 1903 1969 1982 2725 2776 2891 2910 3103 3933 3983 4110 4254 
Group02_50.txt
254 377 478 497 510 519 703 802 807 873 1072 1627 2017 2053 2068 
Group03_02.txt
287 405 
Group03_03.txt
235 756 1007 1135 
Group03_04.txt
18 953 1106 1279 1396 1482 1500 1744 1853 2193 2231 
Group03_05.txt
269 276 918 1058 
Group03_06.txt
160 347 353 410 573 879 1008 1377 1896 1951 2366 2417 2639 
Group03_07.txt
165 176 230 315 531 576 892 923 1045 1149 1487 1634 1809 2069 2687 2693 
Group03_08.txt
48 108 578 656 810 
Group03_09.txt
35 708 952 1029 1095 
Group03_10.txt
397 543 787 952 
Group03_11.txt
7 341 558 762 798 823 905 970 
Group03_12.txt
435 568 584 
Group03_13.txt
270 574 1110 1288 1363 1500 
Group03_14.txt
60 85 217 
Group03_15.txt
553 660 722 
Group03_16.txt
472 495 617 696 713 907 
Group03_17.txt
90 203 473 
Group03_18.txt
731 856 952 
Group03_19.txt
446 635 737 880 927 
Group03_20.txt
134 139 189 732 751 
Group03_21.txt
720 733 856 1534 2034 2053 
Group03_22.txt
251 659 991 1107 
Group03_23.txt
172 335 402 630 677 708 
Group03_24.txt
924 1221 1625 1805 
Group03_25.txt
89 112 150 386 394 476 563 611 631 
Group03_26.txt
327 535 754 817 1002 1187 1276 1411 1417 
Group03_27.txt
117 126 154 161 246 596 610 704 832 993 1117 1600 1631 
Group03_28.txt
342 920 929 
Group03_29.txt
581 647 821 1461 1555 1617 1634 1766 1788 1904 2067 2177 
Group03_30.txt
177 419 567 1057 
Group03_31.txt
2 183 197 602 736 794 798 979 1055 1428 1596 1613 2183 2314 2571 2611 2739 2763 
Group03_32.txt
112 898 988 1112 1190 1216 
Group03_33.txt
358 743 825 895 1024 
Group03_34.txt
523 724 979 1974 2295 2359 2401 
Group03_35.txt
486 518 680 724 750 831 1060 1069 1271 
Group03_36.txt
361 659 700 1133 1254 1329 1380 1565 1701 1711 
Group03_37.txt
21 264 470 950 1338 1630 1864 1899 1965 2069 
Group03_38.txt
39 582 644 653 710 872 921 
Group03_39.txt
95 881 
Group03_40.txt
337 722 804 874 1003 
Group03_41.txt
183 227 258 
Group03_42.txt
565 637 811 1479 1576 1638 1660 
Group03_43.txt
11 276 375 451 520 603 
Group03_44.txt
178 436 707 1241 1482 
Group03_45.txt
131 
Group03_46.txt
56 151 169 
Group03_47.txt
42 114 173 406 673 899 1042 
Group03_48.txt
82 517 
Group03_49.txt
155 164 302 579 
Group03_50.txt
165 813 1381 1572 
Group04_01.txt
436 575 610 901 922 
Group04_02.txt
212 
Group04_03.txt
46 291 312 456 504 584 
Group04_04.txt
393 
Group04_05.txt
225 232 281 539 
Group04_06.txt
455 466 770 
Group04_07.txt
204 210 995 
Group04_08.txt
520 
Group04_09.txt
18 43 195 455 493 
Group04_10.txt
421 
Group04_11.txt
186 355 
Group04_12.txt
182 
Group04_13.txt
126 343 694 
Group04_14.txt
174 187 210 221 356 464 
Group04_15.txt
3 65 122 308 343 384 683 700 797 981 1028 1039 1130 
Group04_16.txt
156 210 389 429 
Group04_17.txt
195 460 837 
Group04_18.txt
275 504 569 
Group04_19.txt
45 131 443 
Group04_20.txt
22 30 73 108 151 397 
Group04_21.txt
807 921 984 
Group04_22.txt
181 
Group04_23.txt
139 573 655 
Group04_24.txt
154 178 720 
Group04_25.txt
404 502 
Group04_26.txt
381 856 
Group04_27.txt
374 698 
Group04_28.txt
285 367 405 
Group04_29.txt
6 24 39 54 130 172 271 318 485 594 
Group04_30.txt
937 1036 
Group04_31.txt
468 
Group04_32.txt
7 42 122 317 606 628 670 774 822 
Group04_33.txt
592 698 711 
Group04_34.txt
170 362 496 759 775 
Group04_35.txt
435 
Group04_36.txt
2 36 
Group04_38.txt
104 414 
Group04_39.txt
39 94 518 552 556 716 724 729 737 759 873 916 
Group04_40.txt
42 464 546 562 
Group04_41.txt
680 
Group04_42.txt
87 206 424 428 536 582 
Group04_43.txt
285 319 404 415 438 513 573 
Group04_44.txt
49 174 303 
Group04_46.txt
16 41 325 654 773 873 946 1135 1155 
Group04_47.txt
61 101 295 312 395 
Group04_48.txt
488 
Group04_49.txt
211 
Group05_01.txt
44 
Group05_02.txt
668 942 1058 1286 
Group05_04.txt
444 564 582 
Group05_05.txt
137 335 
Group05_06.txt
337 525 651 
Group05_07.txt
241 381 500 
Group05_09.txt
49 163 189 202 207 250 563 579 619 664 688 856 
Group05_10.txt
139 447 479 553 
Group05_11.txt
78 
Group05_13.txt
33 295 403 429 583 
Group05_14.txt
535 991 
Group05_15.txt
186 221 522 591 631 
Group05_16.txt
171 259 328 361 438 538 788 796 805 880 
Group05_17.txt
316 455 686 718 940 965 
Group05_18.txt
490 830 
Group05_19.txt
137 407 484 561 717 
Group05_20.txt
27 55 97 885 
Group05_21.txt
11 861 
Group05_23.txt
434 949 1067 1204 1238 
Group05_24.txt
280 462 
Group05_25.txt
302 612 904 
Group05_26.txt
10 226 335 406 528 729 
Group05_27.txt
827 858 890 994 1479 
Group05_29.txt
223 
Group05_30.txt
228 705 904 964 969 
Group05_31.txt
3 39 203 
Group05_32.txt
45 57 68 109 624 826 
Group05_34.txt
48 86 
Group05_35.txt
37 266 513 
Group05_39.txt
216 267 
Group05_41.txt
59 74 106 112 389 
Group05_44.txt
16 206 322 800 897 924 
Group05_45.txt
29 536 604 779 791 
Group05_46.txt
275 
Group05_47.txt
68 
Group05_48.txt
77 122 377 441 460 
Group05_49.txt
148 686 
Group05_50.txt
219 254 562 631 671 
Group06_02.txt
481 496 522 
Group06_03.txt
286 380 578 628 
Group06_04.txt
95 385 675 696 
Group06_05.txt
19 380 454 
Group06_06.txt
59 95 472 753 790 822 
Group06_07.txt
92 99 457 515 633 
Group06_09.txt
264 456 491 
Group06_10.txt
460 490 694 719 739 
Group06_11.txt
72 172 185 594 672 737 799 810 
Group06_12.txt
125 435 
Group06_13.txt
223 279 468 489 570 652 684 
Group06_15.txt
245 454 612 619 651 660 694 737 
Group06_16.txt
432 826 922 
Group06_17.txt
75 236 431 523 978 
Group06_18.txt
540 
Group06_19.txt
176 683 
Group06_20.txt
98 664 705 
Group06_21.txt
136 168 407 
Group06_22.txt
495 
Group06_23.txt
150 503 716 
Group06_24.txt
326 330 339 365 
Group06_26.txt
128 
Group06_27.txt
91 391 
Group06_28.txt
268 403 624 704 
Group06_29.txt
346 444 582 
Group06_30.txt
362 365 521 
Group06_31.txt
75 236 431 523 978 
Group06_32.txt
255 262 581 655 
Group06_33.txt
21 115 139 203 309 399 456 519 744 
Group06_35.txt
12 169 316 323 
Group06_36.txt
77 206 213 
Group06_37.txt
117 390 
Group06_38.txt
376 773 
Group06_39.txt
282 374 436 457 
Group06_40.txt
92 210 342 442 521 
Group06_41.txt
104 332 353 358 
Group06_42.txt
521 
Group06_43.txt
56 206 337 549 687 713 
Group06_44.txt
230 422 463 583 662 734 897 
Group06_45.txt
275 589 
Group06_46.txt
149 451 592 643 744 
Group06_47.txt
12 101 
Group06_48.txt
512 
Group06_49.txt
374 395 448 
Group06_50.txt
391 511 
Group07_01.txt
102 233 620 
Group07_02.txt
98 777 
Group07_03.txt
94 587 751 820 867 874 1528 1988 2078 2823 2840 
Group07_04.txt
98 129 135 202 387 500 543 787 1162 
Group07_05.txt
80 388 406 512 623 628 663 762 781 
Group07_06.txt
34 79 395 466 613 719 758 802 
Group07_07.txt
54 159 418 438 676 1011 1197 1369 
Group07_08.txt
251 621 
Group07_09.txt
275 401 625 
Group07_10.txt
150 373 520 
Group07_11.txt
27 28 
Group07_12.txt
415 434 708 734 827 1000 1076 
Group07_13.txt
430 469 
Group07_14.txt
232 
Group07_15.txt
78 247 253 357 484 520 560 597 
Group07_16.txt
83 485 575 778 798 
Group07_17.txt
384 529 
Group07_18.txt
187 500 508 520 565 811 979 1117 1162 1271 1322 1330 
Group07_19.txt
135 207 938 
Group07_20.txt
101 180 352 389 476 
Group07_21.txt
18 158 231 358 408 902 912 
Group07_22.txt
131 727 733 
Group07_23.txt
210 
Group07_24.txt
91 687 1061 1079 1508 1561 2072 
Group07_25.txt
154 204 
Group07_26.txt
449 
Group07_27.txt
67 452 
Group07_28.txt
10 81 295 485 
Group07_29.txt
128 
Group07_30.txt
158 294 500 551 837 
Group07_31.txt
141 223 372 810 852 858 1146 1148 1335 1411 1556 1688 1763 1774 
Group07_33.txt
338 346 417 424 439 455 
Group07_34.txt
107 267 
Group07_35.txt
145 157 221 228 246 274 571 
Group07_36.txt
102 327 343 736 753 763 998 1033 1187 1413 
Group07_37.txt
136 209 453 792 1040 1098 1173 1523 1574 1603 
Group07_38.txt
285 367 763 788 826 872 1163 1687 1720 
Group07_39.txt
102 159 439 596 601 617 
Group07_40.txt
319 537 806 
Group07_41.txt
451 472 608 
Group07_42.txt
59 225 
Group07_43.txt
139 189 
Group07_44.txt
36 446 623 628 666 698 709 784 
Group07_45.txt
63 143 
Group07_46.txt
298 429 579 
Group07_47.txt
57 
Group07_48.txt
446 496 564 824 829 912 914 1010 1110 1126 1188 
Group07_49.txt
234 257 708 968 1493 2430 2654 
Group07_50.txt
639 
Group08_01.txt
471 617 
Group08_02.txt
300 608 
Group08_03.txt
276 527 
Group08_05.txt
224 
Group08_06.txt
327 360 
Group08_07.txt
421 
Group08_08.txt
176 
Group08_09.txt
610 
Group08_10.txt
570 716 
Group08_11.txt
734 
Group08_12.txt
282 447 458 570 728 915 933 982 1018 1030 
Group08_13.txt
395 669 1072 
Group08_14.txt
115 156 287 624 
Group08_15.txt
389 412 419 539 
Group08_16.txt
381 699 846 1191 1578 1621 
Group08_17.txt
672 855 990 1137 
Group08_18.txt
545 
Group08_19.txt
417 807 
Group08_20.txt
461 536 1332 
Group08_21.txt
238 392 
Group08_22.txt
432 502 
Group08_24.txt
322 473 502 723 782 837 841 995 1016 
Group08_25.txt
442 833 1005 
Group08_27.txt
156 
Group08_29.txt
264 307 466 918 934 975 1524 
Group08_30.txt
284 855 1284 1527 1537 
Group08_31.txt
152 500 718 739 750 926 
Group08_33.txt
141 
Group08_34.txt
209 432 445 
Group08_35.txt
120 
Group08_36.txt
73 176 
Group08_38.txt
58 
Group08_40.txt
200 472 
Group08_41.txt
206 222 
Group08_43.txt
101 258 455 485 586 594 
Group08_44.txt
160 
Group08_48.txt
175 199 219 364 
Group09_01.txt
16 58 132 238 287 357 366 387 397 437 511 627 
Group09_02.txt
232 501 
Group09_03.txt
17 56 316 519 532 
Group09_04.txt
173 256 433 535 
Group09_05.txt
347 506 560 901 978 
Group09_06.txt
295 485 494 
Group09_07.txt
205 333 957 
Group09_08.txt
343 
Group09_09.txt
433 950 
Group09_10.txt
490 497 606 
Group09_11.txt
373 
Group09_12.txt
540 
Group09_13.txt
31 97 261 617 
Group09_14.txt
53 539 779 821 852 
Group09_15.txt
26 489 
Group09_17.txt
217 372 543 592 707 732 
Group09_18.txt
434 
Group09_20.txt
135 230 
Group09_21.txt
275 391 564 634 947 958 1106 1178 
Group09_22.txt
186 199 222 233 370 478 
Group09_23.txt
484 533 623 
Group09_24.txt
439 546 
Group09_25.txt
323 
Group09_26.txt
105 578 693 721 745 870 895 1244 1276 
Group09_27.txt
159 366 411 505 
Group09_28.txt
123 190 305 
Group09_29.txt
354 395 406 439 525 580 584 
Group09_30.txt
132 
Group09_31.txt
90 339 514 
Group09_32.txt
577 
Group09_33.txt
518 
Group09_34.txt
263 531 618 
Group09_35.txt
68 578 
Group09_36.txt
486 
Group09_37.txt
495 692 741 871 1002 1127 
Group09_38.txt
169 401 
Group09_39.txt
500 
Group09_41.txt
242 255 399 419 447 470 473 479 582 
Group09_42.txt
319 347 559 
Group09_43.txt
542 570 610 624 667 
Group09_44.txt
405 436 
Group09_45.txt
661 721 
Group09_46.txt
23 529 543 564 592 640 
Group09_47.txt
11 
Group09_48.txt
452 
Group09_49.txt
139 636 670 691 702 
Group10_01.txt
470 
Group10_02.txt
411 
Group10_03.txt
737 860 889 937 
Group10_04.txt
337 364 451 525 554 568 576 
Group10_05.txt
162 341 465 780 960 
Group10_06.txt
146 193 249 387 549 594 628 707 
Group10_07.txt
256 321 519 566 597 
Group10_08.txt
23 29 131 138 525 552 568 584 647 678 
Group10_09.txt
97 344 501 515 1010 1037 
Group10_10.txt
572 598 
Group10_11.txt
400 412 604 998 1044 1260 
Group10_12.txt
370 477 601 
Group10_13.txt
104 238 301 476 
Group10_14.txt
446 
Group10_15.txt
45 535 613 649 
Group10_16.txt
357 781 
Group10_17.txt
6 151 248 520 584 816 920 925 
Group10_18.txt
219 357 421 526 585 
Group10_19.txt
4 309 320 533 
Group10_21.txt
262 854 
Group10_22.txt
368 759 
Group10_23.txt
114 123 192 438 
Group10_24.txt
83 504 545 592 633 926 997 1028 1032 1292 1314 
Group10_25.txt
284 287 320 407 495 608 621 659 746 834 947 960 1006 1084 1089 1152 1202 1215 
Group10_26.txt
411 
Group10_27.txt
376 715 834 858 962 
Group10_28.txt
199 414 604 664 672 692 1089 1108 
Group10_29.txt
217 220 363 489 
Group10_30.txt
174 323 399 
Group10_31.txt
27 135 172 449 
Group10_32.txt
6 227 335 355 369 539 665 
Group10_33.txt
33 76 392 400 712 733 805 843 1073 1418 
Group10_34.txt
268 399 
Group10_35.txt
241 397 576 1002 1012 1019 1145 1297 1591 1621 1661 
Group10_36.txt
27 72 126 209 245 301 479 502 627 724 788 815 827 
Group10_37.txt
90 131 335 349 364 376 440 771 
Group10_38.txt
9 19 40 54 106 244 265 337 450 663 733 839 871 1091 1118 1178 1191 1204 1216 1223 1228 
Group10_39.txt
13 103 139 170 205 442 485 515 595 608 627 796 815 888 916 
Group10_41.txt
280 323 332 552 581 
Group10_42.txt
162 703 
Group10_43.txt
287 562 717 903 960 976 1119 
Group10_44.txt
67 211 705 
Group10_45.txt
59 89 145 488 633 638 
Group10_46.txt
569 
Group10_47.txt
351 468 521 530 840 909 
Group10_48.txt
112 354 424 483 519 
Group10_49.txt
213 503 623 735 
Group11-01.txt
113 128 426 
Group11-02.txt
11 249 266 672 753 894 974 1052 
Group11-03.txt
316 388 446 456 624 736 738 
Group11-04.txt
189 253 
Group11-05.txt
404 485 532 1609 1909 1918 1948 1976 1995 2172 2243 2262 2286 2312 2365 
Group11-06.txt
59 352 
Group11-07.txt
135 420 450 561 
Group11-08.txt
326 
Group11-09.txt
114 119 276 316 325 360 
Group11-11.txt
125 430 478 
Group11-12.txt
136 165 420 674 697 
Group11-13.txt
228 704 
Group11-14.txt
345 364 505 598 614 856 1019 1033 
Group11-15.txt
59 715 883 935 1662 2145 2486 
Group11-16.txt
4 10 138 153 808 1436 1537 1646 2109 2232 2447 2909 2959 2992 3003 3042 3057 3064 3129 3207 3288 
Group11-18.txt
567 
Group11-19.txt
46 56 229 271 504 567 617 
Group11-20.txt
543 734 803 815 1028 1299 
Group11-21.txt
247 339 359 425 483 697 729 745 
Group11-22.txt
801 890 
Group11-23.txt
368 729 
Group11-24.txt
475 625 629 685 716 888 1163 1181 1202 1211 1226 1246 1298 2260 2269 2287 2305 2363 2515 
Group11-25.txt
118 469 
Group11-26.txt
107 118 
Group11-28.txt
400 467 766 979 998 1007 1046 
Group11-29.txt
195 312 766 785 794 833 
Group11-30.txt
341 642 661 670 709 
Group11-31.txt
6 19 63 
Group11-32.txt
316 482 704 815 834 843 882 
Group11-33.txt
170 292 876 1055 
Group11-34.txt
194 254 272 
Group11-35.txt
204 405 462 
Group11-36.txt
248 
Group11-37.txt
60 120 172 225 622 
Group11-38.txt
122 146 317 566 720 
Group11-39.txt
27 483 
Group11-40.txt
295 319 565 
Group11-41.txt
185 193 224 310 324 378 
Group11-42.txt
11 152 367 532 
Group11-43.txt
203 228 234 248 341 
Group11-44.txt
120 225 236 539 627 745 
Group11-45.txt
118 563 1057 1182 1268 
Group11-46.txt
67 920 1452 
Group11-47.txt
704 720 
Group11-48.txt
193 312 561 652 733 793 867 
Group11-49.txt
136 258 594 
Group11-50.txt
68 198 371 620 738 782 816 952 972 
Group12_01.txt
547 566 596 695 714 744 
Group12_02.txt
94 186 405 636 667 677 983 1174 1419 1651 1729 1826 1839 2067 
Group12_03.txt
660 928 1128 1338 1402 
Group12_04.txt
511 529 606 667 846 1226 1593 2317 
Group12_06.txt
306 366 391 489 533 610 1145 1257 
Group12_07.txt
291 975 1056 1114 1396 
Group12_09.txt
486 638 894 1026 1047 1058 1078 1109 
Group12_10.txt
427 450 507 528 609 761 
Group12_11.txt
494 837 
Group12_12.txt
494 837 
Group12_13.txt
243 1294 1857 
Group12_14.txt
179 667 714 
Group12_15.txt
445 
Group12_16.txt
450 
Group12_17.txt
131 233 299 
Group12_18.txt
529 
Group12_19.txt
32 99 147 168 205 239 268 315 443 550 631 705 742 1001 1019 1336 
Group12_20.txt
114 230 305 527 586 
Group12_22.txt
89 282 285 329 
Group12_23.txt
293 387 447 483 
Group12_24.txt
69 108 183 194 241 474 654 676 694 
Group12_25.txt
484 
Group12_26.txt
1205 1342 1384 1541 1642 
Group12_27.txt
386 388 462 490 523 
Group12_28.txt
91 399 448 
Group12_30.txt
479 534 
Group12_31.txt
77 96 232 388 398 472 
Group12_32.txt
266 369 
Group12_33.txt
46 169 
Group12_34.txt
19 292 498 
Group12_35.txt
683 
Group12_36.txt
398 447 474 499 
Group12_37.txt
418 
Group12_39.txt
540 
Group12_40.txt
95 176 236 269 311 497 664 
Group12_41.txt
192 301 631 644 744 799 
Group12_42.txt
108 1143 1296 1527 1535 
Group12_43.txt
417 531 554 572 644 839 853 
Group12_44.txt
22 132 
Group12_45.txt
46 51 117 126 211 290 342 360 365 485 493 561 
Group12_46.txt
323 573 
Group12_47.txt
398 468 
Group12_48.txt
605 
Group12_49.txt
137 356 850 911 1012 1129 1173 1236 1582 1605 1719 1745 1793 1977 2267 2608 2640 
Group13_02.txt
104 147 398 1160 1233 1882 2282 
Group13_03.txt
417 
Group13_04.txt
38 254 465 476 549 998 1079 1084 1169 
Group13_05.txt
266 427 714 736 748 820 993 1047 1069 1089 1210 1816 1912 1942 1995 
Group13_06.txt
296 562 876 886 895 918 1093 1489 1747 2396 2528 2637 2666 2703 2708 2720 
Group13_07.txt
20 114 307 
Group13_08.txt
88 325 613 633 906 962 1062 1233 
Group13_09.txt
234 314 431 491 560 591 604 866 966 1006 1287 1611 1741 
Group13_10.txt
162 
Group13_11.txt
46 147 
Group13_12.txt
527 734 
Group13_13.txt
144 273 
Group13_14.txt
330 345 
Group13_15.txt
230 611 
Group13_18.txt
264 288 334 414 459 563 650 655 678 728 750 803 
Group13_19.txt
169 
Group13_20.txt
37 546 
Group13_21.txt
490 1119 1578 1639 1958 1966 
Group13_22.txt
931 948 1382 1630 1667 1891 2181 2275 2807 3248 3660 3677 4526 5461 5483 6245 6570 6704 7409 7631 8275 8338 8356 8736 9437 10323 10376 10420 10604 10678 11435 11475 11497 11505 11772 12336 12778 12984 13930 14488 15426 15431 15436 15722 15815 16082 16180 
Group13_23.txt
541 627 1452 1474 1570 1669 1696 2059 2480 2537 2558 2730 2756 2780 2917 3046 3102 3222 3553 3692 
Group13_24.txt
287 782 1820 2271 2517 2793 2804 3285 3573 3585 3627 3684 3922 4030 4118 5126 
Group13_25.txt
524 538 697 729 1246 1266 1386 1721 2330 2372 2378 2386 2493 2546 2576 
Group13_26.txt
446 679 706 912 1321 2180 2496 2828 2884 2961 3180 3483 3619 3625 3636 4053 4551 4581 4754 4788 4811 6068 6264 6578 6683 7464 7519 7555 7779 8109 9759 9834 
Group13_27.txt
44 237 761 1119 1371 1462 1589 1642 1665 1841 1848 1897 1926 2269 2683 2687 2709 2768 2776 2919 
Group13_28.txt
678 721 1658 1927 2460 2496 2921 
Group13_29.txt
663 814 1522 1670 1698 1764 1897 2177 2314 2490 2502 2677 2727 2992 3120 3161 3273 3356 3441 3717 4215 4245 
Group13_30.txt
417 497 520 701 1024 1353 1391 1552 2092 2573 2839 3130 3428 3444 3474 3539 3546 3654 4104 
Group13_31.txt
5 89 466 673 
Group13_32.txt
30 96 193 299 423 533 656 683 708 1119 1125 1193 1254 1282 1347 
Group13_33.txt
648 679 720 1207 1577 2089 2096 2167 
Group13_35.txt
220 296 518 815 883 1285 1532 
Group13_36.txt
101 244 315 399 654 738 1028 1037 1156 
Group13_37.txt
743 1019 1033 1056 1073 1377 1383 1631 
Group13_38.txt
138 181 354 534 927 1141 1198 
Group13_39.txt
395 414 512 517 882 1215 1432 1446 1742 1856 
Group13_40.txt
194 977 1032 
Group13_41.txt
617 903 952 1594 1602 1634 1668 
Group13_42.txt
574 822 889 937 1067 1099 1155 1293 1311 
Group13_43.txt
201 363 720 774 986 1036 1059 1317 1361 1802 
Group13_44.txt
193 421 642 870 1076 1087 1120 1174 1178 1234 1258 1535 1867 2322 2498 2590 2622 2635 3193 3204 3311 3453 3688 3715 3736 3740 
Group13_45.txt
4 161 279 385 481 743 863 1133 1278 1529 
Group13_46.txt
532 660 1035 1736 2115 2153 
Group13_47.txt
274 647 1073 1358 
Group13_48.txt
26 241 424 590 971 1320 1412 1482 1588 
Group13_49.txt
94 605 636 1030 1063 1362 1820 
Group13_50.txt
360 526 
Group14_01.txt
192 478 
Group14_02.txt
70 
Group14_03.txt
492 
Group14_04.txt
241 
Group14_05.txt
45 306 352 
Group14_06.txt
531 
Group14_08.txt
329 509 
Group14_09.txt
135 351 
Group14_10.txt
145 337 
Group14_11.txt
415 
Group14_12.txt
410 424 
Group14_13.txt
251 284 412 
Group14_14.txt
226 241 
Group14_16.txt
303 432 455 467 
Group14_17.txt
434 470 500 509 
Group14_18.txt
20 380 496 
Group14_19.txt
188 265 302 600 786 790 
Group14_20.txt
452 558 672 874 927 
Group14_23.txt
59 230 
Group14_24.txt
340 
Group14_25.txt
200 209 233 
Group14_28.txt
350 825 
Group14_29.txt
98 170 463 
Group14_30.txt
36 394 807 838 868 
Group14_31.txt
745 
Group14_32.txt
335 810 1097 
Group14_33.txt
175 191 914 
Group14_34.txt
128 530 724 
Group14_35.txt
445 596 852 1217 1299 
Group14_36.txt
220 592 
Group14_37.txt
218 647 
Group14_38.txt
357 441 876 
Group14_39.txt
708 
Group14_40.txt
214 868 900 
Group14_41.txt
296 699 941 
Group14_42.txt
593 
Group14_44.txt
183 269 280 408 805 868 945 
Group14_45.txt
31 497 
Group14_46.txt
288 
Group14_47.txt
337 488 
Group14_48.txt
725 
Group14_49.txt
518 623 753 
Group14_50.txt
254 353 641 657 
