Group01_33.txt
659 
Group02_21.txt
1581 
Group02_30.txt
4388 
Group03_19.txt
763 
Group03_21.txt
25 144 
Group04_22.txt
148 
Group05_06.txt
1149 
Group07_15.txt
385 
Group07_24.txt
6 19 55 79 133 151 214 246 283 313 426 465 528 872 915 918 937 1003 1010 1019 1278 1436 1592 1603 1670 1691 1752 1795 1951 1965 1969 1991 2027 2044 2096 2133 
Group07_26.txt
47 95 129 205 609 
Group07_42.txt
743 
Group08_37.txt
28 141 
Group10_12.txt
318 442 493 538 
Group10_43.txt
263 
Group12_02.txt
476 
Group12_10.txt
690 
Group12_46.txt
261 
Group12_48.txt
1 308 
Group13_23.txt
2640 
Group13_38.txt
551 1254 1571 
Group13_41.txt
1268 
Group13_47.txt
907 910 951 
Group14_11.txt
459 
Group14_33.txt
927 1050 
