Group01_01.txt
123 319 
Group01_02.txt
196 
Group01_03.txt
431 963 
Group01_04.txt
187 
Group01_06.txt
195 
Group01_08.txt
197 755 772 
Group01_09.txt
86 138 
Group01_13.txt
12 27 203 
Group01_17.txt
257 
Group01_19.txt
41 125 
Group01_20.txt
525 
Group01_21.txt
16 171 499 
Group01_23.txt
87 293 
Group01_24.txt
187 
Group01_25.txt
119 
Group01_29.txt
33 147 300 314 422 492 705 739 
Group01_32.txt
95 
Group01_33.txt
99 352 670 
Group01_34.txt
202 298 
Group01_35.txt
1306 
Group01_36.txt
388 424 484 496 522 
Group01_37.txt
25 263 
Group01_38.txt
16 170 496 
Group01_39.txt
252 
Group01_40.txt
377 506 
Group01_41.txt
109 250 311 
Group01_45.txt
152 332 383 
Group01_46.txt
251 
Group01_48.txt
58 
Group01_50.txt
562 
Group02_02.txt
173 369 598 686 
Group02_03.txt
356 806 
Group02_08.txt
289 388 527 
Group02_10.txt
972 
Group02_11.txt
745 
Group02_12.txt
129 148 362 425 1070 
Group02_13.txt
61 375 
Group02_14.txt
572 
Group02_15.txt
76 
Group02_16.txt
282 761 
Group02_18.txt
736 811 856 2086 2660 2686 
Group02_19.txt
1668 
Group02_20.txt
2280 
Group02_21.txt
409 2226 
Group02_22.txt
2361 2367 
Group02_23.txt
458 
Group02_28.txt
458 
Group02_29.txt
444 
Group02_30.txt
1580 2058 2409 3227 3298 3661 
Group02_31.txt
1135 1223 
Group02_32.txt
2656 
Group02_33.txt
362 
Group02_36.txt
69 
Group02_37.txt
4 1088 
Group02_38.txt
961 1338 2026 2294 
Group02_39.txt
99 168 629 
Group02_40.txt
40 
Group02_41.txt
1379 
Group02_43.txt
599 
Group02_44.txt
454 895 1350 1382 
Group02_46.txt
2567 
Group02_48.txt
1359 
Group02_49.txt
1899 
Group02_50.txt
84 
Group03_02.txt
23 34 46 378 554 
Group03_03.txt
552 812 857 915 1035 1126 
Group03_04.txt
338 648 675 1014 1041 1534 
Group03_05.txt
985 
Group03_06.txt
748 1843 2100 
Group03_07.txt
236 350 400 997 2700 
Group03_08.txt
32 
Group03_09.txt
151 378 
Group03_10.txt
297 
Group03_11.txt
347 
Group03_12.txt
92 139 624 638 677 791 883 1204 1221 
Group03_13.txt
195 328 1003 1449 1454 1470 
Group03_15.txt
81 514 
Group03_17.txt
862 
Group03_18.txt
135 415 647 739 782 842 960 1237 
Group03_19.txt
434 715 847 
Group03_21.txt
11 128 556 1963 
Group03_22.txt
337 382 
Group03_23.txt
494 
Group03_24.txt
1531 1632 
Group03_26.txt
603 
Group03_27.txt
1729 1743 1899 1920 
Group03_28.txt
72 503 
Group03_29.txt
300 312 621 
Group03_30.txt
1449 1455 
Group03_31.txt
260 346 774 1231 1343 2351 2782 
Group03_32.txt
650 1225 1447 1497 
Group03_33.txt
155 
Group03_34.txt
1021 1070 1205 2573 2711 
Group03_35.txt
1214 
Group03_36.txt
44 215 1452 1459 1499 
Group03_37.txt
514 744 1117 1893 2123 2155 2210 2218 2330 
Group03_38.txt
96 267 554 
Group03_39.txt
633 
Group03_40.txt
134 
Group03_42.txt
284 296 611 
Group03_44.txt
883 1101 1223 
Group03_46.txt
381 432 
Group03_47.txt
101 195 319 381 
Group03_48.txt
47 
Group03_49.txt
748 
Group03_50.txt
1509 
Group04_01.txt
417 483 650 669 725 
Group04_02.txt
15 349 607 
Group04_03.txt
397 
Group04_04.txt
5 35 114 229 290 
Group04_06.txt
878 932 
Group04_07.txt
602 1050 1066 1141 
Group04_08.txt
362 534 
Group04_09.txt
34 318 507 667 
Group04_10.txt
341 926 1052 
Group04_11.txt
169 260 
Group04_12.txt
34 223 336 380 
Group04_13.txt
6 103 333 605 612 1075 
Group04_15.txt
399 
Group04_18.txt
95 561 574 
Group04_21.txt
770 
Group04_22.txt
249 
Group04_23.txt
329 
Group04_26.txt
179 519 846 
Group04_27.txt
337 346 
Group04_28.txt
216 
Group04_30.txt
545 583 747 811 939 
Group04_31.txt
502 
Group04_33.txt
265 
Group04_34.txt
543 
Group04_36.txt
609 
Group04_38.txt
88 511 
Group04_42.txt
560 567 
Group04_43.txt
498 
Group04_44.txt
229 421 
Group04_46.txt
127 287 553 600 613 624 830 859 1052 
Group04_47.txt
437 
Group04_48.txt
465 
Group04_50.txt
328 495 
Group05_02.txt
17 121 684 
Group05_03.txt
260 
Group05_04.txt
263 499 
Group05_06.txt
472 626 
Group05_07.txt
276 305 435 
Group05_11.txt
218 
Group05_13.txt
1059 
Group05_14.txt
407 
Group05_15.txt
249 468 
Group05_16.txt
202 
Group05_17.txt
15 1030 
Group05_18.txt
185 246 256 
Group05_19.txt
144 215 594 
Group05_20.txt
394 
Group05_21.txt
125 
Group05_22.txt
12 288 550 
Group05_23.txt
36 47 89 287 486 1133 
Group05_25.txt
311 1088 1122 1132 
Group05_26.txt
567 
Group05_27.txt
362 1003 1063 
Group05_28.txt
229 298 
Group05_30.txt
468 
Group05_31.txt
82 137 141 
Group05_32.txt
222 
Group05_34.txt
185 
Group05_35.txt
151 
Group05_37.txt
14 
Group05_38.txt
149 
Group05_41.txt
205 
Group05_42.txt
336 
Group05_43.txt
344 
Group05_44.txt
31 850 
Group05_45.txt
580 695 
Group05_46.txt
235 254 
Group05_48.txt
157 470 
Group05_49.txt
370 487 
Group05_50.txt
282 508 
Group06_01.txt
419 
Group06_02.txt
178 
Group06_06.txt
67 171 278 310 
Group06_08.txt
15 
Group06_09.txt
252 270 
Group06_11.txt
294 796 818 
Group06_12.txt
119 223 
Group06_13.txt
623 
Group06_17.txt
152 934 
Group06_20.txt
279 296 478 647 
Group06_21.txt
197 
Group06_22.txt
518 
Group06_23.txt
232 
Group06_27.txt
246 
Group06_28.txt
83 
Group06_29.txt
401 565 
Group06_31.txt
152 934 
Group06_33.txt
59 394 420 480 
Group06_35.txt
303 
Group06_37.txt
473 
Group06_38.txt
729 
Group06_41.txt
406 
Group06_42.txt
51 209 331 
Group06_43.txt
131 342 
Group06_44.txt
263 558 
Group06_45.txt
20 77 336 
Group06_47.txt
567 
Group06_48.txt
221 
Group06_50.txt
595 
Group07_02.txt
101 616 
Group07_03.txt
4 115 945 1023 2159 2164 2168 2172 2260 2667 2779 
Group07_04.txt
742 814 
Group07_05.txt
29 109 551 
Group07_06.txt
337 449 791 
Group07_07.txt
88 122 796 899 990 1119 1124 1224 1393 
Group07_09.txt
196 
Group07_10.txt
448 
Group07_11.txt
309 
Group07_12.txt
523 571 
Group07_14.txt
271 
Group07_16.txt
394 428 504 721 763 
Group07_18.txt
35 138 269 293 745 1194 
Group07_19.txt
371 463 466 
Group07_20.txt
137 
Group07_21.txt
313 335 546 
Group07_22.txt
69 
Group07_26.txt
103 
Group07_30.txt
365 
Group07_31.txt
167 404 467 600 735 1188 1639 
Group07_32.txt
26 
Group07_34.txt
149 660 
Group07_35.txt
67 104 333 418 
Group07_36.txt
179 533 971 
Group07_37.txt
98 339 969 1294 1326 1497 
Group07_38.txt
345 553 885 1103 1835 
Group07_39.txt
31 77 93 129 140 399 
Group07_42.txt
276 299 662 
Group07_43.txt
451 487 
Group07_44.txt
409 549 
Group07_45.txt
35 
Group07_47.txt
69 76 353 421 
Group07_49.txt
1349 1592 
Group08_01.txt
414 541 
Group08_02.txt
276 367 390 443 484 506 552 
Group08_03.txt
381 568 
Group08_04.txt
151 180 729 
Group08_09.txt
495 
Group08_10.txt
513 640 
Group08_13.txt
648 
Group08_17.txt
491 645 
Group08_18.txt
250 710 
Group08_19.txt
438 784 824 
Group08_20.txt
756 1507 
Group08_22.txt
151 213 473 
Group08_23.txt
151 180 730 
Group08_24.txt
960 
Group08_25.txt
1259 
Group08_27.txt
44 348 440 
Group08_28.txt
511 547 
Group08_29.txt
780 1378 1459 
Group08_30.txt
450 1100 
Group08_31.txt
56 344 638 
Group08_33.txt
260 
Group08_34.txt
348 503 
Group08_36.txt
170 
Group08_37.txt
203 
Group08_39.txt
115 199 
Group08_40.txt
373 
Group08_41.txt
154 
Group08_42.txt
311 
Group08_43.txt
357 647 657 666 679 
Group08_45.txt
86 
Group08_46.txt
39 78 265 318 
Group08_47.txt
73 102 202 
Group08_49.txt
95 135 
Group08_50.txt
325 431 561 
Group09_01.txt
530 
Group09_02.txt
249 
Group09_05.txt
804 
Group09_06.txt
95 178 
Group09_08.txt
315 380 551 
Group09_10.txt
61 691 
Group09_11.txt
92 
Group09_12.txt
535 
Group09_14.txt
296 386 564 674 844 
Group09_15.txt
289 
Group09_16.txt
301 
Group09_17.txt
17 56 79 
Group09_18.txt
90 207 
Group09_19.txt
38 337 376 532 
Group09_21.txt
467 732 766 987 1155 
Group09_24.txt
445 478 
Group09_26.txt
375 
Group09_30.txt
265 
Group09_31.txt
20 140 402 421 578 595 
Group09_32.txt
162 439 511 537 
Group09_33.txt
213 219 236 
Group09_34.txt
126 423 465 
Group09_35.txt
79 
Group09_36.txt
56 78 163 210 455 527 538 
Group09_37.txt
46 106 270 498 603 609 775 
Group09_38.txt
34 45 53 
Group09_39.txt
54 307 445 
Group09_42.txt
623 640 
Group09_43.txt
97 
Group09_44.txt
307 329 506 
Group09_47.txt
63 
Group09_49.txt
18 234 398 432 
Group09_50.txt
159 
Group10_01.txt
309 602 
Group10_02.txt
25 54 162 263 
Group10_03.txt
331 750 
Group10_04.txt
18 108 154 173 296 303 592 
Group10_05.txt
85 379 
Group10_06.txt
306 
Group10_07.txt
40 
Group10_12.txt
45 282 299 
Group10_13.txt
720 
Group10_14.txt
151 
Group10_16.txt
616 733 
Group10_18.txt
807 
Group10_20.txt
342 
Group10_21.txt
210 295 356 619 783 901 
Group10_22.txt
645 
Group10_23.txt
247 
Group10_25.txt
61 208 1064 1135 1141 
Group10_26.txt
25 54 162 263 
Group10_27.txt
86 734 755 794 831 
Group10_29.txt
36 
Group10_30.txt
363 
Group10_32.txt
141 156 626 
Group10_33.txt
666 1306 
Group10_34.txt
34 145 438 
Group10_36.txt
661 
Group10_38.txt
896 
Group10_39.txt
191 432 452 498 
Group10_40.txt
593 
Group10_41.txt
20 107 154 166 198 
Group10_42.txt
135 206 349 378 421 491 504 555 591 668 
Group10_43.txt
420 445 451 767 844 
Group10_44.txt
425 
Group10_46.txt
91 
Group10_47.txt
28 85 95 515 576 732 780 923 935 
Group10_48.txt
21 295 399 408 528 542 
Group10_49.txt
43 52 707 
Group10_50.txt
188 336 
Group11-01.txt
314 
Group11-02.txt
238 595 719 848 
Group11-03.txt
4 263 326 
Group11-05.txt
222 568 659 730 758 1688 2402 
Group11-06.txt
114 
Group11-07.txt
239 273 723 
Group11-08.txt
431 
Group11-09.txt
242 266 
Group11-11.txt
267 523 
Group11-12.txt
127 133 162 409 601 
Group11-13.txt
332 341 374 387 
Group11-14.txt
270 1190 
Group11-15.txt
410 528 1703 1728 1995 2004 2426 
Group11-16.txt
541 578 629 1014 1035 1067 1126 1327 1550 1838 2481 2849 2895 
Group11-19.txt
449 638 
Group11-20.txt
349 440 456 722 880 1333 
Group11-21.txt
62 
Group11-23.txt
267 
Group11-24.txt
724 1054 1476 1934 2392 
Group11-25.txt
294 
Group11-26.txt
236 
Group11-27.txt
32 
Group11-29.txt
31 
Group11-30.txt
62 194 239 
Group11-31.txt
187 
Group11-32.txt
268 612 
Group11-33.txt
327 732 852 928 
Group11-34.txt
284 
Group11-35.txt
29 
Group11-36.txt
275 295 
Group11-37.txt
348 433 527 720 
Group11-38.txt
443 
Group11-39.txt
80 
Group11-40.txt
361 
Group11-42.txt
119 293 336 522 606 
Group11-43.txt
15 
Group11-44.txt
446 
Group11-45.txt
310 692 811 948 1067 1216 
Group11-46.txt
159 
Group11-47.txt
109 
Group11-48.txt
362 674 
Group11-49.txt
341 429 
Group11-50.txt
916 
Group12_01.txt
935 961 
Group12_02.txt
427 456 500 525 715 1336 1466 
Group12_04.txt
443 1445 1772 1822 2226 2235 2395 2737 
Group12_06.txt
112 217 425 638 993 
Group12_07.txt
411 505 563 1043 1210 1385 
Group12_08.txt
295 367 578 
Group12_09.txt
195 
Group12_10.txt
122 140 464 546 
Group12_11.txt
227 248 278 331 390 410 416 595 648 677 702 
Group12_12.txt
227 248 278 331 390 410 416 595 648 677 702 
Group12_13.txt
13 397 583 676 1117 1489 1504 1577 1778 1834 2022 
Group12_14.txt
256 918 998 1009 1027 
Group12_15.txt
40 111 132 248 593 603 680 697 
Group12_16.txt
473 494 
Group12_17.txt
440 490 
Group12_18.txt
462 
Group12_19.txt
347 463 492 538 
Group12_20.txt
496 
Group12_21.txt
135 245 372 520 
Group12_22.txt
137 173 628 
Group12_23.txt
125 214 403 
Group12_24.txt
264 
Group12_25.txt
626 
Group12_26.txt
29 191 213 279 368 687 808 1530 1571 
Group12_27.txt
84 106 193 294 304 311 369 532 
Group12_28.txt
572 
Group12_29.txt
78 
Group12_30.txt
563 
Group12_32.txt
216 
Group12_33.txt
117 240 261 492 
Group12_34.txt
477 
Group12_35.txt
636 
Group12_36.txt
189 
Group12_38.txt
341 492 
Group12_40.txt
112 193 226 289 
Group12_41.txt
291 418 
Group12_42.txt
35 363 1468 
Group12_45.txt
32 134 220 
Group12_46.txt
462 681 720 
Group12_48.txt
189 
Group12_49.txt
202 305 344 446 578 609 631 840 906 1142 1186 1249 1572 1687 1695 1724 1731 1810 1819 1904 2348 
Group12_50.txt
16 
Group13_01.txt
153 360 576 
Group13_02.txt
380 1255 1365 1530 
Group13_03.txt
427 682 
Group13_04.txt
489 954 959 965 1123 1129 1138 
Group13_05.txt
256 693 1359 1694 1727 1779 1844 
Group13_06.txt
258 740 773 1889 2345 
Group13_07.txt
198 606 614 
Group13_08.txt
34 476 
Group13_10.txt
815 839 
Group13_12.txt
461 
Group13_13.txt
106 
Group13_14.txt
42 652 
Group13_17.txt
223 580 
Group13_20.txt
336 437 
Group13_21.txt
471 600 640 1229 1261 1356 1731 
Group13_22.txt
227 543 581 838 1052 1454 1541 1619 1637 1958 2059 2305 2356 3029 3771 3840 3941 3950 4075 4635 4805 4861 5302 6527 7248 7392 7460 7579 7677 7755 7829 7982 8161 8474 8552 8854 9062 9141 9258 9272 9473 9576 10024 10287 10551 10641 10793 11165 11348 11522 11569 11862 12085 12102 12125 12195 12329 12554 12692 13083 13258 13319 13463 13509 13575 13874 13894 13918 14003 14466 14656 14666 14892 14934 15150 15160 15522 15788 16115 16155 16160 16291 16296 16487 16529 
Group13_23.txt
143 746 1176 1873 3485 
Group13_24.txt
931 1068 2154 2180 2242 2406 3016 4108 4464 4648 
Group13_25.txt
201 236 378 952 1863 2318 
Group13_26.txt
230 1305 1699 1987 3761 3869 4252 4514 5160 5441 5455 5676 5989 6527 7513 7714 7881 8178 8476 8790 8949 8958 9638 9703 9719 9850 9916 9968 
Group13_27.txt
358 365 2470 3314 3452 3501 
Group13_28.txt
51 305 395 409 444 478 1895 2056 2547 2557 2624 2665 2787 3299 
Group13_29.txt
15 81 193 585 602 616 627 1091 1999 2159 2214 2324 2645 2792 3525 3704 3737 3802 3863 4001 4208 4366 4435 4629 4688 4697 4758 4822 5010 
Group13_30.txt
106 187 395 435 3748 3872 
Group13_32.txt
1102 
Group13_33.txt
66 419 1490 
Group13_35.txt
1189 
Group13_36.txt
40 126 164 
Group13_37.txt
92 437 773 914 
Group13_39.txt
743 960 1349 
Group13_40.txt
211 574 989 
Group13_41.txt
132 561 1028 1152 1242 
Group13_42.txt
1204 1260 1283 
Group13_43.txt
317 1334 1646 
Group13_44.txt
132 319 810 1996 2087 2474 
Group13_45.txt
212 254 1066 
Group13_46.txt
645 2029 
Group13_48.txt
1715 1796 1837 1874 2575 
Group13_49.txt
226 1273 1497 1809 1903 1973 
Group13_50.txt
898 
Group14_02.txt
241 
Group14_03.txt
237 
Group14_04.txt
65 376 
Group14_08.txt
527 
Group14_09.txt
464 
Group14_11.txt
312 
Group14_12.txt
522 
Group14_13.txt
386 
Group14_14.txt
112 
Group14_16.txt
281 
Group14_19.txt
765 
Group14_20.txt
354 
Group14_21.txt
141 403 478 548 
Group14_22.txt
296 
Group14_24.txt
86 490 
Group14_25.txt
103 309 358 
Group14_26.txt
279 
Group14_27.txt
782 
Group14_28.txt
194 248 777 
Group14_29.txt
135 373 380 448 
Group14_30.txt
64 581 
Group14_31.txt
108 
Group14_32.txt
632 
Group14_33.txt
65 201 385 
Group14_34.txt
16 
Group14_35.txt
1473 
Group14_37.txt
19 
Group14_40.txt
59 
Group14_41.txt
11 142 602 
Group14_43.txt
144 627 
Group14_47.txt
13 
