Group01_07.txt
188 
Group01_13.txt
74 
Group01_30.txt
244 
Group01_43.txt
6 403 457 
Group01_48.txt
97 
Group03_03.txt
138 
Group03_06.txt
266 
Group03_48.txt
263 
Group03_50.txt
187 
Group04_02.txt
3 39 46 120 166 205 234 245 258 317 455 473 583 616 
Group04_07.txt
943 
Group04_08.txt
0 16 235 
Group05_02.txt
5 72 277 338 404 542 605 622 736 892 1029 1042 1219 1279 
Group05_13.txt
563 
Group05_16.txt
5 28 77 109 121 163 237 250 359 367 485 494 509 603 711 863 953 1021 
Group05_18.txt
609 
Group05_19.txt
640 
Group05_26.txt
208 
Group05_30.txt
950 958 
Group07_31.txt
1341 
Group08_11.txt
6 13 48 104 140 198 241 273 
Group08_12.txt
3 36 56 89 109 159 237 331 415 424 560 618 637 702 773 907 926 1058 
Group08_15.txt
770 
Group09_45.txt
66 
Group10_01.txt
561 
Group10_06.txt
439 
Group10_10.txt
34 62 102 447 651 687 
Group10_20.txt
45 
Group10_43.txt
679 706 
Group11-02.txt
790 798 
Group11-37.txt
154 329 
Group11-38.txt
532 
Group11-40.txt
219 
Group12_06.txt
1301 
Group12_24.txt
462 
Group13_04.txt
12 35 66 132 195 201 238 309 359 392 457 547 637 655 661 806 834 1049 1157 1213 
Group13_11.txt
31 95 117 155 628 
Group13_12.txt
4 39 58 86 211 549 570 590 
Group13_22.txt
5504 5514 5605 
Group13_26.txt
1221 6933 
Group13_29.txt
2465 
Group13_30.txt
2014 
Group13_33.txt
566 1193 1754 
Group13_41.txt
243 
Group13_42.txt
707 
Group13_43.txt
946 
Group14_08.txt
366 405 458 486 
Group14_22.txt
4 18 45 64 128 242 267 438 460 498 
