Group02_03.txt
584 
Group02_20.txt
3715 3813 
Group02_22.txt
2830 
Group02_23.txt
1301 1375 1413 1450 1622 1633 
Group02_27.txt
1359 
Group02_33.txt
1581 
Group02_35.txt
285 
Group02_36.txt
285 
Group02_38.txt
1881 1890 1893 1928 1979 1991 2015 2039 2045 2065 2131 2651 
Group02_39.txt
117 
Group02_40.txt
0 2 54 85 177 191 226 242 312 335 345 389 401 410 438 523 598 627 732 919 976 1002 1020 1091 1209 1338 1382 1395 1990 2008 2250 2271 
Group02_41.txt
290 
Group02_45.txt
3 183 212 403 408 495 550 874 1007 1036 1097 1523 
Group02_46.txt
177 365 623 706 1144 1166 
Group02_48.txt
1198 
Group02_49.txt
3129 3971 
Group06_10.txt
271 413 559 590 
Group06_28.txt
79 
Group06_35.txt
200 204 208 
Group14_37.txt
609 
