Group01_48.txt
370 392 
Group02_10.txt
416 
Group02_15.txt
515 
Group02_45.txt
1068 1112 1120 1147 1156 1173 1184 1262 1360 1379 
Group02_46.txt
1466 
Group02_50.txt
929 
Group03_04.txt
1708 2205 
Group03_13.txt
1241 
Group03_16.txt
342 
Group03_21.txt
706 987 1120 
Group03_24.txt
663 873 
Group03_27.txt
2 47 399 498 551 573 598 716 846 862 1404 1444 1454 1471 1542 1565 1575 1594 1612 1797 
Group03_28.txt
49 
Group03_31.txt
2693 
Group03_47.txt
986 
Group03_49.txt
895 
Group04_11.txt
313 
Group04_25.txt
265 485 510 
Group04_35.txt
367 
Group05_29.txt
258 
Group05_43.txt
542 
Group06_09.txt
471 
Group06_18.txt
21 
Group06_21.txt
268 609 667 685 754 
Group06_46.txt
632 
Group07_03.txt
618 
Group07_11.txt
621 
Group07_12.txt
17 848 
Group07_19.txt
599 
Group07_20.txt
143 
Group07_27.txt
207 292 
Group07_34.txt
83 
Group07_45.txt
333 
Group07_46.txt
51 
Group07_49.txt
261 
Group08_20.txt
712 
Group09_11.txt
554 595 621 
Group09_29.txt
409 
Group10_12.txt
426 
Group10_13.txt
9 32 64 87 216 378 388 
Group11-04.txt
862 
Group11-09.txt
205 
Group11-11.txt
314 
Group11-13.txt
67 186 441 
Group11-14.txt
688 
Group11-16.txt
499 783 
Group11-24.txt
1900 1924 
Group12_02.txt
1031 
Group12_28.txt
269 
Group12_34.txt
202 228 
Group12_38.txt
174 245 
Group12_42.txt
158 494 617 649 
Group12_46.txt
14 199 250 274 
Group13_06.txt
213 243 283 321 430 1397 2399 
Group13_21.txt
288 323 361 1166 1276 1281 1307 1402 1473 1483 1610 1890 1999 
Group13_22.txt
13205 
Group13_23.txt
1193 1255 1407 3780 
Group13_24.txt
898 928 2590 
Group13_25.txt
2320 
Group13_27.txt
3121 3161 
Group13_28.txt
1777 
Group13_29.txt
240 256 868 2941 5018 
Group13_30.txt
1846 2640 
Group13_33.txt
486 1775 
Group13_34.txt
200 
Group13_35.txt
670 
Group13_37.txt
16 443 984 1064 1152 1317 1334 1456 
Group13_38.txt
298 975 1105 1134 1278 1282 1453 
Group13_41.txt
514 676 689 1026 1319 1405 
Group13_44.txt
3420 
Group13_46.txt
15 75 128 197 507 684 705 749 881 1104 1164 1194 1233 1275 1299 1329 1379 1425 1454 1557 1891 1924 1995 2056 2075 2096 2194 2220 2229 2381 
Group13_47.txt
72 
Group13_49.txt
933 1565 1584 1890 
Group13_50.txt
231 1222 
Group14_09.txt
187 
Group14_17.txt
122 316 512 527 
Group14_18.txt
174 
Group14_33.txt
566 
Group14_34.txt
600 
Group14_35.txt
932 
