Group02_14.txt
625 
Group02_32.txt
665 1776 1930 2252 2536 2558 2577 2615 
Group02_33.txt
76 235 474 508 568 573 1363 1450 1536 1916 2330 
Group02_34.txt
168 232 272 295 319 
Group02_37.txt
997 
Group02_39.txt
1008 
Group02_40.txt
1595 1795 1919 1936 2094 
Group02_45.txt
222 1024 1484 
Group02_46.txt
1908 1916 1938 
Group02_49.txt
1225 2672 3184 3672 
Group02_50.txt
1512 
Group03_07.txt
777 1332 
Group03_21.txt
545 2028 2032 
Group03_33.txt
1382 
Group04_11.txt
341 
Group07_35.txt
572 
Group07_49.txt
1241 
Group09_50.txt
67 
Group10_47.txt
531 
Group11-15.txt
1084 
Group12_27.txt
7 195 
Group13_24.txt
2684 
