Group01_22.txt
348 
Group01_47.txt
10 37 75 112 174 
Group02_01.txt
61 459 
Group02_04.txt
69 75 174 209 305 363 447 603 624 645 656 672 698 790 
Group02_05.txt
80 346 603 
Group02_06.txt
646 656 
Group02_10.txt
189 
Group02_11.txt
397 465 724 
Group02_13.txt
297 321 
Group03_02.txt
130 
Group03_09.txt
803 
Group03_12.txt
635 
Group03_29.txt
1438 
Group03_34.txt
206 276 2235 
Group03_38.txt
983 
Group03_42.txt
1456 
Group04_06.txt
939 
Group04_26.txt
799 
Group04_34.txt
174 303 309 328 366 687 728 
Group04_36.txt
635 
Group04_46.txt
0 13 89 155 223 768 817 870 920 1105 
Group04_47.txt
119 315 347 410 
Group05_26.txt
764 
Group06_08.txt
5 19 153 391 
Group06_12.txt
5 15 25 55 75 312 321 371 406 497 505 553 
Group06_13.txt
251 
Group06_16.txt
300 
Group06_25.txt
6 105 133 189 239 460 517 
Group06_28.txt
8 317 
Group06_37.txt
5 15 290 298 458 525 
Group06_43.txt
99 
Group06_46.txt
230 
Group06_49.txt
16 89 136 444 511 
Group07_30.txt
532 
Group07_35.txt
213 
Group07_48.txt
463 478 
Group10_29.txt
703 731 773 818 
Group10_31.txt
84 105 124 548 
Group10_33.txt
344 942 1553 
Group11-16.txt
1457 2582 2827 2842 
Group11-24.txt
2573 
Group12_01.txt
212 
Group12_39.txt
51 61 252 299 328 408 581 673 
Group14_01.txt
471 
Group14_32.txt
835 847 
Group14_35.txt
173 207 
Group14_38.txt
511 
