Group01_30.txt
45 
Group01_34.txt
115 242 
Group02_03.txt
9 
Group03_21.txt
1185 
Group03_25.txt
739 
Group03_28.txt
905 
Group03_37.txt
2175 
Group04_25.txt
471 613 
Group04_35.txt
266 474 
Group05_34.txt
231 
Group05_49.txt
593 
Group06_23.txt
509 
Group07_19.txt
98 175 
Group07_43.txt
215 
Group08_20.txt
1286 
Group09_14.txt
99 
Group09_35.txt
39 
Group09_47.txt
360 
Group09_49.txt
50 215 474 514 537 545 573 812 
Group10_36.txt
586 
Group10_37.txt
11 
Group10_42.txt
7 332 563 
Group10_45.txt
441 
Group10_49.txt
329 
Group11-02.txt
176 263 285 1146 1226 
Group11-12.txt
201 468 495 627 
Group11-16.txt
2530 
Group11-21.txt
474 617 
Group11-23.txt
379 
Group11-28.txt
549 615 
Group11-32.txt
524 
Group11-37.txt
376 715 
Group11-38.txt
380 
Group12_04.txt
47 881 1097 
Group12_05.txt
342 
Group12_07.txt
878 939 1074 1099 
Group12_08.txt
574 
Group12_10.txt
63 102 159 343 
Group12_19.txt
327 924 
Group12_38.txt
64 139 264 
Group12_49.txt
11 719 1280 1982 2053 2060 2123 2375 2629 
Group13_22.txt
16 76 363 419 472 546 592 716 883 1006 1026 1068 1104 1180 1254 1269 1898 2217 2912 4179 4839 5131 5403 5557 8031 8054 8118 8549 8634 9187 9324 9341 9495 9705 10043 10124 11365 11426 11514 11554 14028 
Group13_23.txt
1401 
Group13_24.txt
2226 
Group13_26.txt
8155 
Group13_29.txt
4565 4589 5130 5152 5293 
Group13_37.txt
33 201 338 384 603 610 769 950 1153 1177 1335 1513 1579 
Group14_17.txt
283 
Group14_26.txt
333 
