Group01_34.txt
181 328 
Group04_01.txt
115 920 
Group04_30.txt
465 
Group06_23.txt
95 304 391 
Group09_49.txt
498 
Group10_33.txt
107 
Group10_42.txt
197 
Group11-21.txt
446 497 525 536 
Group11-24.txt
805 
Group11-38.txt
134 
Group12_02.txt
85 300 378 1788 
Group12_04.txt
168 361 565 1045 
Group12_05.txt
35 111 213 395 
Group12_07.txt
56 168 287 971 1361 1368 
Group12_09.txt
2 261 675 
Group12_10.txt
586 
Group12_14.txt
280 
Group12_19.txt
111 
Group12_25.txt
539 
Group12_42.txt
785 1245 1325 
Group12_44.txt
47 173 
Group13_22.txt
584 769 898 927 944 1057 1169 1316 1576 1782 2295 2377 2507 4368 4995 5345 8568 9134 9212 9421 10161 11463 16639 
Group13_24.txt
275 
Group13_26.txt
8473 
Group13_29.txt
2633 
Group13_37.txt
1406 
Group14_19.txt
42 
