Group01_01.txt
239 
Group01_08.txt
812 
Group03_27.txt
175 1872 
Group05_19.txt
354 
Group06_02.txt
51 
Group07_27.txt
81 181 260 
Group07_41.txt
114 
Group08_02.txt
624 
Group09_27.txt
387 
Group09_34.txt
151 
Group10_27.txt
132 
Group10_34.txt
354 395 472 
Group11-03.txt
114 158 
Group11-04.txt
76 135 152 316 
Group11-08.txt
313 506 
Group13_16.txt
228 309 
Group13_18.txt
888 930 
Group13_21.txt
800 
Group13_22.txt
3902 3919 5120 5122 5172 5703 5759 5774 5794 5817 5868 5889 5907 5930 5962 5996 6039 6131 6193 6366 6436 6460 6497 6574 7005 7657 7685 7744 7810 7918 8365 8484 8510 9366 10266 10332 13474 14300 14559 14902 15638 15660 15671 
Group13_23.txt
2 26 2324 2516 2736 3698 3715 3791 
Group13_36.txt
34 36 
Group13_37.txt
387 
Group13_48.txt
2416 
Group13_49.txt
63 75 897 1704 1714 
Group14_02.txt
41 
Group14_34.txt
9 
Group14_48.txt
343 
Group14_50.txt
5 
