Group01_02.txt
28 133 
Group01_03.txt
252 339 617 698 781 1086 
Group01_04.txt
77 255 
Group01_06.txt
45 193 417 819 857 948 
Group01_07.txt
102 333 487 604 
Group01_08.txt
333 504 657 715 820 929 
Group01_10.txt
33 59 205 398 741 1002 
Group01_11.txt
44 75 91 179 687 962 
Group01_12.txt
458 674 
Group01_13.txt
76 
Group01_14.txt
140 
Group01_15.txt
112 236 311 426 
Group01_16.txt
93 274 415 
Group01_17.txt
6 34 133 
Group01_19.txt
48 89 403 
Group01_20.txt
270 436 
Group01_22.txt
126 
Group01_24.txt
77 255 
Group01_25.txt
31 172 483 
Group01_26.txt
284 625 711 
Group01_27.txt
133 165 
Group01_28.txt
157 348 449 
Group01_29.txt
177 444 539 575 626 663 693 771 
Group01_30.txt
454 522 565 588 642 664 754 
Group01_32.txt
25 178 899 989 1066 
Group01_34.txt
395 
Group01_35.txt
384 687 1278 
Group01_36.txt
365 
Group01_37.txt
12 45 307 
Group01_40.txt
67 131 274 406 511 567 681 774 853 
Group01_41.txt
446 
Group01_42.txt
88 159 
Group01_44.txt
69 165 290 352 405 
Group01_45.txt
92 148 293 460 490 
Group01_46.txt
38 144 508 
Group01_47.txt
334 410 
Group01_48.txt
183 
Group01_49.txt
86 250 488 
Group01_50.txt
193 447 480 516 539 
Group02_01.txt
294 443 613 
Group02_02.txt
206 605 
Group02_03.txt
330 413 615 813 900 
Group02_04.txt
180 388 418 498 531 
Group02_05.txt
571 606 
Group02_06.txt
60 176 571 604 
Group02_07.txt
496 
Group02_08.txt
391 576 
Group02_09.txt
28 272 569 634 676 821 
Group02_10.txt
63 255 622 790 
Group02_11.txt
166 245 369 895 
Group02_12.txt
5 212 329 579 
Group02_13.txt
46 55 667 
Group02_14.txt
41 255 313 417 450 606 761 
Group02_15.txt
411 434 474 
Group02_16.txt
38 117 259 307 489 511 
Group02_17.txt
77 210 367 499 596 694 
Group02_18.txt
276 817 1187 1430 1544 1804 1868 1894 1912 1953 2150 2426 2741 
Group02_19.txt
298 848 1212 1797 
Group02_20.txt
1031 1353 2351 3946 
Group02_21.txt
682 1327 1770 2138 2776 
Group02_22.txt
621 909 1768 2325 2494 2535 2832 3044 3247 3549 3753 
Group02_23.txt
1669 
Group02_24.txt
357 594 1112 1217 
Group02_25.txt
135 341 483 760 1009 
Group02_26.txt
304 571 
Group02_27.txt
228 405 629 796 962 980 1603 
Group02_28.txt
32 811 1091 1175 
Group02_29.txt
510 586 
Group02_30.txt
30 70 119 224 253 371 500 733 761 967 1026 1054 1076 1239 1693 1718 1798 2009 2061 2140 2315 3241 3325 3543 3596 3663 3714 3749 3847 3933 3944 4129 4197 4242 4320 4347 
Group02_31.txt
2980 
Group02_32.txt
161 541 677 854 991 1731 1939 2098 2601 2658 
Group02_33.txt
42 419 491 962 1331 1392 2282 2331 2682 2866 
Group02_34.txt
56 499 1153 
Group02_35.txt
293 348 543 618 760 963 
Group02_36.txt
72 105 520 540 822 932 1400 
Group02_37.txt
44 166 580 1139 1239 1260 1490 
Group02_38.txt
148 390 1288 2403 2420 2638 
Group02_39.txt
476 1565 
Group02_40.txt
292 544 643 1066 1260 1320 1384 1788 1841 1920 2171 
Group02_41.txt
231 504 1266 1296 
Group02_42.txt
211 
Group02_43.txt
311 474 565 594 636 1002 1019 
Group02_44.txt
449 484 1140 1590 1621 1665 
Group02_45.txt
130 196 
Group02_46.txt
39 200 249 437 678 795 982 1037 1108 1178 1356 1552 1587 2256 2330 2560 2599 
Group02_47.txt
326 943 1192 1289 
Group02_48.txt
86 1076 1106 2147 2320 2821 2830 
Group02_49.txt
738 2028 2408 2803 3985 4207 4250 
Group02_50.txt
236 258 325 1207 1286 1818 
Group03_01.txt
266 426 
Group03_02.txt
132 746 803 818 
Group03_03.txt
55 134 164 243 554 772 853 1213 1282 
Group03_04.txt
293 568 869 1010 1108 1267 1343 1604 1666 1715 1787 2104 
Group03_05.txt
86 430 436 553 615 849 907 
Group03_06.txt
268 404 499 813 1121 1500 1594 1652 1839 2056 2150 2194 2508 2632 2693 2721 
Group03_07.txt
105 221 256 654 703 745 1184 1233 1492 1536 2002 2537 2663 
Group03_08.txt
29 206 264 529 759 821 
Group03_09.txt
56 75 305 332 445 717 829 1022 1077 
Group03_10.txt
25 131 247 644 742 769 807 
Group03_11.txt
143 222 696 748 941 
Group03_12.txt
116 176 214 362 445 524 538 563 643 683 868 1073 1140 1232 1287 
Group03_13.txt
16 128 256 298 586 846 971 1141 1355 1442 
Group03_14.txt
82 203 428 644 774 867 1084 1156 
Group03_15.txt
57 101 356 631 727 
Group03_16.txt
254 381 479 800 
Group03_17.txt
3 78 168 288 387 491 553 668 705 792 869 
Group03_18.txt
157 873 1161 
Group03_19.txt
37 337 401 441 492 771 
Group03_20.txt
162 253 552 599 672 761 815 882 920 967 
Group03_21.txt
561 1197 1285 1470 2036 
Group03_22.txt
281 542 661 841 966 1072 
Group03_23.txt
319 638 721 
Group03_24.txt
491 1206 1605 1608 
Group03_25.txt
100 409 472 527 
Group03_26.txt
162 245 263 1075 1527 
Group03_27.txt
89 137 147 332 390 426 518 541 658 950 1045 1065 1364 1540 1731 1748 1863 1906 
Group03_28.txt
102 317 355 734 874 951 1006 
Group03_29.txt
20 380 391 456 613 872 1339 1368 1686 1733 1755 2005 2085 2115 2133 
Group03_30.txt
22 284 398 841 945 1034 1180 1359 1587 
Group03_31.txt
283 604 871 987 1019 1078 1126 1369 1384 1559 1755 2044 2168 2285 2384 
Group03_32.txt
172 448 459 662 694 1167 1203 1351 1457 
Group03_33.txt
39 246 270 295 395 691 761 925 1053 1250 1447 
Group03_34.txt
54 156 294 338 603 637 671 880 1303 1335 1504 1589 1616 1782 1932 2075 2424 2620 2755 2880 2894 
Group03_35.txt
72 180 276 382 503 587 1074 
Group03_36.txt
169 235 468 720 852 930 1046 1111 1270 1320 1454 
Group03_37.txt
347 466 548 646 764 831 982 1030 1136 1756 1801 1895 1924 1944 2015 2040 2061 2072 2326 2383 
Group03_38.txt
152 568 713 996 1008 
Group03_39.txt
155 431 442 645 677 
Group03_40.txt
18 225 249 274 374 670 740 904 1032 
Group03_41.txt
207 241 298 
Group03_42.txt
364 375 440 603 865 1357 1386 1712 
Group03_43.txt
207 330 472 684 
Group03_44.txt
47 139 789 892 1086 1307 1366 1417 1518 
Group03_45.txt
78 493 
Group03_46.txt
320 445 510 570 
Group03_47.txt
131 183 327 519 997 1057 
Group03_48.txt
164 573 
Group03_49.txt
265 523 538 562 580 673 700 753 
Group03_50.txt
224 253 439 632 665 697 709 806 862 927 1040 1122 1248 1544 
Group04_01.txt
180 198 249 328 537 587 
Group04_02.txt
289 426 437 656 678 
Group04_03.txt
3 39 392 
Group04_05.txt
425 
Group04_06.txt
190 
Group04_07.txt
344 542 640 937 1073 1143 
Group04_08.txt
26 420 546 
Group04_10.txt
257 529 760 
Group04_11.txt
123 331 389 438 492 
Group04_12.txt
167 396 
Group04_13.txt
29 402 617 776 964 1105 
Group04_14.txt
123 569 603 
Group04_15.txt
11 145 330 452 502 540 595 609 633 847 
Group04_16.txt
123 203 326 386 422 
Group04_17.txt
148 197 238 940 1155 
Group04_18.txt
324 398 571 
Group04_19.txt
261 341 357 
Group04_20.txt
183 270 360 
Group04_21.txt
80 182 285 306 782 
Group04_22.txt
101 164 442 523 
Group04_23.txt
577 
Group04_24.txt
223 437 627 
Group04_25.txt
488 584 
Group04_26.txt
320 
Group04_27.txt
41 115 154 191 498 574 621 670 
Group04_28.txt
269 331 672 
Group04_29.txt
185 405 
Group04_30.txt
396 515 858 1043 
Group04_31.txt
535 
Group04_32.txt
39 541 701 
Group04_33.txt
157 218 420 529 664 
Group04_34.txt
272 876 
Group04_35.txt
65 285 484 
Group04_36.txt
152 407 688 776 
Group04_38.txt
27 
Group04_39.txt
23 65 185 300 523 751 
Group04_40.txt
17 55 95 454 524 
Group04_41.txt
407 971 1092 
Group04_42.txt
94 444 547 
Group04_43.txt
25 757 
Group04_44.txt
166 370 597 694 
Group04_45.txt
142 
Group04_46.txt
46 371 420 942 996 
Group04_47.txt
198 355 
Group04_49.txt
166 
Group04_50.txt
83 184 314 358 390 659 693 
Group05_02.txt
66 229 408 1239 
Group05_06.txt
30 107 179 480 1015 1165 
Group05_08.txt
398 
Group05_09.txt
418 713 760 
Group05_10.txt
45 101 444 585 
Group05_13.txt
23 76 150 287 393 472 532 618 867 950 
Group05_16.txt
305 395 503 764 
Group05_17.txt
22 490 566 1047 
Group05_18.txt
233 631 668 758 
Group05_19.txt
197 479 511 621 
Group05_20.txt
58 366 481 1097 
Group05_21.txt
370 559 
Group05_22.txt
22 
Group05_23.txt
191 272 289 531 827 1059 1099 1154 1212 1295 1347 1427 
Group05_24.txt
495 
Group05_25.txt
564 941 
Group05_26.txt
78 309 585 871 
Group05_27.txt
886 1325 1355 1398 
Group05_28.txt
179 231 
Group05_29.txt
186 319 
Group05_30.txt
67 245 736 
Group05_31.txt
309 
Group05_32.txt
502 510 
Group05_33.txt
73 
Group05_35.txt
102 337 
Group05_37.txt
20 
Group05_38.txt
129 208 325 
Group05_39.txt
275 
Group05_41.txt
96 236 
Group05_42.txt
154 218 274 
Group05_43.txt
117 394 571 
Group05_44.txt
99 343 468 695 
Group05_45.txt
297 503 629 652 770 972 1087 1113 
Group05_46.txt
111 179 342 658 
Group05_48.txt
68 113 331 447 
Group05_50.txt
437 
Group06_01.txt
127 
Group06_02.txt
451 485 740 
Group06_04.txt
66 167 419 611 691 749 
Group06_05.txt
298 540 588 
Group06_07.txt
114 491 
Group06_08.txt
322 432 506 
Group06_09.txt
190 379 520 
Group06_10.txt
564 732 
Group06_11.txt
157 434 
Group06_12.txt
150 188 511 
Group06_13.txt
47 341 
Group06_14.txt
36 180 244 535 557 
Group06_15.txt
37 80 180 207 526 591 621 646 729 853 
Group06_16.txt
330 363 415 512 1046 1112 
Group06_18.txt
144 169 269 299 320 521 
Group06_19.txt
195 604 
Group06_21.txt
371 414 492 642 802 
Group06_22.txt
234 
Group06_23.txt
71 384 600 678 712 779 
Group06_24.txt
344 521 
Group06_25.txt
135 
Group06_26.txt
580 
Group06_28.txt
206 272 455 533 605 
Group06_29.txt
149 429 459 646 
Group06_30.txt
150 
Group06_32.txt
540 
Group06_34.txt
360 
Group06_35.txt
103 
Group06_36.txt
75 367 549 
Group06_38.txt
227 
Group06_39.txt
305 
Group06_40.txt
202 
Group06_42.txt
169 328 421 527 567 
Group06_43.txt
488 526 
Group06_44.txt
43 256 419 478 
Group06_45.txt
41 
Group06_46.txt
492 635 
Group06_48.txt
296 462 
Group06_50.txt
58 258 325 
Group07_01.txt
82 243 335 402 602 622 719 797 868 
Group07_02.txt
456 
Group07_03.txt
241 267 370 482 759 805 870 1191 1383 1511 1777 1828 2170 2184 2208 2314 2640 
Group07_04.txt
91 204 289 452 822 1235 1273 
Group07_05.txt
149 353 
Group07_06.txt
82 389 437 721 
Group07_07.txt
84 210 350 595 627 662 881 1035 1061 1391 
Group07_08.txt
255 402 463 
Group07_09.txt
66 661 
Group07_10.txt
202 445 
Group07_11.txt
50 244 367 463 505 635 
Group07_12.txt
175 236 347 461 503 542 858 971 
Group07_13.txt
477 
Group07_14.txt
276 
Group07_15.txt
55 229 425 589 
Group07_16.txt
312 
Group07_18.txt
63 177 196 316 447 552 554 593 616 695 844 861 903 975 1029 1181 1300 1403 
Group07_19.txt
51 215 366 411 457 551 603 748 784 897 936 
Group07_20.txt
198 418 439 535 
Group07_21.txt
238 283 462 513 527 553 593 648 895 919 
Group07_22.txt
167 
Group07_23.txt
32 
Group07_24.txt
60 184 273 739 1083 1129 1422 1645 1912 2028 
Group07_25.txt
140 152 
Group07_26.txt
30 216 528 600 
Group07_28.txt
27 113 327 504 
Group07_30.txt
184 579 773 943 
Group07_31.txt
140 156 446 527 635 756 877 1030 1196 1430 1574 1734 1936 1967 
Group07_32.txt
28 445 
Group07_33.txt
85 202 268 423 575 
Group07_34.txt
95 279 
Group07_35.txt
36 142 223 296 465 563 
Group07_36.txt
363 528 535 722 793 920 951 1236 1256 1329 1403 
Group07_37.txt
180 642 736 808 1072 1129 1533 
Group07_38.txt
43 293 382 494 682 921 999 1182 1199 1645 
Group07_39.txt
154 416 
Group07_40.txt
66 125 606 690 799 823 
Group07_42.txt
57 90 382 412 488 544 
Group07_43.txt
106 143 195 
Group07_44.txt
320 448 564 801 
Group07_45.txt
106 180 240 270 542 
Group07_46.txt
239 293 373 401 468 632 
Group07_47.txt
180 
Group07_48.txt
540 1078 
Group07_49.txt
86 1187 1226 1548 2080 2339 2453 2539 2603 2718 
Group08_01.txt
64 208 
Group08_02.txt
221 637 
Group08_03.txt
595 
Group08_04.txt
378 609 758 
Group08_05.txt
251 305 400 
Group08_06.txt
199 1151 
Group08_07.txt
425 
Group08_09.txt
443 605 
Group08_10.txt
163 307 
Group08_11.txt
262 440 649 670 714 792 824 
Group08_12.txt
612 731 953 958 
Group08_13.txt
616 1076 
Group08_15.txt
775 
Group08_16.txt
102 159 485 702 802 1197 1364 1398 1470 1564 1786 
Group08_17.txt
374 517 857 1030 1210 
Group08_18.txt
179 550 
Group08_19.txt
693 
Group08_20.txt
159 822 848 906 1278 1347 
Group08_21.txt
364 493 
Group08_23.txt
378 610 759 
Group08_24.txt
142 628 
Group08_25.txt
313 434 582 
Group08_27.txt
25 
Group08_28.txt
9 317 
Group08_29.txt
73 183 195 325 474 768 1073 1533 
Group08_30.txt
140 319 458 607 719 1095 1562 1627 
Group08_31.txt
87 591 646 713 
Group08_32.txt
113 189 
Group08_33.txt
92 164 
Group08_34.txt
141 358 
Group08_35.txt
371 
Group08_36.txt
182 271 
Group08_37.txt
195 
Group08_38.txt
101 198 
Group08_39.txt
93 133 168 251 306 356 458 
Group08_40.txt
258 
Group08_41.txt
230 272 
Group08_43.txt
632 
Group08_44.txt
236 
Group08_46.txt
269 296 
Group08_47.txt
277 463 
Group08_48.txt
448 
Group08_50.txt
228 
Group09_01.txt
194 361 392 422 611 
Group09_03.txt
53 318 457 521 
Group09_04.txt
517 
Group09_05.txt
371 819 
Group09_06.txt
346 489 
Group09_07.txt
45 455 855 936 953 
Group09_09.txt
227 481 686 699 831 889 956 
Group09_10.txt
186 231 
Group09_11.txt
311 325 574 
Group09_12.txt
532 
Group09_14.txt
836 
Group09_15.txt
23 267 439 506 
Group09_16.txt
259 
Group09_17.txt
613 
Group09_19.txt
43 
Group09_20.txt
206 458 
Group09_21.txt
265 355 645 954 
Group09_22.txt
126 584 618 
Group09_24.txt
210 577 
Group09_26.txt
222 372 470 571 715 904 
Group09_27.txt
7 21 52 416 
Group09_28.txt
463 507 
Group09_29.txt
242 547 
Group09_30.txt
235 
Group09_31.txt
84 
Group09_32.txt
182 348 597 
Group09_33.txt
226 286 419 
Group09_35.txt
187 432 575 614 641 663 
Group09_36.txt
89 128 398 419 504 559 
Group09_37.txt
72 145 571 1113 1258 1278 
Group09_38.txt
38 182 365 581 603 
Group09_39.txt
187 280 
Group09_40.txt
341 358 405 490 619 
Group09_41.txt
235 
Group09_42.txt
135 306 396 
Group09_43.txt
235 546 
Group09_44.txt
29 193 
Group09_45.txt
428 
Group09_46.txt
540 621 
Group09_47.txt
17 138 
Group09_48.txt
23 93 159 533 598 633 731 
Group09_49.txt
231 393 578 770 859 922 
Group09_50.txt
178 614 
Group10_01.txt
526 
Group10_02.txt
117 265 
Group10_03.txt
22 448 834 939 
Group10_04.txt
104 150 279 471 527 594 
Group10_05.txt
107 544 555 928 
Group10_06.txt
58 
Group10_07.txt
79 
Group10_08.txt
135 398 432 557 592 683 
Group10_09.txt
154 
Group10_10.txt
248 530 933 976 
Group10_12.txt
699 
Group10_14.txt
35 368 
Group10_15.txt
169 429 444 
Group10_16.txt
35 359 825 
Group10_17.txt
119 257 295 496 831 915 
Group10_18.txt
158 722 787 
Group10_19.txt
137 313 350 407 497 
Group10_20.txt
279 445 629 
Group10_21.txt
74 178 369 791 
Group10_22.txt
146 174 278 401 475 
Group10_24.txt
28 532 1218 
Group10_25.txt
413 752 992 
Group10_26.txt
117 265 
Group10_27.txt
197 256 386 489 527 623 706 887 987 1038 
Group10_28.txt
106 528 580 
Group10_29.txt
208 329 871 944 
Group10_30.txt
49 82 109 330 436 
Group10_31.txt
82 125 175 364 498 602 
Group10_32.txt
60 150 265 401 
Group10_33.txt
44 56 256 602 1041 1088 1146 1340 1401 1658 
Group10_34.txt
546 
Group10_35.txt
264 660 683 741 890 1444 
Group10_36.txt
139 236 281 322 473 666 704 807 
Group10_37.txt
263 487 
Group10_38.txt
26 83 117 406 444 718 997 1132 1184 
Group10_39.txt
175 884 921 
Group10_40.txt
197 327 576 582 654 
Group10_42.txt
330 370 586 
Group10_43.txt
153 398 513 640 690 882 1087 
Group10_44.txt
124 146 165 270 382 487 526 673 795 
Group10_45.txt
242 396 459 
Group10_46.txt
19 163 243 312 463 563 
Group10_47.txt
140 195 289 837 
Group10_48.txt
255 347 420 709 
Group10_49.txt
62 
Group10_50.txt
353 
Group11-01.txt
168 631 
Group11-02.txt
49 273 412 588 822 913 
Group11-03.txt
49 261 377 397 611 
Group11-04.txt
346 426 622 838 
Group11-05.txt
165 183 229 443 506 540 621 739 789 1296 1321 1455 1676 1900 2127 2212 2316 
Group11-06.txt
292 514 
Group11-07.txt
124 434 646 663 
Group11-08.txt
131 574 
Group11-11.txt
238 476 
Group11-13.txt
109 489 519 550 606 
Group11-14.txt
329 533 579 609 636 844 898 1111 1144 1151 1218 
Group11-15.txt
352 467 600 932 1029 1150 1234 1284 1526 1571 1688 1777 2130 2150 2307 2488 
Group11-16.txt
778 1006 1063 1193 1519 1539 1603 2277 2621 3038 
Group11-17.txt
93 
Group11-18.txt
173 201 273 456 492 
Group11-19.txt
103 351 485 592 613 714 
Group11-20.txt
708 785 
Group11-21.txt
53 116 151 404 610 790 
Group11-22.txt
34 
Group11-23.txt
328 602 737 780 
Group11-24.txt
15 96 133 166 451 581 679 708 874 1192 1309 1507 1548 1711 1868 1965 2103 2370 2404 2492 2532 2559 2583 2616 2627 
Group11-25.txt
24 81 425 447 533 
Group11-27.txt
119 
Group11-28.txt
394 610 904 964 
Group11-29.txt
582 645 691 751 
Group11-30.txt
567 627 
Group11-31.txt
340 
Group11-32.txt
275 309 740 800 
Group11-33.txt
87 
Group11-35.txt
384 
Group11-37.txt
80 511 560 684 841 
Group11-38.txt
300 370 571 834 
Group11-39.txt
75 129 175 192 211 425 472 564 659 
Group11-40.txt
70 102 149 292 313 322 514 656 
Group11-41.txt
84 182 280 
Group11-42.txt
133 161 338 434 
Group11-43.txt
8 189 
Group11-44.txt
7 21 237 521 604 760 837 
Group11-45.txt
19 85 321 386 466 672 743 758 778 805 870 955 1058 1112 1143 1293 
Group11-46.txt
99 222 303 391 469 497 572 635 678 753 798 912 1005 1269 1335 1402 
Group11-47.txt
291 
Group11-48.txt
204 320 369 410 488 683 797 840 
Group11-49.txt
481 560 
Group11-50.txt
44 69 184 201 609 757 922 948 988 
Group12_01.txt
584 732 1125 1404 
Group12_02.txt
674 900 1169 1373 1401 1464 2041 
Group12_03.txt
237 1244 1356 
Group12_04.txt
49 753 766 940 1342 2142 2291 2371 
Group12_05.txt
276 
Group12_06.txt
495 746 841 962 
Group12_07.txt
77 405 652 808 1003 1158 1392 
Group12_08.txt
251 306 476 
Group12_09.txt
632 884 1125 
Group12_10.txt
841 
Group12_11.txt
158 246 300 348 490 668 804 
Group12_12.txt
158 246 300 348 490 668 804 
Group12_13.txt
57 304 482 525 1103 1138 1278 1482 1623 1843 1871 1893 2060 
Group12_14.txt
266 318 402 464 476 624 796 848 865 897 1030 
Group12_15.txt
61 298 676 
Group12_16.txt
468 499 
Group12_17.txt
505 
Group12_18.txt
257 342 
Group12_19.txt
176 284 312 336 588 637 713 890 1026 
Group12_21.txt
475 553 681 716 746 
Group12_22.txt
763 789 
Group12_23.txt
271 368 490 
Group12_24.txt
49 153 318 349 371 673 781 819 
Group12_25.txt
454 624 663 
Group12_26.txt
35 546 580 656 1009 1075 1167 1331 1375 1501 
Group12_27.txt
218 376 537 
Group12_28.txt
530 
Group12_29.txt
283 410 
Group12_30.txt
142 491 
Group12_32.txt
58 108 169 296 
Group12_33.txt
20 
Group12_34.txt
15 51 213 267 522 586 
Group12_35.txt
56 517 
Group12_36.txt
212 384 
Group12_37.txt
15 54 222 539 
Group12_38.txt
294 348 590 
Group12_39.txt
281 
Group12_40.txt
308 395 463 635 
Group12_41.txt
219 236 340 461 487 532 564 711 
Group12_42.txt
162 291 380 498 692 949 1125 1158 1278 
Group12_43.txt
590 719 
Group12_44.txt
469 
Group12_45.txt
231 338 480 570 
Group12_46.txt
567 
Group12_48.txt
64 
Group12_49.txt
47 75 427 463 660 770 2096 2149 2677 2735 
Group12_50.txt
65 97 171 231 277 359 410 456 
Group13_02.txt
149 221 669 1288 1658 1762 1788 2148 2216 
Group13_03.txt
232 
Group13_04.txt
259 1098 1145 1198 
Group13_05.txt
287 336 345 392 704 814 856 895 994 1064 1204 1425 1690 1725 1827 1936 2097 2155 
Group13_06.txt
172 225 316 495 556 1079 1274 1332 1634 1926 2009 2109 2191 2269 2405 2519 2640 
Group13_08.txt
317 984 
Group13_09.txt
70 108 245 450 550 799 871 939 1264 1283 1472 1665 1712 1777 
Group13_10.txt
390 494 
Group13_11.txt
143 335 
Group13_12.txt
604 
Group13_13.txt
240 
Group13_14.txt
87 125 294 409 423 453 600 
Group13_15.txt
12 35 218 
Group13_17.txt
360 481 
Group13_18.txt
140 306 601 653 938 
Group13_19.txt
49 386 443 
Group13_20.txt
316 
Group13_21.txt
450 538 819 910 995 1135 1284 1309 1540 1692 2041 
Group13_22.txt
31 51 277 432 499 632 1036 1526 1671 1730 1819 2228 2368 2534 2590 2821 4312 4535 4655 4765 5226 5919 6170 6421 7052 7179 7235 7347 7574 7588 7770 7801 7960 8517 8949 9005 9071 9697 9787 9927 10116 10609 10905 11094 11340 11425 12343 12495 12827 12853 13022 13317 13610 13764 13926 14208 14270 14424 14881 15168 15758 15835 15984 16164 16253 16300 16448 16477 16519 
Group13_23.txt
125 159 199 553 859 1064 1345 1467 1501 1565 1592 1644 1674 1775 1901 2062 2157 2271 2482 2565 2817 2868 3002 3217 3253 3455 3512 3523 3808 
Group13_24.txt
26 194 295 512 746 1007 1415 1686 1765 2141 2210 2520 2605 2740 2972 3470 3574 3646 3869 3974 4135 4339 4384 4574 5262 5321 5486 
Group13_25.txt
207 727 934 1057 1124 1282 1376 1506 1908 2045 2413 2516 
Group13_26.txt
345 375 549 598 696 782 919 1043 1087 1150 1263 1444 1467 1693 1904 2100 2457 2500 2901 2971 3280 3566 3611 3622 3795 3831 4096 4196 4502 4774 5254 5499 5795 6210 6351 6367 6450 6549 6594 7091 7152 7373 7535 7684 7689 7731 7792 7893 7937 8246 8309 8357 8532 8578 8676 8705 8802 8917 8966 9040 9151 9298 9622 9641 9690 9866 9914 9980 10098 10135 10169 10237 10260 
Group13_27.txt
16 96 135 184 352 624 811 1008 1051 1164 1237 1474 1564 1661 1830 1881 1966 2280 2478 2530 2785 2891 2952 3173 3267 3411 
Group13_28.txt
474 759 823 933 989 1074 1152 1218 1244 1429 1452 1550 1687 1891 2003 2394 2445 2643 3099 3300 3328 
Group13_29.txt
389 424 497 606 983 1069 1293 3054 3334 3528 3729 4116 4272 4404 4416 4449 4650 4711 5482 
Group13_30.txt
190 216 312 393 420 566 666 695 947 1424 1708 1872 2200 2277 2345 2473 2620 3031 3590 3726 3810 3951 
Group13_31.txt
489 495 677 
Group13_32.txt
464 591 1107 1351 
Group13_33.txt
33 278 904 1324 1378 1551 1640 1737 1794 1867 1954 2216 
Group13_35.txt
12 293 485 699 784 1097 1216 1489 1519 
Group13_36.txt
233 248 335 403 534 717 827 832 957 987 1160 1308 1488 
Group13_37.txt
320 476 487 647 926 1041 1486 
Group13_38.txt
234 243 327 454 957 991 1128 1390 1458 1495 1532 
Group13_39.txt
198 526 1055 1372 1441 1454 1670 1733 1852 1879 1903 2075 2087 2095 2105 2123 
Group13_40.txt
6 34 243 370 436 586 627 646 746 820 831 940 
Group13_41.txt
253 650 765 966 1114 1560 1674 
Group13_42.txt
21 147 348 489 696 1232 1295 
Group13_43.txt
419 636 668 724 761 843 979 1040 1073 1227 1377 1584 1811 
Group13_44.txt
116 255 748 858 922 1058 1459 1716 1936 2092 2596 2614 2994 3087 3174 3186 3336 3878 
Group13_45.txt
128 368 478 674 704 725 880 1075 1130 1156 1271 1427 1576 1651 
Group13_46.txt
131 230 579 639 889 1131 2129 
Group13_47.txt
19 155 230 531 722 770 846 874 1163 1537 1589 1624 
Group13_48.txt
77 87 343 403 420 430 491 549 674 994 1098 1171 1372 1382 1469 1478 1592 1645 1785 1821 1881 2094 2285 2423 2577 2660 
Group13_49.txt
391 440 458 517 610 694 713 1145 1271 1334 1395 1495 1524 1537 1574 1778 1807 2002 2078 2098 
Group13_50.txt
80 132 389 460 865 986 
Group14_01.txt
26 
Group14_02.txt
42 232 505 
Group14_03.txt
33 151 339 450 
Group14_04.txt
41 
Group14_05.txt
38 
Group14_06.txt
406 
Group14_08.txt
52 506 
Group14_09.txt
33 471 
Group14_10.txt
23 388 479 
Group14_11.txt
326 
Group14_12.txt
229 491 
Group14_13.txt
373 
Group14_14.txt
133 
Group14_16.txt
39 136 242 289 325 
Group14_17.txt
152 498 
Group14_18.txt
30 96 508 
Group14_19.txt
353 664 751 817 
Group14_21.txt
486 561 616 
Group14_22.txt
378 457 
Group14_23.txt
33 200 494 
Group14_24.txt
352 514 540 
Group14_25.txt
195 260 574 
Group14_26.txt
146 310 391 419 640 847 936 
Group14_27.txt
212 388 417 472 
Group14_28.txt
33 305 505 703 
Group14_30.txt
697 815 900 
Group14_31.txt
67 221 690 796 877 
Group14_32.txt
137 322 358 737 781 797 922 
Group14_33.txt
73 109 251 339 644 991 1040 
Group14_34.txt
52 118 153 202 325 359 384 526 605 
Group14_35.txt
75 319 428 548 579 679 695 770 971 1149 1671 
Group14_36.txt
46 119 506 583 
Group14_37.txt
222 281 671 716 
Group14_38.txt
82 257 435 488 620 653 812 854 890 
Group14_39.txt
287 666 747 766 895 924 1012 
Group14_40.txt
16 129 232 301 323 369 424 628 641 777 847 870 911 
Group14_41.txt
544 943 986 
Group14_42.txt
51 164 251 415 664 763 821 929 
Group14_43.txt
378 481 602 633 
Group14_44.txt
64 152 326 721 905 969 
Group14_45.txt
25 233 476 505 
Group14_46.txt
391 451 571 725 
Group14_47.txt
144 180 230 343 359 590 
Group14_48.txt
233 641 719 
Group14_49.txt
149 517 541 
Group14_50.txt
85 127 241 290 349 407 436 480 682 696 
