Group13_01.txt
71 504 
Group13_02.txt
272 430 661 1088 1403 1512 1597 1642 1723 
Group13_05.txt
31 191 211 
Group13_07.txt
35 136 
Group13_09.txt
1337 
Group13_11.txt
59 331 524 
Group13_12.txt
123 324 506 724 
Group13_14.txt
218 554 
Group13_15.txt
251 469 595 
Group13_17.txt
41 220 
Group13_18.txt
584 
Group13_19.txt
411 
Group13_20.txt
289 366 
Group13_21.txt
40 2099 
Group13_22.txt
94 109 118 130 318 433 825 1074 1272 1536 1743 1894 2064 2630 2705 2720 2730 2984 3548 4120 4556 5387 6721 6876 6908 7103 7233 7556 8835 8933 8983 9671 9868 10178 10812 11009 11469 11517 11730 12297 12990 13076 13315 13883 14024 14727 16532 16584 
Group13_23.txt
55 
Group13_24.txt
58 
Group13_25.txt
38 196 320 354 1480 1536 1644 2054 2348 
Group13_26.txt
31 52 348 404 510 940 1758 2219 2348 2612 2948 2976 4026 4108 4239 4409 4890 5176 5660 5837 6002 6592 6767 7281 7447 7832 8007 8152 8505 8713 9050 9857 9936 10133 
Group13_27.txt
20 60 68 101 476 769 832 852 1214 1295 2738 2889 3028 3080 
Group13_28.txt
24 68 139 262 415 458 562 717 734 942 1100 1111 1415 1479 1635 1845 1972 2025 2143 2335 2645 2700 2746 3168 3205 
Group13_29.txt
26 94 132 402 460 490 680 771 1174 1251 1255 1266 1311 1372 1632 1923 2077 2396 2416 2766 2884 2976 3019 3210 3542 4010 4486 5195 
Group13_30.txt
39 54 61 335 601 668 1015 1446 1792 2495 3080 3507 3574 3847 
Group13_31.txt
65 74 230 314 479 542 
Group13_33.txt
52 
Group13_34.txt
41 69 
Group13_35.txt
43 
Group13_36.txt
37 
Group13_37.txt
30 
Group13_38.txt
56 212 
Group13_39.txt
32 
Group13_40.txt
49 
Group13_41.txt
39 176 
Group13_42.txt
44 156 468 1048 1135 1365 
Group13_43.txt
39 
Group13_44.txt
47 54 
Group13_45.txt
38 
Group13_46.txt
55 61 
Group13_47.txt
40 
Group13_48.txt
50 58 
Group13_49.txt
56 
Group13_50.txt
28 34 363 669 757 860 1304 
