Group01_01.txt
87 
Group01_02.txt
64 107 112 199 
Group01_03.txt
524 965 1024 
Group01_04.txt
202 
Group01_05.txt
313 
Group01_06.txt
307 798 913 1116 
Group01_07.txt
416 
Group01_08.txt
1064 
Group01_09.txt
130 425 696 
Group01_10.txt
103 347 380 
Group01_11.txt
740 
Group01_12.txt
224 317 331 532 
Group01_13.txt
65 
Group01_14.txt
269 429 442 614 627 
Group01_16.txt
69 
Group01_17.txt
63 250 323 
Group01_19.txt
65 250 744 
Group01_20.txt
46 67 334 391 464 517 527 
Group01_21.txt
173 287 376 
Group01_22.txt
46 139 
Group01_23.txt
112 490 
Group01_24.txt
202 
Group01_25.txt
121 642 654 819 848 
Group01_26.txt
65 297 348 769 
Group01_27.txt
115 
Group01_29.txt
55 325 445 
Group01_30.txt
145 265 280 319 339 
Group01_31.txt
250 337 470 
Group01_32.txt
9 152 863 895 1056 1270 
Group01_33.txt
26 564 
Group01_34.txt
583 624 
Group01_35.txt
11 31 83 171 239 671 1059 1311 
Group01_36.txt
39 338 493 542 572 578 
Group01_37.txt
27 163 226 297 372 470 488 
Group01_38.txt
172 285 374 
Group01_39.txt
108 227 408 
Group01_40.txt
9 104 206 546 719 876 880 
Group01_41.txt
290 350 
Group01_42.txt
123 300 358 
Group01_43.txt
143 498 580 
Group01_45.txt
164 222 335 538 
Group01_47.txt
94 
Group01_48.txt
318 330 361 
Group01_49.txt
450 587 
Group01_50.txt
108 344 
Group02_01.txt
394 605 
Group02_02.txt
670 783 
Group02_03.txt
159 468 543 841 928 975 
Group02_04.txt
334 632 649 660 684 
Group02_05.txt
95 344 
Group02_06.txt
15 587 755 808 
Group02_07.txt
201 207 792 
Group02_08.txt
48 295 340 393 
Group02_09.txt
119 157 165 255 488 505 605 
Group02_10.txt
40 56 223 456 521 843 999 1020 
Group02_11.txt
68 413 601 710 747 
Group02_13.txt
110 221 536 929 
Group02_14.txt
38 55 386 523 
Group02_15.txt
160 
Group02_16.txt
457 618 901 
Group02_17.txt
86 225 229 410 547 602 626 
Group02_18.txt
29 43 615 630 822 1087 1111 2225 2623 3071 
Group02_19.txt
239 406 425 1084 1836 1866 
Group02_20.txt
17 97 272 370 388 411 472 943 1106 1114 1122 1225 1429 1545 2886 3002 3103 3507 3563 4105 4173 
Group02_21.txt
344 392 418 433 1409 1665 1760 1859 1896 2341 2577 
Group02_22.txt
219 387 1058 1089 1320 1503 1582 2204 2217 2229 2497 2561 2647 2829 3314 3598 3629 3642 3696 
Group02_23.txt
169 195 236 329 420 473 625 995 1178 1251 1291 1320 1363 1397 1612 
Group02_24.txt
105 149 422 654 662 738 781 789 825 832 843 880 963 1022 1190 1242 1399 
Group02_25.txt
174 219 224 229 268 274 311 562 587 803 855 913 964 
Group02_27.txt
166 352 364 374 384 390 970 
Group02_28.txt
96 99 407 942 1590 1844 1854 2041 
Group02_29.txt
232 494 1060 1251 
Group02_30.txt
113 463 513 581 628 779 1042 1175 1331 1470 1795 1922 1970 2310 2781 3012 3034 3065 3345 3457 3464 4265 4444 4447 
Group02_31.txt
688 837 869 1068 1815 1834 2176 2317 
Group02_32.txt
467 695 1037 2659 
Group02_33.txt
173 722 967 1267 1410 1537 1706 1813 1876 1885 2144 2252 2278 2526 3283 
Group02_34.txt
107 148 162 172 188 204 236 243 247 254 270 293 317 424 461 474 481 515 564 708 823 1392 
Group02_35.txt
718 834 947 
Group02_36.txt
235 242 296 506 706 934 973 1450 1568 1654 1808 1822 1829 1837 
Group02_37.txt
77 112 248 335 349 384 433 472 484 731 869 1133 
Group02_38.txt
107 114 325 512 666 1682 1689 1917 1984 2036 2042 2226 2512 2613 3389 
Group02_39.txt
75 1238 1358 1613 1707 
Group02_40.txt
152 270 566 596 908 935 1156 1191 1208 1381 1668 
Group02_41.txt
77 223 258 262 269 973 1123 1138 1149 1324 1431 
Group02_42.txt
14 298 470 
Group02_43.txt
397 760 930 1074 1079 1088 1460 1611 
Group02_44.txt
1358 1486 1591 
Group02_45.txt
164 1057 1191 1252 1289 1389 1424 1725 
Group02_46.txt
95 158 244 272 360 493 528 583 588 703 710 923 974 1007 1028 1163 1274 1314 1325 1372 1421 1616 1630 1670 1811 1875 2049 2188 2435 
Group02_47.txt
138 152 302 436 615 636 887 1100 1133 1165 1331 
Group02_48.txt
299 348 548 948 950 1005 1058 1630 
Group02_49.txt
165 216 230 242 249 288 455 484 549 673 841 1062 1220 1457 1499 1665 1843 2673 2719 2868 2878 3138 3311 3403 3458 3610 3740 3847 4059 4132 
Group02_50.txt
379 865 1317 1422 1457 1469 1690 1718 
Group03_01.txt
96 283 
Group03_02.txt
449 675 684 689 694 
Group03_03.txt
1040 1129 1160 
Group03_04.txt
522 622 850 864 914 1026 1117 1471 1664 1813 1946 2045 
Group03_05.txt
37 301 521 821 944 970 987 
Group03_06.txt
101 496 837 882 1288 1334 1557 1582 1601 1898 1959 
Group03_07.txt
354 441 550 591 659 704 1143 1298 1624 1948 2083 2333 2654 
Group03_08.txt
424 
Group03_09.txt
118 273 777 
Group03_10.txt
687 
Group03_11.txt
468 988 
Group03_12.txt
142 303 765 838 1249 1267 1310 
Group03_13.txt
273 407 461 489 584 1428 
Group03_14.txt
951 971 1191 1225 
Group03_15.txt
303 332 380 529 607 687 697 712 
Group03_16.txt
276 579 
Group03_18.txt
199 507 784 844 1239 
Group03_19.txt
596 758 
Group03_20.txt
85 541 626 714 789 808 837 
Group03_21.txt
16 61 245 315 333 338 471 812 844 934 1141 1154 1297 1349 1859 1893 1911 
Group03_22.txt
133 253 270 304 384 394 732 791 834 906 951 
Group03_23.txt
147 
Group03_24.txt
217 785 844 1063 1533 1656 
Group03_25.txt
17 138 346 439 503 566 
Group03_26.txt
10 302 440 940 952 1052 1321 1365 
Group03_27.txt
75 566 755 975 1589 
Group03_28.txt
498 
Group03_29.txt
305 336 412 1261 1968 2142 2152 
Group03_30.txt
136 200 262 319 560 693 720 832 1322 1400 1435 1543 
Group03_31.txt
136 144 221 404 442 751 1358 1784 1870 2303 2338 2544 2595 2795 
Group03_32.txt
47 619 634 1013 1177 1348 1352 
Group03_33.txt
115 303 324 338 449 462 1335 1377 1383 
Group03_34.txt
196 704 833 1196 1309 1725 2103 2186 2218 2801 
Group03_35.txt
555 901 1040 1283 
Group03_36.txt
232 889 1167 1432 
Group03_37.txt
242 429 516 526 622 1255 1268 1290 1416 1640 1664 1669 1956 
Group03_38.txt
194 467 
Group03_39.txt
30 602 617 
Group03_40.txt
94 282 303 317 428 441 
Group03_41.txt
204 
Group03_42.txt
289 320 396 1279 
Group03_43.txt
400 
Group03_44.txt
257 359 502 517 548 870 954 1003 1248 1317 
Group03_45.txt
242 498 
Group03_46.txt
26 65 82 122 395 
Group03_47.txt
133 176 445 656 691 
Group03_48.txt
181 792 863 
Group03_49.txt
286 398 616 
Group03_50.txt
92 593 746 1000 1145 1317 
Group04_01.txt
247 257 438 652 671 844 897 
Group04_02.txt
41 90 351 
Group04_03.txt
150 318 
Group04_04.txt
105 145 442 481 509 
Group04_05.txt
87 227 298 
Group04_06.txt
30 196 255 538 819 
Group04_07.txt
193 316 
Group04_08.txt
510 
Group04_09.txt
457 
Group04_10.txt
233 482 554 614 723 808 892 928 981 988 1021 1029 1089 1096 
Group04_11.txt
129 266 
Group04_12.txt
53 
Group04_13.txt
211 305 1077 
Group04_14.txt
176 217 
Group04_15.txt
139 389 466 814 
Group04_16.txt
93 
Group04_17.txt
67 130 151 182 242 815 1160 
Group04_18.txt
143 261 383 486 
Group04_19.txt
96 110 115 153 373 412 
Group04_20.txt
75 129 367 
Group04_21.txt
372 375 516 928 990 
Group04_22.txt
549 
Group04_23.txt
95 128 
Group04_24.txt
438 
Group04_25.txt
681 
Group04_26.txt
103 483 545 
Group04_27.txt
376 786 
Group04_28.txt
360 589 
Group04_29.txt
58 432 572 
Group04_31.txt
255 377 422 527 
Group04_32.txt
71 749 
Group04_34.txt
93 627 
Group04_35.txt
228 
Group04_36.txt
209 349 
Group04_37.txt
153 417 
Group04_38.txt
15 547 560 569 
Group04_39.txt
424 
Group04_40.txt
107 143 314 496 
Group04_41.txt
29 754 
Group04_42.txt
208 
Group04_43.txt
389 525 625 636 
Group04_44.txt
70 543 567 570 
Group04_45.txt
80 228 
Group04_46.txt
150 462 799 
Group04_47.txt
417 557 561 
Group04_49.txt
342 
Group04_50.txt
58 109 348 359 380 520 553 
Group05_01.txt
50 66 68 
Group05_02.txt
251 591 651 665 983 
Group05_03.txt
215 302 366 
Group05_04.txt
245 606 
Group05_05.txt
66 146 342 
Group05_06.txt
248 448 510 527 
Group05_07.txt
4 
Group05_08.txt
85 
Group05_09.txt
318 653 880 931 
Group05_11.txt
249 355 
Group05_13.txt
39 147 350 725 
Group05_14.txt
180 
Group05_15.txt
90 138 414 
Group05_16.txt
618 627 651 716 
Group05_17.txt
18 457 502 703 770 800 1032 
Group05_18.txt
6 9 176 279 414 547 604 
Group05_19.txt
44 167 548 
Group05_20.txt
49 761 
Group05_21.txt
127 389 435 501 676 927 
Group05_22.txt
309 552 
Group05_23.txt
57 1387 
Group05_24.txt
361 411 
Group05_25.txt
128 177 
Group05_26.txt
137 356 684 
Group05_27.txt
88 130 295 447 849 
Group05_28.txt
412 541 
Group05_29.txt
20 372 
Group05_30.txt
389 600 906 
Group05_31.txt
265 287 
Group05_32.txt
219 225 346 
Group05_33.txt
108 
Group05_35.txt
85 115 248 298 322 
Group05_36.txt
188 
Group05_39.txt
308 
Group05_40.txt
80 303 400 
Group05_41.txt
5 15 76 207 304 
Group05_44.txt
26 540 599 711 751 891 
Group05_45.txt
960 1056 
Group05_47.txt
128 
Group05_48.txt
161 354 
Group05_49.txt
166 351 
Group05_50.txt
193 454 
Group06_01.txt
215 387 
Group06_02.txt
98 202 295 351 358 499 803 
Group06_03.txt
52 259 292 519 562 
Group06_04.txt
359 
Group06_05.txt
188 253 385 424 487 579 660 728 
Group06_06.txt
328 524 653 757 841 869 
Group06_08.txt
28 426 
Group06_09.txt
9 333 344 478 680 702 
Group06_10.txt
85 129 249 404 466 519 
Group06_11.txt
248 596 628 753 
Group06_12.txt
111 464 
Group06_13.txt
62 234 299 693 701 709 
Group06_14.txt
47 59 640 735 
Group06_15.txt
460 634 739 
Group06_16.txt
58 266 398 665 828 1035 1042 
Group06_17.txt
162 238 264 509 747 791 820 1010 
Group06_19.txt
45 149 295 709 
Group06_20.txt
187 241 490 551 
Group06_21.txt
199 
Group06_22.txt
50 420 456 
Group06_23.txt
280 847 875 
Group06_24.txt
82 109 150 341 387 
Group06_25.txt
170 
Group06_26.txt
162 372 391 
Group06_27.txt
53 171 
Group06_29.txt
265 
Group06_30.txt
508 
Group06_31.txt
162 238 264 509 747 791 820 1010 
Group06_32.txt
229 270 384 
Group06_33.txt
40 71 463 605 620 
Group06_34.txt
10 46 191 408 
Group06_35.txt
41 113 130 268 367 400 470 
Group06_36.txt
79 143 152 
Group06_37.txt
42 242 292 385 498 
Group06_38.txt
25 42 72 159 173 378 538 710 731 
Group06_39.txt
173 493 
Group06_40.txt
344 445 
Group06_41.txt
92 552 
Group06_42.txt
275 341 
Group06_43.txt
392 419 566 662 
Group06_44.txt
621 891 
Group06_45.txt
305 
Group06_46.txt
93 192 290 421 540 
Group06_47.txt
104 271 
Group06_48.txt
51 89 346 401 
Group06_50.txt
91 514 621 
Group07_01.txt
8 663 844 
Group07_02.txt
14 
Group07_03.txt
22 455 517 563 754 761 960 1029 1589 1694 2676 
Group07_04.txt
18 
Group07_05.txt
16 492 
Group07_06.txt
14 423 
Group07_07.txt
19 124 547 802 1128 1160 1199 1347 
Group07_08.txt
13 241 498 
Group07_09.txt
11 534 
Group07_10.txt
12 94 
Group07_11.txt
14 617 
Group07_12.txt
19 145 962 1044 
Group07_13.txt
17 55 60 107 288 458 646 
Group07_14.txt
11 
Group07_15.txt
13 179 
Group07_16.txt
12 73 120 239 406 541 
Group07_17.txt
13 83 495 
Group07_18.txt
10 580 668 1051 1098 1119 1381 1394 
Group07_19.txt
11 
Group07_20.txt
9 232 
Group07_21.txt
19 57 386 570 591 
Group07_22.txt
7 71 853 
Group07_23.txt
12 
Group07_24.txt
9 717 749 924 949 998 1749 
Group07_25.txt
11 
Group07_26.txt
10 62 
Group07_27.txt
7 56 
Group07_28.txt
12 
Group07_29.txt
14 32 
Group07_30.txt
13 92 523 
Group07_31.txt
11 129 281 796 845 922 1153 1229 1615 1880 1891 
Group07_32.txt
13 92 
Group07_33.txt
16 50 272 459 665 
Group07_34.txt
11 379 
Group07_35.txt
13 573 
Group07_36.txt
16 160 553 1326 
Group07_37.txt
19 278 715 913 1042 1285 
Group07_38.txt
11 96 678 985 1096 1457 1481 1937 
Group07_39.txt
18 603 
Group07_40.txt
18 
Group07_41.txt
11 
Group07_42.txt
9 484 
Group07_43.txt
9 32 464 
Group07_44.txt
16 460 753 
Group07_45.txt
11 22 297 331 444 
Group07_46.txt
13 231 613 
Group07_47.txt
14 207 462 
Group07_48.txt
14 118 633 658 
Group07_49.txt
17 725 993 1525 
Group07_50.txt
11 379 555 
Group08_01.txt
108 186 553 
Group08_02.txt
33 40 
Group08_03.txt
51 389 485 
Group08_04.txt
30 58 83 111 128 167 196 340 700 
Group08_05.txt
37 73 80 376 
Group08_06.txt
141 337 897 
Group08_07.txt
52 129 
Group08_08.txt
26 71 104 241 
Group08_09.txt
75 131 174 313 403 452 
Group08_10.txt
44 84 91 207 285 652 
Group08_11.txt
39 74 82 191 244 548 812 
Group08_12.txt
124 336 360 438 
Group08_13.txt
17 93 160 323 566 585 640 
Group08_14.txt
33 65 74 150 598 
Group08_15.txt
149 369 451 888 898 
Group08_16.txt
65 722 879 1377 
Group08_17.txt
172 448 682 1043 
Group08_18.txt
12 38 67 90 226 272 
Group08_19.txt
22 90 154 378 516 526 537 
Group08_20.txt
26 46 51 88 113 368 932 1128 1510 
Group08_21.txt
30 52 57 93 115 326 558 
Group08_22.txt
16 57 63 104 109 184 246 344 628 818 839 
Group08_23.txt
30 58 83 111 128 167 196 340 701 
Group08_24.txt
7 146 
Group08_25.txt
63 750 
Group08_27.txt
125 300 
Group08_28.txt
368 
Group08_29.txt
251 468 760 809 1289 1380 1440 
Group08_30.txt
276 508 513 557 732 762 935 1299 1305 1411 1644 1648 
Group08_31.txt
51 250 362 538 642 650 
Group08_32.txt
9 
Group08_33.txt
9 
Group08_34.txt
13 54 
Group08_35.txt
11 95 299 
Group08_36.txt
12 62 206 302 
Group08_37.txt
7 91 144 163 226 
Group08_38.txt
9 43 312 
Group08_39.txt
10 46 256 275 434 
Group08_40.txt
9 242 309 432 
Group08_41.txt
14 80 323 
Group08_42.txt
12 
Group08_43.txt
55 92 189 220 512 525 596 692 
Group08_44.txt
8 186 208 
Group08_45.txt
238 
Group08_46.txt
11 52 311 
Group08_47.txt
22 489 
Group08_48.txt
23 227 287 402 425 
Group08_49.txt
9 118 255 
Group08_50.txt
12 51 263 544 556 
Group09_01.txt
143 208 404 
Group09_02.txt
234 251 259 429 490 
Group09_03.txt
125 374 410 
Group09_04.txt
87 163 
Group09_05.txt
50 85 220 400 539 761 806 
Group09_07.txt
78 310 508 
Group09_08.txt
264 279 282 385 567 
Group09_09.txt
257 273 338 342 714 954 
Group09_10.txt
346 567 750 835 
Group09_11.txt
144 211 216 401 560 
Group09_12.txt
85 483 
Group09_13.txt
163 
Group09_14.txt
94 310 452 477 654 
Group09_15.txt
49 209 
Group09_16.txt
83 190 221 
Group09_17.txt
253 
Group09_19.txt
114 312 355 399 
Group09_20.txt
84 439 
Group09_21.txt
45 80 341 539 640 815 949 
Group09_22.txt
188 229 
Group09_23.txt
94 229 586 613 
Group09_25.txt
81 138 
Group09_26.txt
531 
Group09_27.txt
185 196 456 
Group09_29.txt
173 389 408 518 
Group09_30.txt
417 
Group09_32.txt
220 274 
Group09_34.txt
128 
Group09_36.txt
58 149 497 505 
Group09_37.txt
258 529 621 810 913 
Group09_38.txt
430 
Group09_39.txt
42 260 619 
Group09_40.txt
140 272 313 533 620 
Group09_41.txt
58 167 408 
Group09_42.txt
525 
Group09_43.txt
62 
Group09_44.txt
39 105 
Group09_46.txt
236 491 559 572 
Group09_47.txt
50 276 491 
Group09_48.txt
563 
Group09_49.txt
25 49 66 163 174 310 543 571 673 746 766 811 
Group09_50.txt
71 79 86 225 473 
Group10_01.txt
37 64 99 311 372 
Group10_02.txt
47 85 203 
Group10_03.txt
71 121 228 538 752 
Group10_04.txt
420 522 
Group10_05.txt
173 
Group10_06.txt
309 668 672 696 729 
Group10_07.txt
42 147 228 275 310 417 560 
Group10_09.txt
56 
Group10_10.txt
36 320 518 575 758 823 892 
Group10_11.txt
45 135 334 1082 
Group10_12.txt
87 
Group10_13.txt
36 113 563 
Group10_14.txt
185 200 
Group10_15.txt
223 231 263 273 289 651 
Group10_16.txt
190 303 333 898 
Group10_17.txt
129 378 565 829 996 
Group10_18.txt
484 531 809 
Group10_19.txt
60 271 
Group10_21.txt
348 370 625 760 856 903 
Group10_22.txt
382 
Group10_23.txt
12 52 218 316 400 461 491 
Group10_24.txt
52 269 1143 
Group10_25.txt
224 327 623 666 962 1053 1077 1266 
Group10_26.txt
47 85 203 
Group10_27.txt
100 152 316 517 592 
Group10_28.txt
396 416 1010 
Group10_29.txt
415 571 617 704 713 814 
Group10_30.txt
345 
Group10_31.txt
333 451 
Group10_32.txt
162 497 
Group10_33.txt
196 299 488 559 567 586 656 877 920 1248 1507 
Group10_34.txt
97 175 358 380 407 
Group10_35.txt
450 477 1135 1474 1508 
Group10_36.txt
58 129 218 790 861 
Group10_38.txt
64 340 407 666 672 879 1073 1193 1206 1230 
Group10_39.txt
325 509 567 647 
Group10_40.txt
5 19 34 82 170 202 237 290 346 354 493 595 659 
Group10_41.txt
23 28 92 147 282 378 388 
Group10_42.txt
298 334 398 
Group10_44.txt
318 804 
Group10_45.txt
296 
Group10_47.txt
30 155 165 430 589 785 881 
Group10_48.txt
23 530 
Group10_49.txt
422 461 545 637 674 737 808 
Group10_50.txt
80 120 
Group11-01.txt
352 360 379 478 567 706 729 
Group11-02.txt
674 692 
Group11-03.txt
70 175 178 266 307 318 472 
Group11-04.txt
71 179 381 488 743 769 805 832 891 
Group11-05.txt
21 50 93 133 187 206 240 508 526 733 1029 1070 1432 1748 1966 2220 
Group11-06.txt
148 274 461 
Group11-07.txt
189 245 
Group11-09.txt
51 109 176 244 278 423 483 
Group11-10.txt
392 407 
Group11-11.txt
244 
Group11-12.txt
110 129 439 504 622 653 
Group11-13.txt
81 310 334 343 347 358 376 429 506 
Group11-14.txt
241 683 827 
Group11-15.txt
142 201 398 1112 1120 1165 1809 1826 
Group11-16.txt
155 256 267 543 1128 1331 1439 1574 1632 1648 1675 2464 2484 2654 2810 2898 3077 3093 
Group11-17.txt
5 40 315 346 569 629 
Group11-18.txt
40 105 511 
Group11-19.txt
23 94 105 114 640 
Group11-20.txt
351 805 1005 1153 1269 
Group11-21.txt
192 570 666 740 
Group11-22.txt
282 349 398 562 592 
Group11-23.txt
43 854 
Group11-24.txt
747 932 1363 1544 2289 2307 2511 
Group11-25.txt
106 297 393 
Group11-26.txt
203 
Group11-27.txt
4 17 39 132 152 241 264 
Group11-28.txt
329 445 668 853 1009 
Group11-29.txt
179 189 224 356 796 
Group11-30.txt
92 113 294 381 672 
Group11-31.txt
460 496 554 565 
Group11-32.txt
53 62 430 486 522 672 706 845 
Group11-33.txt
283 508 572 580 656 768 
Group11-34.txt
80 133 179 196 331 
Group11-35.txt
76 103 321 433 464 489 
Group11-36.txt
59 363 
Group11-37.txt
68 84 281 454 484 498 599 
Group11-38.txt
375 534 545 578 660 
Group11-39.txt
208 
Group11-40.txt
353 495 
Group11-41.txt
375 
Group11-42.txt
271 388 563 
Group11-43.txt
85 
Group11-44.txt
59 79 104 565 
Group11-45.txt
395 684 1136 
Group11-46.txt
438 542 696 905 1166 1171 
Group11-47.txt
221 
Group11-48.txt
9 347 
Group11-49.txt
17 80 569 
Group11-50.txt
236 321 554 
Group12_01.txt
468 684 1083 1323 1350 1392 1430 1439 1461 1542 1555 
Group12_02.txt
101 647 885 1557 1574 1888 1972 2037 
Group12_03.txt
25 
Group12_04.txt
85 377 582 853 913 1514 2036 2090 2228 
Group12_05.txt
71 98 204 306 516 614 631 649 
Group12_06.txt
10 41 114 309 429 577 1002 1219 1284 1340 
Group12_07.txt
32 251 315 1228 
Group12_08.txt
62 202 
Group12_09.txt
33 361 587 604 848 
Group12_10.txt
24 202 492 
Group12_11.txt
78 610 705 
Group12_12.txt
78 610 705 
Group12_13.txt
73 678 826 875 1030 1053 1253 1326 1579 1825 1901 
Group12_14.txt
97 629 792 
Group12_15.txt
42 75 250 260 470 605 
Group12_16.txt
6 85 179 199 295 422 
Group12_17.txt
69 90 192 410 
Group12_18.txt
31 47 64 253 338 
Group12_19.txt
66 425 1338 
Group12_20.txt
14 53 130 204 321 504 
Group12_21.txt
70 95 220 429 591 670 688 
Group12_22.txt
23 175 188 302 415 560 787 
Group12_23.txt
79 217 450 
Group12_24.txt
77 391 477 678 
Group12_25.txt
37 84 131 649 
Group12_26.txt
57 241 303 325 855 998 
Group12_27.txt
61 
Group12_28.txt
44 57 
Group12_29.txt
8 12 98 119 213 279 385 396 456 476 541 622 
Group12_30.txt
19 103 
Group12_31.txt
55 390 400 
Group12_32.txt
64 77 194 371 
Group12_33.txt
95 
Group12_34.txt
79 
Group12_35.txt
82 
Group12_36.txt
61 152 298 460 
Group12_37.txt
59 309 325 
Group12_38.txt
92 597 702 
Group12_39.txt
82 146 
Group12_40.txt
74 97 114 140 178 201 319 365 539 572 653 
Group12_41.txt
64 119 356 845 
Group12_42.txt
58 80 156 366 492 663 875 1049 1235 1315 1529 
Group12_43.txt
89 
Group12_44.txt
89 461 493 
Group12_45.txt
7 79 190 222 595 
Group12_46.txt
32 299 373 382 
Group12_47.txt
21 197 
Group12_48.txt
23 166 183 217 557 
Group12_49.txt
103 223 321 346 812 818 1076 1145 1167 1189 1211 1225 1252 1274 1333 1400 1423 1813 1848 1981 2100 2110 2242 2309 
Group12_50.txt
70 191 540 
Group13_01.txt
107 473 620 653 761 
Group13_02.txt
614 631 842 1098 1840 
Group13_03.txt
151 223 
Group13_04.txt
1114 
Group13_05.txt
261 433 1121 1375 1419 1729 1830 
Group13_06.txt
742 2031 
Group13_07.txt
346 
Group13_08.txt
119 135 200 403 637 755 766 929 939 957 
Group13_09.txt
578 1489 
Group13_10.txt
482 853 
Group13_11.txt
138 333 459 
Group13_12.txt
253 389 464 674 745 758 
Group13_13.txt
79 214 
Group13_14.txt
152 560 568 
Group13_15.txt
182 281 
Group13_16.txt
44 182 264 289 300 305 
Group13_17.txt
158 680 
Group13_18.txt
290 372 455 527 
Group13_19.txt
311 355 
Group13_20.txt
82 277 448 454 466 
Group13_21.txt
106 860 1244 1530 
Group13_22.txt
91 241 317 548 575 711 813 863 1317 1521 1581 1639 1643 1751 2050 2463 2704 2729 2992 3131 3704 3719 4338 4352 4399 4710 4792 4900 4935 5271 5291 5308 5529 5607 5742 5909 6248 6282 6375 6987 7013 7232 7282 7759 7909 7947 7990 8264 8287 8900 8982 9260 9274 9363 9629 9988 10112 10214 10325 10378 10665 10789 10804 10811 10960 11170 11213 11613 11871 11898 11969 12025 12081 12296 12523 12620 12631 12666 12803 12970 13070 13230 13787 14077 14089 14294 14917 15246 15256 15574 15610 15790 16117 
Group13_23.txt
139 176 185 639 1041 1081 1204 1236 1241 1342 1409 1802 1902 1909 1990 2019 2066 2818 3107 3703 3747 
Group13_24.txt
1171 1564 1823 2008 2225 2583 2670 3083 3545 3555 3690 4190 4809 5053 5077 5141 
Group13_25.txt
95 643 1808 1894 1957 2127 2174 2261 
Group13_26.txt
150 256 492 1010 1307 1707 1984 2111 2572 2686 2715 2727 2975 3241 3401 3417 3435 3674 4039 4081 4238 4365 4610 4739 5285 5678 5828 5851 5879 5894 5909 6532 6970 6976 7112 7211 7855 7935 8717 8745 8792 8809 9251 9771 9856 10269 
Group13_27.txt
19 100 161 182 212 556 569 768 779 1099 1255 1514 1553 1728 1820 1844 2045 2064 2175 2301 2737 2779 2828 2888 3027 3046 3068 3079 3092 3190 3326 3387 
Group13_28.txt
143 269 835 925 941 1110 1118 1897 1929 2123 2334 2346 2377 2485 2923 
Group13_29.txt
51 83 131 366 590 777 1011 1078 1093 1149 1250 1265 1509 1824 1906 1920 2591 2637 2822 2864 2883 3566 3596 3693 3706 3744 3785 3893 3914 4112 4121 4150 4340 4376 4595 4636 4717 4912 5194 5310 5362 5437 5485 
Group13_30.txt
827 1102 1231 2653 3492 3882 4000 
Group13_31.txt
149 229 331 619 653 
Group13_32.txt
162 663 852 970 1110 1273 1294 
Group13_33.txt
972 1545 1569 1579 1689 2102 
Group13_34.txt
203 349 
Group13_36.txt
563 580 666 
Group13_37.txt
1409 1558 1577 
Group13_38.txt
671 800 1272 1435 
Group13_39.txt
46 236 371 1434 1725 2202 
Group13_40.txt
139 488 578 659 722 
Group13_41.txt
238 407 680 803 1023 
Group13_42.txt
321 373 761 790 
Group13_43.txt
260 825 1199 1558 
Group13_44.txt
293 706 770 887 1081 1090 1325 1374 1446 1596 2211 2538 2821 2914 2974 3258 3717 
Group13_45.txt
256 318 395 853 974 977 1513 
Group13_46.txt
24 202 267 275 582 649 691 731 813 1050 1143 1430 1531 1819 1858 2070 
Group13_47.txt
220 350 742 891 1090 1152 1270 
Group13_48.txt
168 181 400 976 1428 1839 1993 2124 2126 2128 2158 2464 2578 
Group13_49.txt
398 937 955 1393 1516 1905 2056 2081 
Group13_50.txt
4 46 327 362 424 547 818 900 
Group14_01.txt
264 
Group14_02.txt
409 
Group14_05.txt
88 471 
Group14_07.txt
60 235 413 432 
Group14_08.txt
215 
Group14_09.txt
500 
Group14_10.txt
425 493 
Group14_12.txt
177 508 
Group14_13.txt
108 439 479 
Group14_14.txt
255 308 420 
Group14_15.txt
180 247 517 
Group14_17.txt
230 516 
Group14_18.txt
54 210 274 498 
Group14_19.txt
149 370 
Group14_20.txt
111 136 575 736 771 
Group14_21.txt
57 190 232 271 614 
Group14_22.txt
226 442 
Group14_23.txt
353 
Group14_24.txt
149 243 307 572 
Group14_25.txt
21 61 164 253 565 569 
Group14_26.txt
283 
Group14_27.txt
290 729 872 
Group14_28.txt
83 115 469 833 
Group14_29.txt
28 
Group14_30.txt
119 191 216 221 268 399 570 
Group14_31.txt
290 756 
Group14_32.txt
948 
Group14_33.txt
59 387 414 
Group14_34.txt
7 434 
Group14_35.txt
3 126 209 414 489 965 1010 1140 1405 1560 
Group14_36.txt
6 
Group14_37.txt
3 31 107 143 452 
Group14_38.txt
3 48 137 359 
Group14_39.txt
5 61 125 798 813 880 
Group14_40.txt
2 52 245 340 665 759 855 931 
Group14_41.txt
2 368 853 
Group14_42.txt
3 198 
Group14_43.txt
5 523 
Group14_44.txt
2 786 
Group14_45.txt
3 130 
Group14_46.txt
2 472 
Group14_47.txt
2 
Group14_48.txt
4 367 369 456 648 
Group14_49.txt
6 214 625 
Group14_50.txt
3 189 226 532 632 
