Group01_10.txt
753 980 
Group01_20.txt
496 
Group01_45.txt
476 
Group01_49.txt
57 131 214 285 502 529 577 604 
Group02_09.txt
154 
Group02_18.txt
375 947 953 
Group02_19.txt
735 
Group02_20.txt
371 727 3756 3776 3797 3809 3817 
Group02_21.txt
1574 
Group02_24.txt
722 733 769 829 858 958 978 1086 1127 1129 1285 
Group02_25.txt
118 165 182 210 226 231 
Group02_27.txt
843 849 863 957 967 1743 1752 1781 1806 1808 
Group02_28.txt
171 199 1388 1474 
Group02_29.txt
432 592 652 
Group02_32.txt
1505 1530 1689 2379 
Group02_33.txt
1628 2991 
Group02_34.txt
930 944 948 958 969 
Group02_36.txt
205 321 461 551 
Group02_38.txt
300 
Group02_39.txt
1517 1598 
Group02_40.txt
1449 
Group02_41.txt
665 1142 1145 1240 
Group02_45.txt
121 
Group02_46.txt
194 
Group02_48.txt
379 391 398 410 817 833 1763 1803 1930 2270 
Group02_50.txt
139 146 
Group03_26.txt
611 
Group03_47.txt
979 
Group04_02.txt
40 206 259 268 389 584 
Group04_21.txt
743 
Group05_22.txt
515 531 
Group05_46.txt
629 
Group06_02.txt
810 
Group06_03.txt
215 
Group06_10.txt
312 
Group06_18.txt
136 149 154 256 334 
Group07_27.txt
627 
Group07_45.txt
80 
Group09_04.txt
108 136 141 239 
Group09_07.txt
704 
Group09_24.txt
268 
Group09_25.txt
64 
Group09_40.txt
736 
Group10_07.txt
452 
Group10_40.txt
626 
Group11-12.txt
113 
Group11-16.txt
776 
Group11-49.txt
120 
Group12_02.txt
43 48 66 172 177 212 255 275 356 593 1107 1165 1184 1207 1236 1241 1276 1652 
Group12_03.txt
801 
Group12_41.txt
42 180 
Group13_12.txt
312 
Group13_30.txt
3139 
Group13_46.txt
1185 1224 
Group14_01.txt
493 
Group14_06.txt
92 
Group14_09.txt
129 
