Group01_01.txt
347 610 
Group01_03.txt
75 336 479 488 499 620 854 1164 1232 
Group01_04.txt
328 
Group01_06.txt
56 623 831 859 961 
Group01_07.txt
99 179 552 
Group01_08.txt
83 209 240 295 875 951 1019 
Group01_09.txt
103 174 416 489 535 610 622 
Group01_10.txt
39 401 461 678 726 919 
Group01_12.txt
106 
Group01_14.txt
232 312 335 346 367 398 405 414 434 448 497 520 531 552 583 590 599 619 633 
Group01_18.txt
1 24 37 56 146 
Group01_19.txt
392 
Group01_20.txt
90 
Group01_21.txt
152 342 455 
Group01_22.txt
180 
Group01_23.txt
469 
Group01_24.txt
321 
Group01_25.txt
506 542 986 
Group01_26.txt
96 210 235 291 314 333 413 598 700 
Group01_27.txt
265 
Group01_28.txt
430 459 
Group01_30.txt
590 
Group01_31.txt
206 
Group01_32.txt
187 815 1224 
Group01_34.txt
210 
Group01_35.txt
43 55 164 188 991 1124 
Group01_38.txt
151 340 453 
Group01_40.txt
347 370 
Group01_41.txt
190 279 479 
Group01_42.txt
209 
Group01_43.txt
534 
Group01_44.txt
186 230 321 
Group01_45.txt
248 
Group01_46.txt
53 477 
Group01_47.txt
350 428 
Group01_48.txt
434 
Group01_50.txt
172 185 
Group02_01.txt
53 90 108 123 181 245 264 328 405 416 505 520 
Group02_02.txt
226 501 518 815 
Group02_03.txt
388 405 620 640 697 828 
Group02_04.txt
297 371 520 700 
Group02_05.txt
50 91 180 276 312 434 547 574 595 
Group02_06.txt
8 607 629 
Group02_07.txt
332 405 426 552 766 
Group02_08.txt
35 504 537 
Group02_09.txt
440 536 692 716 757 789 
Group02_10.txt
158 517 731 
Group02_11.txt
91 139 381 420 453 508 523 598 752 827 835 
Group02_12.txt
330 403 514 996 
Group02_13.txt
337 411 452 644 711 924 940 
Group02_14.txt
186 366 398 696 787 909 
Group02_15.txt
109 
Group02_16.txt
45 210 448 837 
Group02_17.txt
62 92 321 702 
Group02_18.txt
170 396 542 565 698 1153 1392 1840 1991 2139 2345 2745 2953 
Group02_19.txt
87 304 392 462 857 1805 
Group02_20.txt
500 712 728 741 746 864 951 1058 1097 1102 1542 1785 1878 1925 1959 2424 2497 2616 2790 2859 3051 3133 3170 3358 3375 3408 3552 3568 3627 4061 4117 
Group02_21.txt
17 33 42 67 282 445 642 824 1867 1870 2177 2615 2773 
Group02_22.txt
84 280 474 584 861 1033 1316 1658 1818 2103 2451 2510 2514 2826 3171 3213 3235 3257 3426 3634 3648 3707 
Group02_23.txt
219 230 322 332 778 952 969 1130 1483 
Group02_24.txt
119 146 195 207 415 428 487 682 
Group02_25.txt
137 171 326 444 629 731 821 851 978 
Group02_26.txt
10 189 396 517 674 731 828 
Group02_27.txt
63 66 99 196 333 466 545 572 707 778 791 901 964 1073 1145 1336 1378 1408 1446 1641 1726 
Group02_28.txt
94 507 604 644 774 794 1134 1160 1181 1587 1810 1850 1926 1953 2120 
Group02_29.txt
566 694 903 945 987 1119 1190 1212 1316 
Group02_30.txt
217 252 295 324 436 577 643 682 687 746 1033 1085 1328 1344 1349 1428 1450 1567 1702 1785 1792 1912 2102 2254 2323 2364 2587 2618 2724 2856 3059 3115 3138 3186 3195 3236 3352 3624 3740 3913 3961 4134 4194 4315 4345 4396 
Group02_31.txt
13 100 199 259 344 356 679 758 853 1642 1656 1700 1756 1767 1996 2292 2349 2450 2472 2539 2693 
Group02_32.txt
142 583 687 1156 1240 1265 1342 2452 2611 2726 
Group02_33.txt
94 170 425 470 554 635 757 1022 1082 1193 1395 1674 2406 2717 3334 3349 3449 
Group02_34.txt
65 75 712 954 1160 1198 1282 1348 1386 
Group02_35.txt
54 85 153 159 266 567 650 765 827 
Group02_36.txt
52 136 191 212 228 387 395 398 418 568 582 632 722 754 780 828 1286 1296 1328 1498 1522 1580 1607 1630 1668 1672 1684 1713 1803 1819 1826 1834 1841 
Group02_37.txt
96 505 706 808 858 879 
Group02_38.txt
5 22 39 444 508 601 610 926 936 987 1009 1278 1402 1595 1914 2377 2412 2500 2565 2856 2954 3064 3180 3431 
Group02_39.txt
294 655 782 861 1228 1474 
Group02_40.txt
144 185 394 446 725 734 809 921 974 1009 1032 1093 1152 1205 1322 1641 1718 1741 1992 2056 2164 2193 2219 2246 2264 2273 
Group02_41.txt
67 254 771 1284 1341 1505 1524 1551 1598 1623 
Group02_42.txt
104 348 
Group02_43.txt
34 39 207 394 507 553 628 763 787 1591 1632 
Group02_44.txt
22 49 175 306 360 771 784 792 1019 1049 1295 1480 1522 1603 1643 
Group02_45.txt
529 953 1197 1356 1794 
Group02_46.txt
25 188 238 253 426 619 656 753 920 1023 1072 1124 1160 1201 1389 1398 1591 1624 1693 1709 1731 1806 1872 2065 2133 2192 2246 2332 2402 2443 2536 2582 
Group02_47.txt
173 199 224 241 272 298 319 333 433 538 610 750 788 808 884 1039 1110 1169 1194 1221 1280 1325 
Group02_48.txt
88 204 860 1010 1555 1583 1596 1736 1932 1985 2352 2440 2703 
Group02_49.txt
291 374 389 602 796 929 994 1146 2383 2451 2919 2929 3005 3088 3127 3386 3411 3864 4179 
Group02_50.txt
32 73 253 574 1213 1278 1303 1750 2052 2066 
Group03_01.txt
133 
Group03_02.txt
277 478 594 794 814 
Group03_03.txt
878 961 
Group03_04.txt
106 1153 1987 2156 
Group03_05.txt
916 
Group03_06.txt
215 502 522 674 757 878 1007 1171 1250 1310 1413 1506 1677 1895 
Group03_08.txt
577 655 
Group03_09.txt
34 195 761 874 884 
Group03_10.txt
118 931 
Group03_11.txt
317 557 566 797 
Group03_12.txt
696 
Group03_13.txt
365 620 857 
Group03_14.txt
994 1022 1144 1158 1200 1219 
Group03_16.txt
145 175 
Group03_17.txt
498 769 
Group03_18.txt
861 
Group03_19.txt
60 824 
Group03_20.txt
168 793 
Group03_22.txt
832 1156 
Group03_23.txt
629 675 767 
Group03_24.txt
1704 
Group03_25.txt
795 
Group03_26.txt
1036 1631 
Group03_27.txt
153 242 1015 1021 1027 
Group03_29.txt
84 1096 1460 1573 1913 
Group03_30.txt
738 1115 1144 1407 
Group03_31.txt
792 1192 
Group03_32.txt
639 1504 
Group03_33.txt
536 714 755 1200 1331 1463 1477 
Group03_34.txt
186 357 367 558 716 978 1230 1472 1672 1881 2157 2439 2555 
Group03_35.txt
560 749 804 834 
Group03_36.txt
171 1349 
Group03_37.txt
468 1211 1325 2339 
Group03_38.txt
284 
Group03_39.txt
622 
Group03_40.txt
515 693 734 
Group03_41.txt
182 199 
Group03_42.txt
65 1093 1478 1594 
Group03_44.txt
394 435 1042 1076 1111 1205 1356 1378 1529 
Group03_45.txt
435 
Group03_47.txt
794 861 
Group03_48.txt
275 396 600 689 
Group03_49.txt
283 301 367 440 801 823 879 
Group03_50.txt
88 102 107 117 732 
Group04_02.txt
514 
Group04_03.txt
175 
Group04_05.txt
108 142 354 
Group04_07.txt
209 
Group04_08.txt
636 
Group04_09.txt
116 125 
Group04_10.txt
693 699 754 
Group04_13.txt
163 919 1041 1100 
Group04_14.txt
46 302 
Group04_15.txt
121 181 455 
Group04_16.txt
209 222 235 428 
Group04_17.txt
157 587 601 828 831 1125 
Group04_18.txt
375 
Group04_19.txt
9 52 74 453 
Group04_20.txt
55 91 387 508 
Group04_23.txt
307 572 
Group04_26.txt
301 777 794 
Group04_27.txt
634 760 773 
Group04_28.txt
366 512 
Group04_29.txt
387 
Group04_30.txt
411 
Group04_32.txt
277 334 352 658 740 773 
Group04_33.txt
453 
Group04_34.txt
532 923 
Group04_36.txt
64 115 694 700 
Group04_38.txt
63 225 250 270 296 361 434 
Group04_39.txt
71 102 337 387 435 565 592 647 666 693 707 712 715 723 826 900 
Group04_40.txt
73 102 182 211 262 312 467 491 527 
Group04_41.txt
34 46 102 167 191 208 274 290 474 485 569 634 652 684 742 773 796 874 897 928 1052 1118 
Group04_42.txt
31 205 
Group04_43.txt
224 777 
Group04_45.txt
49 500 524 
Group04_46.txt
278 772 902 938 1045 1164 
Group04_47.txt
340 359 
Group04_48.txt
487 
Group04_49.txt
146 162 186 220 248 282 308 320 380 399 427 
Group04_50.txt
721 
Group05_02.txt
54 155 941 
Group05_04.txt
581 
Group05_06.txt
650 769 912 919 
Group05_09.txt
279 283 753 953 
Group05_10.txt
356 539 636 
Group05_16.txt
240 309 
Group05_17.txt
200 229 375 
Group05_18.txt
586 
Group05_19.txt
776 
Group05_20.txt
96 125 186 599 
Group05_22.txt
304 345 
Group05_23.txt
444 1005 1021 1191 1203 1343 
Group05_24.txt
259 403 
Group05_25.txt
611 756 
Group05_26.txt
74 557 
Group05_27.txt
315 826 
Group05_28.txt
45 102 334 475 
Group05_29.txt
190 
Group05_30.txt
655 746 
Group05_32.txt
56 270 460 585 
Group05_34.txt
257 
Group05_35.txt
81 354 385 
Group05_39.txt
260 266 
Group05_43.txt
240 553 
Group05_44.txt
205 686 
Group05_45.txt
399 472 657 790 1066 1249 
Group05_46.txt
22 74 636 
Group05_49.txt
297 
Group06_02.txt
495 533 682 
Group06_03.txt
704 
Group06_05.txt
119 164 293 299 370 379 453 478 639 646 
Group06_06.txt
176 766 
Group06_08.txt
3 419 524 
Group06_10.txt
31 78 113 738 762 
Group06_11.txt
71 116 171 184 479 735 769 
Group06_12.txt
2 12 20 38 52 332 399 433 
Group06_13.txt
161 259 488 650 
Group06_15.txt
659 693 
Group06_16.txt
274 799 882 
Group06_17.txt
347 364 834 
Group06_19.txt
4 175 190 216 
Group06_20.txt
388 412 429 582 594 704 717 728 
Group06_23.txt
818 
Group06_24.txt
318 
Group06_25.txt
677 
Group06_26.txt
127 
Group06_27.txt
5 42 167 390 526 
Group06_28.txt
564 
Group06_29.txt
2 167 
Group06_30.txt
210 321 361 435 520 
Group06_31.txt
347 364 834 
Group06_32.txt
254 261 
Group06_33.txt
20 114 
Group06_34.txt
341 392 437 
Group06_35.txt
11 168 315 322 
Group06_36.txt
76 
Group06_37.txt
23 389 
Group06_38.txt
375 418 473 604 701 
Group06_40.txt
340 441 
Group06_41.txt
102 196 208 330 352 357 
Group06_42.txt
499 
Group06_43.txt
55 596 686 712 
Group06_44.txt
229 247 326 462 582 661 828 
Group06_45.txt
2 202 271 625 
Group06_46.txt
148 
Group06_47.txt
53 100 229 
Group06_48.txt
180 424 
Group06_49.txt
2 284 490 
Group06_50.txt
334 428 478 
Group07_01.txt
190 232 462 
Group07_03.txt
179 
Group07_04.txt
115 375 491 
Group07_05.txt
405 482 776 920 
Group07_06.txt
33 
Group07_07.txt
59 324 675 1341 
Group07_09.txt
556 674 
Group07_10.txt
50 294 372 
Group07_11.txt
283 
Group07_14.txt
428 
Group07_15.txt
76 246 252 
Group07_16.txt
528 
Group07_17.txt
139 469 
Group07_21.txt
151 254 455 
Group07_23.txt
209 
Group07_24.txt
334 489 662 1506 1697 1739 
Group07_25.txt
61 87 203 214 
Group07_26.txt
271 278 430 515 
Group07_30.txt
550 971 
Group07_31.txt
316 605 1076 1650 
Group07_33.txt
191 
Group07_34.txt
416 
Group07_36.txt
316 1186 1211 
Group07_38.txt
956 1227 1585 
Group07_43.txt
173 
Group07_44.txt
441 697 708 
Group07_46.txt
69 
Group07_48.txt
980 
Group07_49.txt
204 214 318 607 639 787 885 1064 1072 1134 1212 1298 1543 1578 1636 1655 1743 1787 1806 2573 
Group07_50.txt
247 
Group08_06.txt
359 
Group08_08.txt
114 175 
Group08_09.txt
779 
Group08_11.txt
498 
Group08_12.txt
226 
Group08_16.txt
2 105 136 1597 1777 
Group08_17.txt
1178 
Group08_18.txt
459 
Group08_21.txt
626 
Group08_24.txt
1040 1065 
Group08_25.txt
441 455 717 727 1162 1307 
Group08_27.txt
92 
Group08_29.txt
860 1344 1508 
Group08_30.txt
70 79 448 467 638 1517 
Group08_31.txt
659 
Group08_35.txt
167 
Group08_40.txt
471 
Group08_41.txt
205 
Group08_44.txt
158 
Group08_45.txt
16 
Group08_48.txt
218 334 
Group08_50.txt
442 
Group09_02.txt
230 332 
Group09_03.txt
159 
Group09_04.txt
3 226 
Group09_05.txt
863 
Group09_06.txt
294 
Group09_07.txt
38 845 862 883 904 962 
Group09_10.txt
638 
Group09_14.txt
719 
Group09_15.txt
25 
Group09_16.txt
271 499 
Group09_18.txt
223 
Group09_21.txt
274 390 748 
Group09_22.txt
49 314 
Group09_23.txt
37 136 532 
Group09_26.txt
394 406 522 1089 1130 
Group09_27.txt
158 326 
Group09_28.txt
170 481 546 
Group09_31.txt
176 
Group09_32.txt
361 
Group09_34.txt
262 487 530 
Group09_35.txt
760 
Group09_37.txt
870 1280 
Group09_39.txt
494 
Group09_40.txt
325 460 576 
Group09_42.txt
170 247 300 327 
Group09_43.txt
258 
Group09_44.txt
261 
Group09_45.txt
710 735 751 774 785 
Group09_46.txt
22 462 598 
Group09_48.txt
558 
Group09_50.txt
300 523 544 
Group10_02.txt
347 
Group10_03.txt
407 646 724 924 
Group10_04.txt
597 
Group10_05.txt
114 140 146 198 350 753 
Group10_06.txt
279 285 660 
Group10_08.txt
137 393 482 535 
Group10_09.txt
33 132 211 448 546 679 1001 
Group10_10.txt
538 821 841 
Group10_12.txt
589 600 654 662 683 
Group10_14.txt
211 233 
Group10_15.txt
144 
Group10_17.txt
121 226 312 462 682 862 
Group10_18.txt
218 746 789 
Group10_19.txt
125 211 
Group10_20.txt
636 
Group10_21.txt
150 154 233 261 
Group10_22.txt
772 
Group10_24.txt
115 408 521 568 752 996 1206 
Group10_25.txt
366 705 1005 1031 1236 
Group10_26.txt
347 
Group10_27.txt
375 392 661 822 837 961 
Group10_28.txt
796 1072 
Group10_29.txt
863 
Group10_30.txt
69 111 
Group10_31.txt
92 394 403 429 436 448 532 
Group10_32.txt
303 
Group10_33.txt
278 389 399 
Group10_34.txt
280 298 
Group10_35.txt
165 354 575 653 674 1129 1144 1279 1312 1353 1453 1593 1601 1629 1644 
Group10_36.txt
150 244 600 738 
Group10_37.txt
546 
Group10_38.txt
361 380 434 478 538 921 1173 1226 
Group10_39.txt
346 
Group10_41.txt
563 579 
Group10_42.txt
702 
Group10_45.txt
30 88 161 222 293 637 653 
Group10_46.txt
566 
Group10_47.txt
364 
Group10_49.txt
511 517 
Group11-02.txt
952 
Group11-03.txt
720 
Group11-05.txt
813 
Group11-06.txt
351 
Group11-09.txt
450 
Group11-10.txt
548 
Group11-12.txt
28 
Group11-13.txt
132 541 560 
Group11-14.txt
370 454 
Group11-15.txt
593 1080 1544 
Group11-16.txt
1640 2105 2446 2830 2957 3229 
Group11-17.txt
711 
Group11-20.txt
696 
Group11-21.txt
840 
Group11-22.txt
714 
Group11-23.txt
728 
Group11-24.txt
899 1971 2362 
Group11-26.txt
261 
Group11-28.txt
935 938 
Group11-29.txt
504 722 725 
Group11-30.txt
598 601 
Group11-31.txt
335 598 
Group11-32.txt
771 774 
Group11-33.txt
1002 
Group11-34.txt
193 
Group11-35.txt
177 
Group11-37.txt
621 
Group11-38.txt
733 
Group11-39.txt
26 85 269 371 405 419 440 607 
Group11-40.txt
294 615 
Group11-41.txt
220 
Group11-43.txt
4 284 293 
Group11-44.txt
9 538 649 749 808 815 
Group11-45.txt
39 117 991 
Group11-46.txt
29 486 1450 1491 1538 
Group11-47.txt
393 
Group11-48.txt
742 782 
Group11-50.txt
99 121 887 
Group12_01.txt
602 750 
Group12_02.txt
635 641 718 827 866 871 939 944 1650 1664 1862 2011 2043 2091 
Group12_03.txt
568 927 1120 1215 1337 1401 
Group12_06.txt
532 
Group12_09.txt
864 880 893 898 916 949 
Group12_10.txt
313 
Group12_13.txt
460 1267 
Group12_17.txt
48 130 153 232 
Group12_19.txt
1102 1270 1300 
Group12_20.txt
113 229 304 
Group12_21.txt
406 
Group12_26.txt
859 
Group12_27.txt
480 
Group12_28.txt
17 38 587 
Group12_30.txt
349 
Group12_33.txt
45 168 
Group12_34.txt
291 
Group12_35.txt
682 
Group12_37.txt
16 
Group12_39.txt
6 152 
Group12_40.txt
310 564 630 
Group12_41.txt
231 406 
Group12_42.txt
1198 
Group12_43.txt
473 
Group12_44.txt
114 
Group12_45.txt
407 422 484 497 
Group12_49.txt
410 1011 1127 1171 1234 1791 2576 2607 2741 
Group13_04.txt
37 253 497 
Group13_05.txt
1013 1088 1848 2009 2099 
Group13_06.txt
292 1532 1539 2084 2106 2193 2785 
Group13_07.txt
163 364 381 398 548 
Group13_08.txt
397 
Group13_09.txt
166 169 177 233 313 452 603 634 873 916 994 1005 1054 1152 1191 1208 1249 1368 1428 1454 1466 1509 1610 1617 1630 1693 
Group13_11.txt
45 
Group13_12.txt
661 
Group13_13.txt
158 193 
Group13_14.txt
329 
Group13_18.txt
151 162 
Group13_19.txt
194 
Group13_20.txt
387 404 515 536 545 566 623 
Group13_21.txt
1936 1957 2014 
Group13_22.txt
435 521 1134 1695 2865 3370 3538 6388 6393 6525 6887 7334 8837 10033 13679 13774 13835 14161 15114 15880 16033 16464 16506 
Group13_23.txt
834 994 2755 
Group13_24.txt
484 1572 2900 2983 2996 3472 3572 3683 3805 4163 5165 
Group13_25.txt
325 696 
Group13_26.txt
427 777 1081 1418 1590 3600 6924 7044 7777 7852 8446 
Group13_27.txt
236 1369 1641 1664 1680 1816 
Group13_28.txt
720 902 948 963 1926 2495 2920 
Group13_29.txt
96 812 1520 3544 4213 4243 
Group13_30.txt
415 495 700 708 1197 1277 1293 1300 1312 1352 1390 1579 2214 3129 3583 3653 3881 
Group13_32.txt
707 1192 
Group13_33.txt
730 1496 1927 2007 2209 
Group13_35.txt
317 563 573 824 833 882 1502 
Group13_36.txt
455 1440 
Group13_38.txt
349 543 
Group13_39.txt
15 386 422 1411 1527 
Group13_40.txt
479 963 1003 1044 
Group13_41.txt
1657 
Group13_42.txt
1120 1306 
Group13_43.txt
895 1118 1393 1465 1531 
Group13_44.txt
641 995 1568 1769 2233 2641 2870 2921 2981 3367 3592 3714 3735 
Group13_45.txt
108 860 1277 1636 
Group13_46.txt
531 1735 1803 1847 1977 2149 
Group13_47.txt
922 
Group13_48.txt
215 240 362 376 608 970 1089 1319 
Group13_49.txt
554 
Group13_50.txt
352 
Group14_01.txt
233 353 
Group14_04.txt
203 
Group14_05.txt
351 
Group14_06.txt
530 
Group14_09.txt
165 253 
Group14_10.txt
340 
Group14_12.txt
433 
Group14_13.txt
117 147 450 
Group14_15.txt
51 
Group14_18.txt
10 
Group14_19.txt
281 789 
Group14_20.txt
682 688 
Group14_22.txt
215 
Group14_23.txt
392 
Group14_24.txt
550 
Group14_26.txt
905 
Group14_28.txt
658 
Group14_29.txt
462 
Group14_30.txt
4 951 
Group14_32.txt
377 551 808 1061 1096 
Group14_33.txt
140 
Group14_34.txt
302 407 464 482 517 720 
Group14_35.txt
595 846 871 1082 1174 1216 1234 1241 1297 1350 1493 1558 
Group14_36.txt
219 
Group14_37.txt
217 646 
Group14_38.txt
196 290 612 
Group14_39.txt
707 806 
Group14_40.txt
213 463 
Group14_41.txt
227 678 875 
Group14_42.txt
391 417 553 562 592 673 725 823 
Group14_43.txt
165 
Group14_44.txt
268 278 306 356 371 407 844 867 971 
Group14_45.txt
163 172 438 
Group14_46.txt
654 800 
Group14_47.txt
131 244 344 445 466 487 636 676 
Group14_48.txt
62 324 387 464 474 537 636 724 
Group14_49.txt
235 585 621 
Group14_50.txt
352 472 
