Group01_48.txt
404 
Group02_06.txt
286 
Group02_14.txt
507 520 
Group03_13.txt
367 997 
Group04_21.txt
54 
Group04_26.txt
267 
Group04_30.txt
390 
Group04_31.txt
658 
Group04_32.txt
706 
Group04_33.txt
1 20 38 44 198 212 224 268 281 308 390 504 621 647 673 679 686 693 696 715 
Group04_36.txt
121 719 
Group04_48.txt
168 231 
Group06_06.txt
159 
Group06_07.txt
0 21 44 113 123 175 248 290 339 374 432 449 475 594 609 630 
Group06_32.txt
228 241 269 
Group06_37.txt
6 411 459 467 526 
Group07_30.txt
533 
Group10_44.txt
4 19 88 131 135 263 331 343 398 444 472 568 764 777 803 823 
Group11-06.txt
105 312 
Group12_28.txt
130 214 240 264 294 
Group13_11.txt
187 448 
Group13_22.txt
6426 6429 
Group13_26.txt
1376 
Group13_30.txt
3010 
Group13_44.txt
1529 
Group13_49.txt
692 1520 2200 
