Group01_33.txt
610 
Group01_35.txt
274 
Group01_40.txt
553 
Group02_04.txt
546 
Group02_12.txt
166 238 342 
Group02_20.txt
3338 
Group02_27.txt
112 
Group02_49.txt
190 359 494 506 522 584 593 2207 2214 2224 2538 2611 2649 2698 2714 2736 2847 2871 2881 2893 3037 3067 3124 3142 3153 3197 3211 3277 3371 3392 3487 3526 3682 3880 3901 3977 4003 4075 4104 4136 4141 4149 4228 
Group03_31.txt
507 518 
Group04_41.txt
480 
Group05_30.txt
635 859 
Group06_10.txt
15 550 587 
Group06_30.txt
131 
Group06_44.txt
255 
Group07_20.txt
490 
Group10_01.txt
490 
Group10_36.txt
36 259 392 545 
Group11-02.txt
733 
Group11-11.txt
188 195 398 
Group11-45.txt
1188 
Group12_37.txt
516 
Group13_03.txt
438 
Group13_29.txt
1874 
