Group01_01.txt
509 
Group01_09.txt
283 
Group01_11.txt
534 
Group01_19.txt
24 
Group01_21.txt
224 
Group01_36.txt
306 
Group01_38.txt
222 
Group02_11.txt
33 
Group02_12.txt
562 
Group02_18.txt
1849 2056 2091 2135 
Group02_19.txt
459 829 899 954 956 959 1055 1394 1787 
Group02_20.txt
87 112 294 669 1324 1491 3222 3282 
Group02_22.txt
568 685 756 769 2496 2503 2549 2569 2598 2761 3519 3655 
Group02_25.txt
442 
Group02_26.txt
225 255 394 
Group02_30.txt
1801 3125 3132 4113 4336 4361 
Group02_31.txt
1322 
Group02_32.txt
243 861 
Group02_33.txt
1443 1682 2015 2865 2873 3359 3373 
Group02_35.txt
276 
Group02_37.txt
1193 1266 
Group02_38.txt
1681 3052 3099 
Group02_39.txt
240 349 1419 
Group02_41.txt
692 
Group02_44.txt
355 1043 1099 1456 1464 1492 1510 
Group02_45.txt
761 857 958 
Group02_46.txt
203 2270 
Group02_48.txt
94 877 1924 
Group02_49.txt
3728 3948 
Group03_02.txt
69 148 
Group03_05.txt
905 
Group03_06.txt
1631 
Group03_07.txt
2005 
Group03_11.txt
165 
Group03_48.txt
302 699 
Group03_50.txt
1241 
Group04_10.txt
433 1058 
Group04_41.txt
339 
Group04_50.txt
604 629 
Group05_05.txt
143 
Group05_09.txt
923 
Group05_15.txt
267 296 
Group05_20.txt
132 
Group05_21.txt
163 341 381 401 432 481 570 595 714 
Group05_41.txt
441 
Group05_45.txt
957 
Group05_50.txt
300 329 
Group06_30.txt
507 510 
Group06_43.txt
161 
Group06_45.txt
274 623 
Group06_47.txt
577 
Group08_25.txt
536 867 
Group08_29.txt
784 794 
Group08_41.txt
70 
Group09_14.txt
786 
Group09_27.txt
141 
Group10_27.txt
764 
Group10_30.txt
358 380 
Group10_42.txt
458 
Group11-01.txt
418 
Group11-03.txt
253 
Group11-05.txt
2140 
Group11-29.txt
336 
Group11-33.txt
988 
Group12_13.txt
1863 
Group12_26.txt
733 
Group12_49.txt
468 2260 2273 2422 2613 
Group13_08.txt
3 26 72 1022 1120 1126 1142 1151 1237 
Group13_10.txt
635 
Group13_22.txt
1675 1985 4137 10219 11412 11473 13949 
Group13_24.txt
2547 
Group13_26.txt
173 197 793 1105 1149 1166 1606 1764 1884 1900 1911 2187 3723 4042 4118 4142 4325 4356 4376 4479 4490 4590 6881 7301 7623 7639 7667 7699 7711 7728 7741 7770 7839 7886 7917 7942 7952 8381 8428 9080 
Group13_27.txt
462 498 583 643 738 
Group13_28.txt
558 733 756 1175 1398 1724 2322 2342 2373 2414 2822 2915 2924 2942 
Group13_29.txt
2825 
Group13_30.txt
3245 3311 3378 3390 
Group13_36.txt
485 
Group13_42.txt
241 536 549 634 811 1109 
Group13_44.txt
1795 
Group14_23.txt
374 
Group14_35.txt
1325 
Group14_48.txt
671 
