Group01_03.txt
682 
Group01_08.txt
808 
Group01_14.txt
207 
Group01_15.txt
396 
Group01_18.txt
81 
Group01_26.txt
341 
Group01_30.txt
132 
Group01_36.txt
380 
Group02_02.txt
498 
Group02_13.txt
574 
Group02_14.txt
321 
Group02_17.txt
747 
Group02_18.txt
1186 1221 1461 1471 1488 1517 1543 1551 1814 2118 2308 
Group02_19.txt
418 927 1013 1026 1379 1384 1435 
Group02_20.txt
964 3783 
Group02_21.txt
1922 
Group02_22.txt
101 303 723 1346 2457 2578 2592 2634 2915 3252 
Group02_24.txt
113 172 585 898 927 993 
Group02_25.txt
352 819 1208 
Group02_26.txt
21 370 515 657 
Group02_27.txt
1639 
Group02_28.txt
478 1090 1194 
Group02_29.txt
968 
Group02_30.txt
320 456 814 975 991 1038 1249 1352 2625 3003 3083 3477 3513 3528 4375 
Group02_31.txt
948 2936 
Group02_32.txt
339 574 650 684 938 1126 1214 1260 1738 2103 2319 
Group02_33.txt
49 504 942 1588 1963 2197 2428 3005 3031 3081 3127 3202 3269 
Group02_34.txt
1343 
Group02_35.txt
247 258 283 
Group02_36.txt
610 720 902 1146 1563 
Group02_37.txt
1313 
Group02_38.txt
86 1037 1463 2030 2252 2388 3001 3081 
Group02_39.txt
135 1163 
Group02_40.txt
218 562 576 1907 
Group02_41.txt
1455 1473 
Group02_43.txt
328 337 418 439 462 1180 1258 
Group02_44.txt
300 767 
Group02_45.txt
830 
Group02_46.txt
548 739 1489 1512 1946 
Group02_48.txt
113 639 917 1194 1950 2066 2115 2262 2766 2960 
Group02_49.txt
992 1016 1078 1635 2085 2103 2371 2646 3451 4029 
Group02_50.txt
1065 1127 1163 1655 1895 
Group03_01.txt
398 
Group03_02.txt
310 317 336 
Group03_04.txt
236 247 1374 
Group03_05.txt
839 891 
Group03_06.txt
356 1686 
Group03_24.txt
1809 
Group03_30.txt
899 
Group03_31.txt
208 1287 1789 
Group03_33.txt
1229 1371 
Group03_34.txt
1897 
Group03_35.txt
1191 1328 
Group03_36.txt
1456 
Group03_38.txt
610 649 720 745 
Group03_44.txt
313 
Group04_07.txt
346 386 523 
Group04_08.txt
340 672 
Group04_10.txt
386 412 429 506 569 646 711 741 807 827 905 913 930 938 1006 1047 1077 1118 
Group04_18.txt
44 139 
Group04_20.txt
504 
Group04_26.txt
181 
Group04_41.txt
323 329 463 
Group05_04.txt
98 124 195 
Group05_05.txt
311 453 484 
Group05_14.txt
348 604 
Group05_17.txt
611 
Group05_19.txt
180 
Group05_21.txt
606 818 
Group05_22.txt
495 
Group05_25.txt
153 245 479 
Group05_26.txt
5 569 
Group05_32.txt
743 
Group05_42.txt
248 
Group05_45.txt
414 
Group05_49.txt
602 755 
Group06_01.txt
353 
Group06_05.txt
100 
Group06_15.txt
427 
Group06_17.txt
386 885 
Group06_22.txt
546 
Group06_23.txt
224 
Group06_29.txt
506 
Group06_30.txt
86 
Group06_31.txt
386 885 
Group07_02.txt
96 
Group07_36.txt
140 1400 
Group07_38.txt
810 
Group07_44.txt
452 
Group07_47.txt
134 
Group07_49.txt
2443 
Group08_02.txt
521 
Group08_06.txt
315 
Group08_22.txt
540 
Group08_24.txt
172 
Group08_26.txt
150 
Group08_41.txt
77 220 317 
Group08_42.txt
203 296 
Group09_09.txt
498 
Group09_14.txt
488 
Group09_17.txt
715 
Group09_20.txt
461 
Group09_37.txt
1176 
Group09_41.txt
132 534 
Group09_42.txt
596 
Group10_10.txt
513 
Group10_15.txt
533 
Group10_24.txt
1027 
Group10_27.txt
850 
Group10_29.txt
251 
Group10_39.txt
754 
Group10_50.txt
229 
Group11-01.txt
643 
Group11-16.txt
1144 1211 3276 
Group11-17.txt
106 
Group11-30.txt
272 387 459 477 
Group11-31.txt
359 407 
Group11-33.txt
708 776 861 
Group12_02.txt
1487 
Group12_06.txt
1042 
Group12_13.txt
381 1937 
Group12_16.txt
533 
Group12_19.txt
1196 
Group12_21.txt
719 
Group12_31.txt
517 
Group12_33.txt
442 474 
Group12_46.txt
687 
Group12_49.txt
87 190 429 592 614 867 1061 1312 1402 1467 1975 2292 2328 2660 
Group13_02.txt
215 
Group13_08.txt
233 390 517 564 809 1040 1077 1087 1243 1250 
Group13_09.txt
143 
Group13_21.txt
1170 
Group13_22.txt
59 304 602 1237 1600 2083 2169 4038 8142 8801 13521 13548 13735 13944 15490 16543 
Group13_25.txt
2163 
Group13_26.txt
426 989 1498 1946 2085 3356 3398 3465 3682 3728 3847 3970 4175 4274 4855 5789 5797 5891 5963 5983 6014 6046 6065 6148 6303 6333 6420 6431 6917 6948 7151 7783 7868 8999 9014 9376 9402 9604 9695 10116 10315 
Group13_27.txt
533 1205 2236 2284 
Group13_28.txt
363 407 503 524 738 777 832 1288 1491 1507 1541 1563 1632 1962 1987 2063 2160 2216 2234 2244 2390 2592 2621 2715 2755 2951 2973 
Group13_29.txt
991 3461 3522 4672 4797 
Group13_30.txt
309 608 672 1073 2790 2805 3510 
Group13_33.txt
2152 
Group13_36.txt
1474 
Group13_38.txt
321 1070 
Group13_40.txt
361 
Group13_42.txt
144 
Group13_44.txt
2085 
Group13_48.txt
625 1050 
Group13_49.txt
1791 
Group14_05.txt
102 
Group14_09.txt
258 
Group14_31.txt
96 553 
