Group01_23.txt
157 
Group01_25.txt
0 34 44 72 109 131 152 165 186 193 205 208 256 257 271 320 360 366 418 452 470 482 508 530 555 572 606 664 672 706 732 803 833 849 881 936 947 961 967 977 1029 1042 1085 1087 1127 1134 
Group02_07.txt
696 
Group03_28.txt
348 
Group03_30.txt
1602 
Group04_41.txt
364 
Group04_43.txt
10 45 167 249 363 508 549 584 790 
Group05_09.txt
804 
Group05_14.txt
669 
Group05_22.txt
127 283 364 
Group05_25.txt
732 869 
Group05_33.txt
57 
Group05_49.txt
57 681 781 
Group07_09.txt
463 
Group08_15.txt
4 695 
Group10_08.txt
336 
Group10_11.txt
1200 
Group10_13.txt
344 
Group10_17.txt
192 256 274 934 
Group10_20.txt
454 
Group10_21.txt
612 
Group10_22.txt
687 
Group10_24.txt
867 955 
Group10_32.txt
740 
Group10_48.txt
604 
Group11-38.txt
778 
Group11-40.txt
209 
Group12_26.txt
783 
Group12_50.txt
547 
Group13_12.txt
608 
Group13_22.txt
2400 5095 11809 12625 
Group13_25.txt
582 
Group13_26.txt
8567 
Group13_29.txt
32 143 202 529 550 724 873 954 1218 1245 1260 1438 1639 2924 2972 2983 3169 3485 3734 3834 3854 3976 4070 4135 4296 4472 4538 4626 5304 5453 
Group14_37.txt
235 
