Group02_11.txt
353 
Group02_12.txt
1 20 45 104 119 126 143 145 163 183 191 211 232 328 439 466 477 521 667 688 703 710 806 917 962 967 1042 1082 
Group02_14.txt
499 508 516 521 526 540 551 
Group02_20.txt
615 1124 1127 1269 1273 1279 1917 1944 3512 
Group02_31.txt
1622 1752 2759 
Group03_02.txt
455 
Group03_03.txt
691 748 
Group03_34.txt
1489 
Group06_06.txt
24 231 441 704 779 
Group06_07.txt
1 22 41 60 124 157 173 176 249 340 375 380 433 453 595 610 619 
Group06_25.txt
172 190 518 
Group06_36.txt
23 69 225 
Group06_37.txt
30 35 56 62 87 100 103 115 353 367 412 425 460 468 
Group07_01.txt
776 
Group07_24.txt
1317 
Group09_23.txt
464 
Group10_27.txt
249 270 588 813 
Group10_29.txt
184 253 841 
Group10_31.txt
228 
Group10_33.txt
345 
Group12_39.txt
300 582 
Group13_24.txt
3678 4917 5283 
Group13_27.txt
1093 1195 1249 3179 
