Group02_10.txt
789 
Group02_12.txt
171 219 243 506 610 613 873 
Group02_14.txt
544 668 
Group02_20.txt
1062 1074 1876 1890 
Group02_31.txt
1648 1704 1738 1761 1809 2276 2298 2316 2322 2331 2341 2356 2374 2413 2480 2484 2494 
Group02_44.txt
892 
Group03_03.txt
681 
Group03_29.txt
1218 1445 1503 
Group03_42.txt
1236 1463 1521 
Group04_30.txt
194 458 
Group06_05.txt
15 
Group06_06.txt
10 51 53 140 731 771 
Group06_07.txt
199 
Group06_11.txt
180 
Group06_25.txt
235 472 532 
Group06_36.txt
94 
Group06_37.txt
158 338 
Group06_44.txt
227 
Group07_02.txt
211 
Group07_05.txt
338 393 
Group08_25.txt
128 
Group10_17.txt
903 976 994 
Group10_27.txt
217 221 308 915 958 
Group10_29.txt
49 100 924 
Group10_41.txt
266 
Group11-06.txt
313 
Group13_21.txt
773 
Group13_24.txt
3786 4987 
Group13_27.txt
1073 2487 
Group13_48.txt
2175 
