Group02_22.txt
3198 
Group02_34.txt
398 432 437 441 448 517 534 548 611 
Group02_44.txt
466 618 
Group02_48.txt
298 300 547 549 947 949 1057 1059 1695 1715 1919 1928 1965 2020 2045 2133 2143 2386 2395 2426 2523 2585 
Group03_04.txt
2275 
Group03_13.txt
1252 
Group03_14.txt
643 
Group03_16.txt
551 578 587 
Group03_20.txt
605 
Group03_21.txt
795 1322 1800 1910 2016 
Group03_22.txt
163 711 
Group03_25.txt
673 
Group03_26.txt
8 217 247 407 437 1274 1310 1439 
Group03_27.txt
491 1577 1815 
Group04_21.txt
231 
Group04_23.txt
567 
Group05_12.txt
136 
Group05_45.txt
1155 
Group07_10.txt
379 427 640 
Group07_12.txt
609 
Group07_13.txt
651 
Group07_16.txt
758 
Group07_22.txt
36 
Group07_33.txt
661 
Group07_36.txt
935 
Group07_38.txt
1403 1532 1736 
Group10_13.txt
70 
Group10_28.txt
26 
Group10_34.txt
341 374 
Group10_43.txt
1097 
Group10_50.txt
67 
Group12_41.txt
671 762 
Group12_47.txt
108 160 
Group12_48.txt
53 408 463 
Group13_10.txt
575 
Group13_21.txt
1024 
Group13_23.txt
1983 2284 3004 
Group13_38.txt
186 285 
Group13_40.txt
458 
Group13_41.txt
702 732 750 799 844 1150 1156 1175 1579 
Group13_43.txt
796 943 1845 
Group13_45.txt
1024 
Group13_47.txt
1016 
Group13_48.txt
273 1691 1872 
Group13_49.txt
623 681 
Group14_34.txt
122 246 624 
Group14_35.txt
318 
Group14_40.txt
115 
Group14_44.txt
741 
Group14_48.txt
244 
Group14_49.txt
686 
