Group02_19.txt
805 1721 1725 
Group02_20.txt
783 
Group02_34.txt
428 472 525 558 574 593 1380 
Group02_44.txt
238 262 
Group03_21.txt
718 1550 
Group03_22.txt
20 424 
Group03_25.txt
170 
Group03_27.txt
769 1860 
Group04_23.txt
525 
Group04_24.txt
513 523 
Group05_12.txt
52 
Group07_12.txt
648 
Group07_18.txt
1157 
Group07_20.txt
111 128 302 
Group07_33.txt
298 
Group07_38.txt
551 1669 1962 
Group13_22.txt
15411 15441 
Group13_23.txt
32 978 2064 
Group13_36.txt
1226 1239 1256 1275 
Group13_40.txt
328 
Group13_41.txt
940 1429 
Group13_43.txt
10 65 398 1085 
Group13_45.txt
382 703 802 1316 
Group13_47.txt
1036 1524 
Group13_48.txt
254 1787 
Group13_49.txt
599 644 1297 1337 1390 1667 
Group14_34.txt
284 351 499 648 
Group14_35.txt
291 517 562 587 1663 
Group14_38.txt
821 
Group14_39.txt
79 216 328 975 
Group14_40.txt
199 
Group14_43.txt
423 
Group14_44.txt
919 
