Group02_03.txt
937 
Group02_10.txt
7 10 72 89 235 364 387 419 436 450 533 581 591 608 784 981 1104 
Group02_13.txt
796 
Group02_20.txt
3985 
Group03_06.txt
581 1270 2233 
Group03_50.txt
1422 
Group04_17.txt
81 146 169 
Group06_14.txt
140 333 
Group06_36.txt
247 
Group06_37.txt
130 252 261 476 
Group06_38.txt
31 62 165 328 614 655 
Group06_41.txt
226 
Group08_07.txt
6 98 126 180 257 309 335 366 
Group08_13.txt
6 55 131 203 244 294 425 504 544 582 820 848 866 897 1038 
Group08_42.txt
282 
Group09_10.txt
253 628 
Group09_17.txt
292 
Group09_21.txt
962 
Group09_26.txt
333 
Group09_37.txt
759 
Group09_47.txt
141 515 
Group10_29.txt
256 974 
Group10_31.txt
521 
Group10_36.txt
234 277 
Group10_44.txt
297 
Group11-06.txt
5 48 174 230 306 
Group13_22.txt
2094 10200 
Group13_31.txt
8 29 93 146 180 213 241 355 379 394 424 445 735 743 
Group14_16.txt
128 
