Group02_20.txt
1783 1801 1826 1883 1951 
Group02_22.txt
1968 1980 2022 2033 2039 2056 
Group02_25.txt
460 482 494 534 650 
Group02_26.txt
347 384 401 427 437 449 465 491 500 524 536 
Group02_44.txt
940 
Group02_48.txt
1016 
Group06_15.txt
394 445 
Group07_07.txt
1204 
Group07_37.txt
327 
Group07_49.txt
2452 
Group08_18.txt
7 55 84 148 
Group08_35.txt
243 
Group09_11.txt
510 
Group10_12.txt
183 
Group11-45.txt
966 
Group12_26.txt
1259 
Group12_34.txt
0 
Group13_22.txt
266 348 430 540 4518 7020 8970 9122 9455 
Group14_21.txt
502 
Group14_41.txt
809 
