Group01_17.txt
204 
Group01_28.txt
441 
Group03_05.txt
662 671 706 729 743 
Group05_14.txt
969 
Group05_49.txt
947 
Group06_18.txt
448 
Group06_34.txt
226 
Group06_38.txt
35 98 257 576 
Group07_31.txt
28 
Group08_28.txt
284 331 
Group08_45.txt
239 
Group09_32.txt
135 319 335 364 378 
Group09_39.txt
695 
Group09_41.txt
59 156 518 
Group09_48.txt
146 153 175 179 352 363 460 518 718 
Group11-02.txt
305 878 
Group11-07.txt
152 268 483 
Group11-12.txt
15 
Group11-13.txt
23 85 256 531 
Group11-14.txt
71 
Group11-20.txt
1291 
Group11-38.txt
645 
Group12_03.txt
663 
Group13_06.txt
936 
Group13_15.txt
8 30 78 92 227 296 394 397 409 562 
Group13_16.txt
10 23 41 82 108 179 
Group13_17.txt
1 22 66 107 128 198 271 466 549 569 590 632 640 693 703 
Group13_18.txt
11 36 212 363 500 581 626 643 776 800 894 
Group13_20.txt
645 
Group13_22.txt
1364 
Group13_43.txt
1730 
Group14_08.txt
0 16 142 156 189 252 269 279 332 347 395 441 479 553 
Group14_11.txt
258 
Group14_33.txt
280 
