Group01_40.txt
446 766 
Group03_01.txt
73 141 
Group03_04.txt
1845 1868 2081 
Group03_06.txt
393 
Group03_30.txt
605 
Group03_34.txt
1697 1713 1729 1744 1778 
Group05_06.txt
535 699 717 741 745 800 1095 
Group05_25.txt
372 926 
Group06_30.txt
3 38 52 61 69 77 88 95 141 176 213 240 297 331 336 400 447 
Group06_38.txt
90 367 429 489 
Group06_42.txt
236 
Group07_45.txt
295 
Group07_49.txt
117 
Group08_44.txt
47 
Group09_20.txt
105 128 195 
Group09_50.txt
93 149 260 455 505 550 
Group10_34.txt
180 
Group10_41.txt
64 
Group12_26.txt
1289 1548 
Group14_25.txt
35 
Group14_39.txt
908 
