Group01_09.txt
185 220 323 428 445 638 654 
Group01_20.txt
12 41 87 108 120 232 
Group01_21.txt
306 
Group01_38.txt
304 
Group02_07.txt
386 
Group02_18.txt
100 2937 2960 
Group02_19.txt
824 940 1041 1467 
Group02_20.txt
136 2331 2343 2362 2495 
Group02_21.txt
315 703 1033 1101 1151 1168 1388 1440 1623 1632 1703 1779 1810 1833 1876 1938 1955 1976 1994 2008 2099 2107 2117 2123 2137 2156 2215 2275 2293 2307 2392 2428 2480 2502 2530 2587 2602 2611 2632 2638 2677 2696 2725 2798 
Group02_22.txt
48 178 257 313 329 336 354 370 380 750 774 870 1019 1032 1055 1127 1572 1629 1686 1705 1709 1727 1865 1914 2316 2890 3456 3464 3477 3539 3583 3633 3646 3740 
Group02_23.txt
233 1463 
Group02_24.txt
1500 
Group02_25.txt
1345 
Group02_26.txt
15 42 88 749 
Group02_28.txt
741 2127 
Group02_30.txt
1463 2996 3838 
Group02_32.txt
186 529 
Group02_33.txt
112 276 
Group02_34.txt
1220 
Group02_35.txt
954 
Group02_36.txt
104 119 304 344 409 424 1729 
Group02_38.txt
454 755 1204 
Group02_39.txt
566 998 
Group02_40.txt
1581 1618 1648 1772 1854 1979 2283 
Group02_41.txt
70 1092 1224 
Group02_43.txt
1453 
Group02_44.txt
639 653 1449 
Group02_47.txt
479 
Group02_48.txt
178 
Group03_13.txt
1462 
Group03_21.txt
598 681 709 
Group03_31.txt
1585 2105 
Group03_36.txt
544 
Group03_37.txt
493 
Group04_02.txt
69 
Group04_40.txt
193 
Group05_13.txt
84 332 871 1115 
Group05_39.txt
137 
Group06_06.txt
586 
Group06_10.txt
272 410 
Group06_45.txt
366 
Group08_15.txt
65 133 350 673 834 
Group10_42.txt
268 296 329 
Group11-35.txt
26 97 233 300 354 383 478 
Group12_02.txt
650 
Group12_34.txt
486 565 588 
Group13_09.txt
851 
Group13_22.txt
3120 
Group13_35.txt
90 
Group13_43.txt
1107 
Group14_19.txt
175 
Group14_30.txt
9 117 226 
Group14_33.txt
100 
