Group01_19.txt
649 
Group01_33.txt
302 
Group02_30.txt
54 
Group04_07.txt
1013 
Group04_16.txt
491 
Group04_27.txt
229 
Group04_31.txt
355 
Group04_34.txt
938 949 
Group04_50.txt
103 203 441 443 658 713 
Group05_44.txt
7 24 48 58 81 87 117 143 163 204 234 239 247 319 341 369 450 459 474 484 562 601 624 633 651 662 689 775 833 961 1004 1023 1071 1126 
Group06_18.txt
566 
Group10_22.txt
269 
Group10_35.txt
671 679 
Group11-16.txt
1479 
Group11-17.txt
441 
Group11-31.txt
323 
Group13_37.txt
1318 
Group14_03.txt
336 
Group14_06.txt
1 33 97 115 160 170 189 375 400 438 452 478 528 
Group14_27.txt
653 733 817 
