Group01_01.txt
113 135 
Group01_02.txt
177 
Group01_04.txt
277 
Group01_08.txt
102 1118 
Group01_10.txt
805 
Group01_16.txt
341 
Group01_19.txt
214 
Group01_20.txt
64 499 546 560 595 614 673 
Group01_22.txt
68 99 128 
Group01_23.txt
125 242 369 633 
Group01_24.txt
277 
Group01_27.txt
61 333 
Group01_28.txt
174 214 276 350 
Group01_29.txt
253 
Group01_32.txt
27 65 303 327 1186 
Group01_33.txt
46 216 235 259 332 471 650 
Group01_35.txt
875 1046 1195 1218 
Group01_37.txt
94 
Group01_40.txt
139 219 651 
Group01_42.txt
71 
Group01_50.txt
110 350 366 416 
Group02_32.txt
81 155 
Group02_43.txt
832 
Group03_02.txt
677 681 709 
Group03_05.txt
334 
Group03_29.txt
774 
Group03_30.txt
81 374 826 1068 1314 1575 
Group03_31.txt
1676 1843 
Group03_32.txt
752 1085 1266 
Group03_33.txt
123 
Group03_34.txt
737 1031 
Group03_37.txt
1088 2145 
Group03_38.txt
178 261 283 314 372 530 767 781 
Group03_39.txt
735 
Group03_40.txt
102 
Group03_42.txt
764 
Group03_43.txt
221 
Group03_46.txt
23 48 352 409 427 569 585 596 
Group03_47.txt
1050 
Group03_48.txt
484 778 866 
Group04_03.txt
70 174 
Group04_09.txt
465 
Group04_14.txt
19 633 
Group04_17.txt
36 
Group04_21.txt
193 
Group04_24.txt
277 
Group04_36.txt
786 
Group04_42.txt
50 276 
Group05_04.txt
51 68 231 
Group05_09.txt
52 143 315 427 468 839 
Group05_10.txt
286 520 573 
Group05_14.txt
254 660 
Group05_20.txt
65 106 619 737 944 1039 
Group05_22.txt
538 
Group05_23.txt
307 
Group05_25.txt
376 1049 1167 
Group05_27.txt
1365 1452 
Group05_32.txt
427 
Group05_34.txt
191 
Group05_39.txt
36 176 213 277 
Group05_40.txt
157 
Group05_44.txt
216 
Group05_45.txt
113 
Group05_49.txt
300 394 772 
Group06_30.txt
196 
Group06_33.txt
562 
Group07_02.txt
360 
Group07_03.txt
2028 
Group07_04.txt
276 
Group07_07.txt
1064 
Group07_10.txt
370 489 
Group07_14.txt
449 518 
Group07_15.txt
374 
Group07_22.txt
365 419 
Group08_02.txt
468 
Group08_09.txt
191 243 378 484 508 539 736 762 
Group08_17.txt
938 
Group08_24.txt
489 
Group08_29.txt
33 421 737 
Group08_30.txt
1372 
Group08_34.txt
264 271 465 
Group08_36.txt
202 
Group08_38.txt
120 163 191 221 
Group08_41.txt
73 162 190 283 320 
Group08_42.txt
60 89 
Group08_46.txt
146 281 
Group08_47.txt
440 
Group08_48.txt
416 
Group09_22.txt
25 648 
Group09_29.txt
21 151 
Group09_30.txt
190 203 378 415 
Group10_02.txt
35 
Group10_03.txt
51 153 210 546 708 892 953 
Group10_04.txt
55 
Group10_07.txt
116 
Group10_09.txt
1007 
Group10_10.txt
456 
Group10_11.txt
116 462 626 927 1027 1226 
Group10_12.txt
265 
Group10_15.txt
292 
Group10_20.txt
581 
Group10_22.txt
624 
Group10_23.txt
145 224 275 340 375 515 551 606 
Group10_26.txt
35 
Group10_33.txt
883 1115 
Group10_35.txt
125 860 1398 1466 
Group10_42.txt
97 605 
Group10_50.txt
214 325 
Group11-01.txt
261 507 694 716 
Group11-16.txt
1199 
Group11-17.txt
402 
Group11-26.txt
301 
Group11-27.txt
86 
Group11-30.txt
267 276 304 339 463 
Group11-31.txt
221 385 
Group11-37.txt
12 411 708 
Group11-38.txt
802 
Group11-39.txt
17 153 643 
Group11-40.txt
128 
Group11-47.txt
563 
Group11-50.txt
143 268 293 311 
Group12_25.txt
237 409 
Group12_42.txt
710 
Group13_03.txt
266 569 586 
Group13_09.txt
1266 1479 
Group13_20.txt
6 18 228 691 
Group13_22.txt
6079 7936 
Group13_26.txt
87 608 1368 1768 1810 2046 2246 2571 2589 2925 2942 3353 3543 3651 3801 4129 4199 4220 4245 4261 4300 4315 4385 5602 5710 5800 5999 6058 6219 6271 6371 7014 7166 
Group13_27.txt
2605 
Group13_29.txt
207 558 599 630 944 1758 1842 1996 2031 2187 2305 2439 2452 2467 2548 3010 3313 3330 3353 3364 3478 3751 3847 3982 4115 4154 4837 4864 4965 5121 5178 5269 5371 5390 
Group13_30.txt
3939 3958 
Group13_35.txt
1521 
Group14_03.txt
364 
Group14_13.txt
111 
Group14_16.txt
161 
Group14_20.txt
721 
Group14_27.txt
790 
Group14_30.txt
177 280 
Group14_33.txt
1091 
