Group02_03.txt
455 540 614 638 671 678 685 696 702 744 922 968 
Group02_04.txt
238 245 293 
Group02_10.txt
910 
Group02_18.txt
213 1215 
Group02_23.txt
88 1619 
Group02_38.txt
4 
Group03_31.txt
168 175 1802 2165 2214 
Group03_34.txt
25 823 2723 
Group03_35.txt
228 1034 1052 1183 
Group03_37.txt
660 680 684 1299 1312 1514 1525 1538 1943 
Group03_44.txt
698 
Group03_47.txt
20 22 109 785 811 
Group05_26.txt
322 362 623 640 647 706 
Group06_11.txt
10 21 54 
Group06_12.txt
147 
Group06_13.txt
207 
Group06_28.txt
21 129 178 633 
Group06_29.txt
51 105 204 410 733 
Group06_33.txt
198 298 
Group10_33.txt
29 1373 1463 1472 
Group10_38.txt
815 818 869 
Group10_42.txt
155 
Group13_22.txt
2652 
Group13_29.txt
4392 
Group14_30.txt
106 
