Group02_01.txt
504 
Group02_20.txt
665 883 1910 1953 2660 2851 
Group02_29.txt
459 
Group02_31.txt
140 
Group02_32.txt
1 17 1086 1810 1824 1986 2031 2116 2129 2147 2159 2233 2287 2396 2517 2581 2618 2682 2712 
Group02_33.txt
1 80 115 165 177 245 271 311 512 561 598 831 1428 3275 3340 3417 
Group02_35.txt
340 347 688 
Group02_38.txt
2054 3224 
Group02_40.txt
173 
Group02_45.txt
1049 1671 1860 
Group02_46.txt
685 
Group02_49.txt
37 55 742 997 1082 3059 3622 
Group02_50.txt
950 1067 1087 1172 1204 1772 1907 
Group03_35.txt
755 
Group04_19.txt
293 
Group06_12.txt
584 
Group06_27.txt
196 
Group06_44.txt
486 
Group06_49.txt
39 
Group08_29.txt
298 
Group09_03.txt
368 
Group13_23.txt
2027 
Group13_29.txt
2593 
Group13_45.txt
1599 
