Group01_04.txt
92 107 
Group01_12.txt
506 
Group01_17.txt
2 22 172 289 325 
Group01_20.txt
644 681 
Group01_21.txt
299 
Group01_24.txt
92 107 
Group01_31.txt
306 
Group01_32.txt
536 861 979 1116 
Group01_36.txt
271 300 550 584 633 
Group01_37.txt
30 188 247 
Group01_38.txt
297 
Group01_40.txt
39 83 451 490 811 
Group01_48.txt
463 
Group02_02.txt
432 
Group03_16.txt
729 
Group03_29.txt
10 236 783 802 1048 2144 
Group03_30.txt
193 397 1522 
Group03_31.txt
2024 
Group03_32.txt
422 629 919 1051 
Group03_33.txt
970 1321 
Group03_36.txt
95 
Group03_37.txt
1861 1927 
Group03_38.txt
695 1013 1019 1055 
Group03_39.txt
405 612 902 
Group03_40.txt
949 
Group03_42.txt
217 773 792 1045 
Group03_43.txt
97 154 
Group03_48.txt
755 
Group04_03.txt
357 578 
Group04_50.txt
589 
Group05_04.txt
208 
Group05_09.txt
509 
Group05_10.txt
105 367 659 
Group05_13.txt
202 306 324 593 817 857 873 898 964 
Group05_14.txt
625 862 936 994 
Group05_19.txt
114 185 240 278 413 489 628 661 
Group05_24.txt
581 
Group05_25.txt
73 103 132 173 282 428 515 556 619 699 828 1058 1148 1202 
Group05_30.txt
852 
Group05_32.txt
20 191 266 325 524 
Group05_39.txt
112 
Group05_40.txt
120 404 449 
Group05_46.txt
229 
Group05_48.txt
259 
Group05_49.txt
914 
Group06_20.txt
272 
Group06_28.txt
630 
Group06_30.txt
87 187 231 511 547 
Group06_46.txt
736 
Group08_02.txt
563 
Group08_09.txt
317 334 
Group08_12.txt
851 
Group08_29.txt
1171 
Group08_30.txt
1166 
Group08_41.txt
197 
Group09_29.txt
312 351 
Group10_03.txt
501 
Group10_04.txt
379 
Group10_10.txt
26 310 373 404 474 657 672 739 
Group10_11.txt
702 772 
Group10_12.txt
234 529 786 
Group10_14.txt
498 
Group10_15.txt
485 
Group10_16.txt
802 933 
Group10_23.txt
262 
Group10_35.txt
38 1419 1492 
Group10_36.txt
517 888 
Group10_38.txt
959 
Group11-01.txt
28 85 144 192 301 
Group11-08.txt
378 605 
Group11-13.txt
644 
Group11-14.txt
869 872 
Group11-27.txt
181 
Group11-28.txt
30 102 312 439 492 
Group11-33.txt
370 
Group11-37.txt
93 339 
Group11-39.txt
445 620 
Group11-47.txt
297 
Group12_02.txt
598 
Group13_18.txt
690 
Group13_20.txt
450 
Group13_21.txt
775 
Group13_22.txt
9413 
Group13_26.txt
466 480 768 790 843 851 873 1571 1878 3256 7137 7851 8625 
Group13_29.txt
211 349 407 672 689 833 888 923 1116 1703 1730 1749 1859 2643 3108 3179 3222 3439 
Group13_41.txt
416 
Group14_29.txt
34 300 
Group14_33.txt
961 1005 1023 
