Group01_23.txt
140 296 311 386 497 640 
Group01_29.txt
217 226 
Group03_21.txt
325 
Group03_24.txt
1204 1740 
Group03_31.txt
1725 
Group03_32.txt
724 
Group03_33.txt
446 789 936 940 966 979 1022 1117 1184 1330 1334 1356 
Group03_35.txt
171 
Group03_39.txt
707 
Group03_40.txt
425 768 915 919 945 958 1001 1096 1163 
Group03_50.txt
153 183 191 200 226 238 273 298 329 360 554 853 863 965 1327 1358 1397 1568 
Group05_18.txt
515 
Group05_28.txt
308 
Group06_40.txt
26 60 
Group07_12.txt
269 
Group07_15.txt
379 
Group07_24.txt
1687 
Group08_24.txt
208 
Group09_40.txt
641 
Group10_12.txt
594 666 725 
Group10_20.txt
90 102 260 362 
Group10_21.txt
121 
Group10_22.txt
765 
Group10_30.txt
171 
Group10_38.txt
990 
Group10_47.txt
639 
Group11-28.txt
109 162 262 292 324 453 504 
Group12_27.txt
24 
Group13_07.txt
96 101 
Group13_09.txt
1546 
Group13_22.txt
13755 
Group13_39.txt
1639 
Group13_44.txt
2851 2883 
Group13_47.txt
610 
Group14_02.txt
460 
Group14_38.txt
55 817 
