Group01_32.txt
604 630 661 
Group01_40.txt
404 464 502 
Group02_38.txt
1819 
Group03_04.txt
787 
Group03_15.txt
277 
Group03_29.txt
2158 
Group03_31.txt
15 2758 
Group03_32.txt
1015 
Group03_43.txt
19 205 255 
Group03_47.txt
624 
Group04_21.txt
347 
Group04_44.txt
275 452 
Group05_04.txt
831 
Group05_13.txt
0 63 95 381 459 485 645 775 939 1030 1107 1133 
Group05_20.txt
157 
Group08_17.txt
476 578 640 648 
Group08_47.txt
244 396 
Group10_11.txt
711 
Group11-14.txt
861 
Group11-31.txt
113 
Group12_37.txt
436 
Group13_26.txt
178 2167 2438 3152 4064 4103 4463 4497 6979 8355 
Group13_29.txt
794 927 1579 2149 2686 3301 5192 
Group13_35.txt
643 
Group13_40.txt
155 
