Group04_07.txt
487 
Group04_08.txt
81 
Group04_11.txt
271 
Group04_12.txt
624 
Group05_21.txt
745 
Group06_22.txt
47 
Group07_02.txt
312 
Group07_03.txt
2592 
Group07_30.txt
925 
Group08_01.txt
1 13 76 124 191 317 365 381 395 533 549 589 630 684 727 
Group08_04.txt
487 555 613 
Group08_05.txt
417 
Group08_06.txt
158 618 
Group08_08.txt
43 76 136 205 230 
Group08_10.txt
1 12 52 112 175 223 290 416 464 480 494 632 648 688 729 783 826 
Group08_14.txt
124 233 434 522 594 
Group08_16.txt
37 63 97 113 238 609 619 787 884 889 896 1041 1058 1221 1761 
Group08_18.txt
17 94 
Group08_19.txt
342 365 
Group08_21.txt
62 
Group08_22.txt
19 66 161 223 252 319 606 
Group08_23.txt
487 555 614 
Group08_25.txt
24 50 472 
Group09_07.txt
254 
Group09_09.txt
63 310 878 
Group09_12.txt
259 
Group09_38.txt
127 
Group10_16.txt
306 
Group12_07.txt
696 
Group12_32.txt
148 340 
Group13_28.txt
35 81 86 107 387 538 643 761 914 969 997 1005 1097 1384 1631 2317 2385 2525 2611 2816 3347 
Group13_30.txt
79 817 3063 3095 3434 
