Group01_34.txt
66 627 640 680 
Group03_05.txt
117 991 
Group03_18.txt
301 565 582 971 
Group03_30.txt
948 
Group03_50.txt
744 
Group04_08.txt
512 
Group05_01.txt
3 87 99 168 
Group05_02.txt
1158 
Group05_04.txt
569 785 
Group05_05.txt
8 13 88 123 158 324 331 360 396 
Group05_14.txt
265 599 920 
Group05_17.txt
21 45 128 263 603 624 709 922 
Group05_21.txt
189 438 605 757 
Group05_25.txt
139 
Group05_28.txt
540 
Group05_34.txt
134 
Group05_41.txt
68 146 
Group05_49.txt
405 750 
Group06_01.txt
161 189 
Group06_21.txt
474 480 
Group07_03.txt
2760 
Group07_40.txt
616 
Group08_06.txt
19 39 82 102 594 703 747 1057 
Group08_17.txt
779 
Group08_19.txt
76 144 219 762 
Group09_11.txt
437 588 
Group10_25.txt
30 
Group11-01.txt
157 213 321 330 370 409 473 664 723 749 755 796 
Group11-03.txt
214 233 
Group11-05.txt
2156 
Group11-09.txt
10 22 87 251 384 
Group11-29.txt
360 
Group11-31.txt
178 499 609 
Group11-33.txt
34 235 
Group11-40.txt
223 
Group11-47.txt
111 
Group12_15.txt
578 
Group12_16.txt
112 152 236 261 290 435 
Group12_22.txt
512 
Group12_41.txt
517 593 739 
Group13_02.txt
85 163 1634 1830 
Group13_08.txt
1 16 67 95 111 192 226 358 366 385 656 833 855 917 920 1014 1068 1111 1137 1167 1189 1209 1222 1231 
Group13_09.txt
1463 
Group13_10.txt
105 121 236 311 431 442 454 487 571 719 727 788 829 864 
Group13_22.txt
2173 5371 8022 8045 8114 8188 8231 10596 12094 13384 13411 14147 14173 
Group13_24.txt
4795 
Group13_26.txt
1 61 93 120 226 566 2368 2972 3097 3107 3687 4178 4193 4438 4478 4548 4671 4848 5463 5512 5538 6342 6354 8848 8893 9444 9614 9905 10111 
Group13_28.txt
1553 1605 3061 
Group13_29.txt
378 3036 
Group13_30.txt
81 131 278 302 330 350 586 889 929 953 1491 1787 1802 1972 2065 2380 2599 2775 2797 2808 2851 3250 3308 3343 3367 3421 3500 3535 4014 
Group13_39.txt
1797 
Group13_42.txt
684 
Group13_44.txt
1477 
