Group03_13.txt
1427 
Group03_21.txt
833 
Group03_22.txt
617 
Group03_26.txt
1013 
Group03_31.txt
2667 
Group04_02.txt
87 
Group04_11.txt
194 576 
Group06_03.txt
59 638 
Group09_37.txt
80 
Group11-33.txt
268 
Group12_16.txt
518 
Group12_49.txt
444 607 629 829 987 2080 2259 
Group13_03.txt
260 
Group13_08.txt
157 
Group13_21.txt
532 
Group13_22.txt
1304 1441 3572 3620 3698 5077 10742 10756 10787 10818 10885 11103 11237 11318 11538 16088 
Group13_25.txt
653 
Group13_26.txt
1807 3414 3576 4257 
Group13_28.txt
587 900 994 2009 2510 
Group13_29.txt
337 361 370 1014 2682 3895 5313 
Group13_30.txt
4 
Group13_37.txt
951 
Group13_40.txt
156 
Group13_42.txt
572 
Group13_44.txt
7 277 729 752 790 837 912 946 956 1008 1546 1562 1747 1763 2696 2707 2715 2761 2791 2814 2836 3066 3114 3432 3481 3493 3552 3783 
Group14_49.txt
375 
