Group01_22.txt
117 
Group02_20.txt
734 3080 3084 
Group02_24.txt
402 484 520 552 606 1135 1513 
Group02_25.txt
568 571 607 720 
Group02_27.txt
76 
Group02_33.txt
1626 1636 1664 1716 
Group02_34.txt
466 
Group02_36.txt
1119 1127 1177 
Group02_46.txt
2379 2387 
Group02_48.txt
2049 2134 2137 
Group02_49.txt
1158 
Group04_31.txt
347 
Group06_02.txt
807 
Group06_05.txt
564 
Group06_11.txt
288 343 401 408 413 623 651 791 805 843 
Group06_15.txt
18 67 309 323 
Group06_16.txt
52 278 
Group06_27.txt
209 218 
Group06_29.txt
0 95 568 575 659 702 
Group06_46.txt
1 86 117 145 169 221 240 279 301 362 
Group06_50.txt
288 349 382 
Group07_24.txt
1168 
Group07_49.txt
1188 
Group08_18.txt
8 56 85 149 
Group09_07.txt
400 783 
Group09_28.txt
407 
Group09_43.txt
486 496 500 521 
Group10_35.txt
1402 1417 
Group10_45.txt
434 
Group12_29.txt
185 
Group13_01.txt
334 
Group13_02.txt
479 685 801 1932 1995 
Group13_06.txt
561 2524 2595 2661 
Group13_28.txt
274 290 434 454 475 531 1751 1762 1772 1936 2016 2090 2103 2182 2205 2555 2672 3065 3085 3140 3146 3159 3256 3322 3371 3384 
Group14_02.txt
106 
Group14_45.txt
123 
Group14_47.txt
104 711 
Group14_50.txt
209 
