Group01_02.txt
81 
Group04_39.txt
89 
Group04_41.txt
22 86 115 202 212 369 426 484 505 524 603 605 709 716 741 840 843 957 1070 1082 1112 1170 
Group04_44.txt
84 88 130 160 186 307 366 398 458 505 669 
Group07_07.txt
1222 
Group07_13.txt
543 
Group07_17.txt
8 183 281 
Group07_18.txt
888 892 911 1077 1089 1094 
Group07_22.txt
110 170 229 247 360 772 831 
Group10_34.txt
191 
Group11-24.txt
1979 
Group11-46.txt
902 
Group12_14.txt
33 496 
Group12_27.txt
280 
Group13_22.txt
14420 
Group13_44.txt
1141 
Group13_49.txt
890 
