Group01_12.txt
226 
Group01_16.txt
182 
Group01_19.txt
217 
Group01_22.txt
176 
Group01_23.txt
264 
Group01_31.txt
423 
Group01_35.txt
776 1245 
Group01_37.txt
137 402 433 
Group01_39.txt
122 
Group01_40.txt
544 763 
Group01_45.txt
272 372 
Group01_49.txt
421 457 
Group02_03.txt
646 
Group02_04.txt
250 273 
Group02_07.txt
271 294 310 346 350 364 395 412 423 435 
Group02_08.txt
367 459 496 
Group02_16.txt
889 
Group02_18.txt
1043 1788 1816 1827 1879 2194 2413 2700 
Group02_19.txt
1141 
Group02_20.txt
3307 
Group02_21.txt
1789 
Group02_22.txt
199 3592 
Group02_27.txt
5 21 129 153 494 787 832 1071 1117 1200 1375 1490 1512 1647 
Group02_28.txt
5 120 522 574 1293 1303 1312 1733 1903 
Group02_29.txt
5 202 227 1247 1270 1276 
Group02_31.txt
839 1357 
Group02_32.txt
100 147 208 287 659 
Group02_34.txt
1411 
Group02_38.txt
0 45 204 217 221 297 356 408 439 467 598 607 630 633 639 645 678 767 788 841 1637 1644 1687 1744 1768 1975 2089 2126 2912 2969 3013 3026 3037 3043 3070 3333 3476 
Group02_39.txt
290 322 367 479 506 546 659 699 716 803 837 887 893 897 925 933 1101 1139 1210 1248 1268 1301 1455 1544 1571 1663 
Group02_44.txt
546 
Group02_45.txt
75 150 233 237 1914 
Group02_46.txt
1121 1185 
Group02_49.txt
751 1519 4354 
Group02_50.txt
1 14 71 81 93 269 279 343 753 858 1312 1434 1801 1900 1914 2050 2064 
Group03_01.txt
145 467 
Group03_02.txt
17 151 
Group03_03.txt
420 
Group03_04.txt
1206 
Group03_06.txt
200 
Group03_10.txt
173 892 
Group03_26.txt
859 
Group03_29.txt
109 678 692 1135 1310 1640 1922 
Group03_30.txt
1164 
Group03_31.txt
1140 2604 
Group03_32.txt
586 
Group03_34.txt
837 1122 1150 1383 1570 1758 1991 
Group03_35.txt
837 
Group03_36.txt
307 1212 1590 1656 1665 
Group03_37.txt
720 1272 1327 2021 
Group03_39.txt
569 
Group03_41.txt
285 
Group03_42.txt
90 668 682 1132 1328 1666 
Group03_43.txt
579 
Group03_44.txt
929 1221 1238 
Group03_46.txt
134 
Group03_47.txt
257 410 
Group03_48.txt
200 449 668 729 
Group03_50.txt
528 
Group04_13.txt
1021 1050 
Group04_15.txt
555 569 
Group04_17.txt
765 796 
Group04_26.txt
28 
Group04_28.txt
165 202 466 508 525 615 652 
Group04_34.txt
892 
Group04_35.txt
209 
Group04_37.txt
201 
Group04_41.txt
150 
Group04_43.txt
521 712 
Group05_03.txt
356 
Group05_06.txt
254 538 1097 1123 
Group05_13.txt
360 
Group05_14.txt
752 
Group05_18.txt
480 520 
Group05_19.txt
285 
Group05_20.txt
469 
Group05_23.txt
198 238 722 1161 1369 1393 
Group05_25.txt
28 202 280 315 366 
Group05_26.txt
212 372 689 
Group05_27.txt
745 
Group05_28.txt
99 
Group05_30.txt
282 621 
Group05_34.txt
63 
Group05_39.txt
250 
Group05_40.txt
78 
Group06_06.txt
314 
Group06_07.txt
285 
Group06_09.txt
415 
Group06_10.txt
13 24 188 266 372 375 505 643 675 
Group06_12.txt
230 
Group06_16.txt
103 556 564 591 1033 1040 1053 1062 1065 1096 
Group06_17.txt
254 1064 
Group06_19.txt
509 
Group06_20.txt
239 
Group06_22.txt
215 
Group06_26.txt
6 
Group06_30.txt
434 
Group06_31.txt
254 1064 
Group06_32.txt
381 
Group06_33.txt
26 166 253 293 363 474 624 
Group06_34.txt
28 101 271 292 316 319 348 447 
Group06_35.txt
62 135 185 
Group06_39.txt
117 
Group06_40.txt
20 106 216 323 
Group06_41.txt
600 
Group06_43.txt
46 113 234 261 563 665 700 706 
Group06_44.txt
12 254 275 338 655 659 688 755 
Group06_45.txt
452 
Group06_47.txt
64 
Group06_49.txt
0 42 148 248 256 274 283 325 349 369 390 428 469 477 557 
Group06_50.txt
516 
Group08_16.txt
649 1209 
Group08_25.txt
776 
Group08_34.txt
498 
Group08_36.txt
245 
Group08_40.txt
430 
Group08_41.txt
332 
Group08_44.txt
148 
Group08_47.txt
130 
Group08_49.txt
295 
Group09_04.txt
576 
Group09_18.txt
191 317 
Group09_24.txt
231 
Group09_25.txt
19 46 
Group09_26.txt
709 
Group09_35.txt
767 
Group09_37.txt
850 
Group09_38.txt
227 
Group09_40.txt
678 
Group09_46.txt
364 509 
Group09_48.txt
59 373 
Group09_49.txt
172 
Group10_05.txt
303 371 384 406 435 484 487 581 742 
Group10_07.txt
402 
Group10_11.txt
131 323 
Group10_24.txt
611 
Group10_33.txt
1387 
Group10_35.txt
977 1133 1174 
Group10_38.txt
1044 
Group10_41.txt
37 56 70 87 238 276 305 345 391 405 415 432 477 533 561 578 612 
Group11-07.txt
702 
Group11-12.txt
417 
Group11-32.txt
434 494 619 
Group11-35.txt
322 
Group12_13.txt
447 
Group13_09.txt
1220 
Group13_13.txt
254 
Group13_19.txt
63 
Group13_28.txt
701 
Group13_30.txt
649 
Group14_08.txt
78 
Group14_25.txt
512 
Group14_34.txt
522 
