Group01_19.txt
3 634 766 
Group02_10.txt
161 222 586 1145 
Group02_12.txt
614 
Group02_14.txt
545 
Group03_02.txt
96 275 791 799 812 
Group03_04.txt
945 
Group03_12.txt
119 
Group03_14.txt
1238 
Group03_19.txt
225 769 
Group03_21.txt
514 
Group03_25.txt
41 
Group03_38.txt
1062 
Group03_45.txt
219 
Group04_04.txt
33 175 213 217 
Group04_10.txt
14 303 359 474 886 
Group04_24.txt
422 
Group04_26.txt
677 
Group04_31.txt
251 589 
Group04_33.txt
674 
Group04_34.txt
422 
Group04_36.txt
96 
Group04_43.txt
35 
Group04_48.txt
355 
Group06_37.txt
159 
Group07_13.txt
33 178 
Group07_14.txt
455 
Group07_18.txt
315 1315 
Group07_43.txt
428 
Group08_25.txt
184 246 461 840 
Group08_32.txt
4 33 120 
Group08_38.txt
5 24 
Group09_09.txt
92 255 337 391 
Group09_11.txt
559 
Group09_12.txt
520 
Group09_17.txt
84 187 196 313 398 703 748 
Group09_29.txt
407 
Group09_31.txt
148 
Group09_32.txt
6 
Group09_37.txt
725 
Group09_38.txt
493 
Group09_47.txt
78 
Group10_17.txt
604 
Group10_27.txt
1005 1051 
Group10_40.txt
423 
Group10_48.txt
240 
Group10_50.txt
1 42 79 
Group11-10.txt
10 92 259 
Group11-41.txt
65 
Group12_01.txt
89 122 246 1301 1387 1588 
Group12_06.txt
782 
Group12_11.txt
24 49 116 362 516 707 
Group12_12.txt
24 49 116 362 516 707 
Group12_14.txt
689 
Group12_17.txt
477 500 
Group12_18.txt
504 
Group12_19.txt
1064 1152 
Group12_29.txt
249 
Group12_35.txt
262 336 
Group13_02.txt
2106 2118 
Group13_09.txt
1252 1261 1272 1581 1593 1754 
Group13_12.txt
105 401 
Group13_22.txt
37 74 295 846 1223 1481 1539 2186 2689 2702 2727 3734 3776 4128 5317 5766 8667 8779 8975 9060 9365 9555 9807 9879 9924 9942 10004 10051 10168 10189 10265 11155 11203 11215 11308 11381 11624 12213 12973 13073 13377 13493 13688 13783 13862 13912 14064 14455 14554 15370 15396 15709 16163 16299 16363 16441 16593 
Group13_24.txt
4578 
Group13_27.txt
3101 3136 
Group13_30.txt
1370 
Group13_34.txt
414 
Group13_35.txt
780 
Group13_43.txt
550 576 
Group13_44.txt
1429 1532 1663 
Group13_48.txt
928 
Group13_50.txt
481 
Group14_38.txt
108 
Group14_44.txt
90 
