Group02_20.txt
1327 
Group02_21.txt
1769 
Group02_28.txt
70 83 211 224 267 311 381 789 1000 1014 1036 1230 
Group02_33.txt
1979 2565 3074 
Group02_34.txt
702 1250 
Group02_38.txt
1440 1482 1526 1544 1548 1674 
Group02_45.txt
326 341 352 
Group03_07.txt
1596 
Group04_25.txt
201 
Group05_18.txt
206 
Group06_43.txt
457 465 507 519 
Group06_46.txt
15 194 206 335 497 533 615 623 
Group06_50.txt
146 
Group07_42.txt
284 
Group09_18.txt
306 
Group09_49.txt
109 
Group11-24.txt
1040 
Group11-46.txt
1243 
Group13_23.txt
2914 
Group13_35.txt
844 
Group14_32.txt
600 
Group14_35.txt
450 
Group14_45.txt
354 
