Group01_10.txt
23 43 
Group01_45.txt
348 447 
Group02_05.txt
128 
Group02_13.txt
597 938 
Group04_29.txt
326 
Group04_31.txt
441 554 566 
Group04_32.txt
320 442 729 780 830 
Group04_33.txt
82 294 
Group04_34.txt
0 14 43 70 126 156 245 407 475 507 514 548 555 605 682 783 882 
Group04_36.txt
288 365 498 
Group04_45.txt
415 488 
Group04_50.txt
759 
Group06_02.txt
620 755 
Group06_25.txt
11 62 281 371 384 394 442 507 516 623 676 
Group07_01.txt
146 202 208 231 349 357 415 471 483 541 556 596 641 643 703 779 793 820 
Group07_12.txt
494 
Group07_34.txt
274 493 
Group07_47.txt
663 
Group08_18.txt
408 449 
Group09_15.txt
494 
Group09_34.txt
455 
Group09_39.txt
243 
Group10_29.txt
950 
Group10_30.txt
92 167 193 208 305 347 446 478 491 510 
Group10_45.txt
156 332 410 496 501 525 
Group11-24.txt
293 
Group13_22.txt
15116 
Group14_28.txt
407 
