Group02_18.txt
2914 
Group03_03.txt
670 
Group04_30.txt
610 
Group06_07.txt
54 74 88 107 148 166 225 335 370 427 474 517 532 569 578 602 615 645 
Group06_10.txt
8 17 46 103 134 149 217 309 346 387 401 469 511 552 569 621 666 686 699 736 751 
Group06_32.txt
84 
Group06_40.txt
404 422 435 438 461 480 485 499 
Group09_12.txt
255 271 309 
Group09_14.txt
3 16 351 697 717 
Group09_19.txt
0 219 442 452 
Group09_23.txt
317 438 472 
Group10_27.txt
305 
Group10_29.txt
369 978 
Group11-24.txt
2302 
Group12_13.txt
1 62 98 287 421 456 965 972 992 1047 1152 1364 1461 1656 1846 1931 
Group12_16.txt
412 420 
Group13_14.txt
186 239 274 334 364 391 428 628 
Group14_40.txt
212 
