Group01_06.txt
590 761 835 
Group01_07.txt
506 
Group01_08.txt
84 296 
Group01_09.txt
104 634 
Group01_11.txt
250 847 
Group01_15.txt
161 
Group01_18.txt
78 
Group01_19.txt
623 
Group01_20.txt
365 390 432 
Group01_25.txt
381 
Group01_30.txt
67 
Group01_32.txt
533 1217 
Group01_33.txt
543 
Group01_35.txt
189 1141 
Group01_40.txt
371 
Group01_41.txt
63 
Group01_44.txt
208 210 
Group01_48.txt
282 
Group01_50.txt
287 315 
Group02_01.txt
286 
Group02_02.txt
740 
Group02_03.txt
407 438 
Group02_04.txt
521 731 
Group02_05.txt
65 104 106 457 539 
Group02_06.txt
519 617 
Group02_07.txt
515 
Group02_08.txt
505 
Group02_09.txt
117 126 422 816 
Group02_10.txt
739 
Group02_12.txt
338 
Group02_13.txt
0 9 1001 
Group02_14.txt
832 
Group02_18.txt
699 1085 2166 2369 2479 2746 2891 
Group02_19.txt
102 531 552 754 1359 1481 
Group02_20.txt
268 443 501 1416 1483 2533 2624 3171 
Group02_21.txt
549 907 1423 2358 2649 
Group02_22.txt
452 556 1682 2071 2982 3102 3136 3579 
Group02_23.txt
773 840 
Group02_24.txt
1097 1121 
Group02_25.txt
35 172 400 446 485 610 
Group02_26.txt
175 
Group02_27.txt
1833 
Group02_28.txt
405 681 729 787 1040 1676 1906 1966 
Group02_29.txt
503 548 575 
Group02_30.txt
172 829 1365 1703 1815 1928 2526 3952 
Group02_31.txt
804 1010 
Group02_32.txt
1042 1067 
Group02_33.txt
1396 3066 3378 3475 
Group02_34.txt
370 1173 
Group02_35.txt
360 476 603 766 
Group02_36.txt
188 229 275 404 547 607 728 768 1365 
Group02_37.txt
60 725 1401 
Group02_38.txt
178 352 484 
Group02_39.txt
1096 1365 
Group02_40.txt
361 531 547 2098 2157 2174 
Group02_41.txt
866 1647 
Group02_42.txt
122 
Group02_43.txt
173 208 893 963 1098 1623 
Group02_44.txt
574 860 1322 1356 
Group02_45.txt
574 859 
Group02_46.txt
1103 1835 
Group02_47.txt
59 1404 
Group02_48.txt
358 598 927 1053 1250 1260 1463 1986 2404 2647 2896 
Group02_50.txt
1304 2037 
Group03_02.txt
505 
Group03_03.txt
815 
Group03_04.txt
1269 2103 2285 
Group03_05.txt
15 387 
Group03_06.txt
1 1082 1863 2214 
Group03_07.txt
140 741 840 845 1384 2515 
Group03_09.txt
78 83 143 601 692 888 994 
Group03_10.txt
127 526 
Group03_12.txt
994 
Group03_13.txt
770 
Group03_14.txt
1073 1145 1159 1201 
Group03_16.txt
646 
Group03_19.txt
641 
Group03_23.txt
232 416 768 
Group03_24.txt
384 591 900 1013 1419 
Group03_26.txt
93 1611 
Group03_27.txt
1856 
Group03_29.txt
939 
Group03_30.txt
1062 1095 1339 
Group03_31.txt
2048 
Group03_32.txt
590 1146 
Group03_33.txt
522 995 1188 1299 
Group03_34.txt
29 310 661 717 727 829 2158 
Group03_35.txt
314 574 628 805 1063 1072 1136 1142 
Group03_36.txt
428 1093 
Group03_37.txt
138 592 
Group03_39.txt
573 
Group03_40.txt
501 974 1167 
Group03_41.txt
243 
Group03_42.txt
932 
Group03_43.txt
340 
Group03_48.txt
855 
Group03_49.txt
518 568 
Group03_50.txt
17 1433 1589 
Group04_03.txt
471 
Group04_05.txt
286 334 
Group04_06.txt
452 
Group04_08.txt
496 
Group04_09.txt
117 126 345 413 
Group04_10.txt
41 755 
Group04_13.txt
157 559 569 
Group04_14.txt
608 
Group04_17.txt
992 1139 1158 
Group04_21.txt
456 473 814 957 
Group04_26.txt
164 
Group04_27.txt
554 
Group04_29.txt
508 
Group04_30.txt
1045 1048 
Group04_33.txt
149 170 
Group04_34.txt
66 607 694 
Group04_36.txt
470 774 816 
Group04_38.txt
394 
Group04_39.txt
99 689 696 
Group04_40.txt
5 
Group04_41.txt
275 508 515 1079 
Group04_42.txt
374 517 
Group04_43.txt
141 652 749 
Group04_44.txt
404 517 553 596 643 
Group04_45.txt
50 
Group04_46.txt
102 
Group04_48.txt
156 
Group04_49.txt
265 322 
Group05_02.txt
140 
Group05_06.txt
110 866 
Group05_12.txt
12 
Group05_13.txt
197 
Group05_14.txt
655 
Group05_16.txt
464 
Group05_17.txt
529 
Group05_18.txt
642 894 
Group05_19.txt
95 
Group05_20.txt
678 
Group05_22.txt
111 137 272 305 
Group05_23.txt
210 729 1344 
Group05_25.txt
700 934 
Group05_26.txt
715 
Group05_27.txt
1240 
Group05_28.txt
21 
Group05_29.txt
1 
Group05_31.txt
270 
Group05_42.txt
158 
Group05_44.txt
1072 
Group05_45.txt
574 578 932 942 973 
Group05_46.txt
622 651 
Group05_49.txt
135 767 
Group06_01.txt
479 
Group06_02.txt
453 
Group06_03.txt
362 
Group06_04.txt
322 699 
Group06_05.txt
64 
Group06_08.txt
452 
Group06_09.txt
522 
Group06_10.txt
763 
Group06_12.txt
91 189 494 514 
Group06_15.txt
188 528 
Group06_18.txt
701 
Group06_20.txt
389 613 
Group06_23.txt
222 
Group06_33.txt
515 
Group06_39.txt
237 
Group06_48.txt
230 232 
Group06_49.txt
36 79 
Group06_50.txt
398 456 493 653 
Group07_03.txt
2323 2557 
Group07_04.txt
1009 
Group07_05.txt
45 163 255 502 851 
Group07_06.txt
140 295 363 595 
Group07_07.txt
455 457 1355 
Group07_09.txt
207 298 302 317 363 
Group07_10.txt
290 
Group07_11.txt
597 615 
Group07_14.txt
177 464 494 
Group07_15.txt
429 534 
Group07_16.txt
517 
Group07_17.txt
122 
Group07_18.txt
1412 
Group07_19.txt
909 946 967 
Group07_21.txt
486 
Group07_24.txt
59 75 1124 
Group07_25.txt
216 
Group07_26.txt
100 238 272 380 403 613 630 647 725 
Group07_28.txt
205 495 
Group07_30.txt
338 
Group07_31.txt
1417 1769 1814 
Group07_33.txt
315 593 631 708 715 721 
Group07_34.txt
123 417 424 534 539 589 617 
Group07_35.txt
451 478 
Group07_36.txt
674 748 1053 1212 1235 
Group07_37.txt
1052 1557 
Group07_38.txt
690 1025 1212 1218 1563 1655 1699 1890 1902 
Group07_40.txt
30 581 787 793 812 
Group07_41.txt
464 
Group07_43.txt
74 
Group07_44.txt
184 433 
Group07_46.txt
90 249 530 582 
Group07_47.txt
11 533 
Group07_48.txt
140 168 841 1093 
Group07_49.txt
205 1176 2158 
Group07_50.txt
259 
Group08_02.txt
321 433 
Group08_03.txt
101 139 232 
Group08_06.txt
366 
Group08_08.txt
318 
Group08_11.txt
651 
Group08_12.txt
620 685 1082 
Group08_16.txt
262 1714 
Group08_17.txt
566 623 
Group08_18.txt
489 528 620 
Group08_20.txt
221 
Group08_25.txt
611 
Group08_27.txt
74 
Group08_28.txt
493 
Group08_30.txt
1187 1642 
Group08_39.txt
170 
Group08_42.txt
14 
Group08_43.txt
129 
Group08_47.txt
174 186 
Group08_49.txt
88 
Group09_02.txt
179 196 
Group09_07.txt
457 495 939 
Group09_15.txt
503 
Group09_17.txt
493 
Group09_22.txt
623 
Group09_23.txt
211 
Group09_24.txt
512 
Group09_26.txt
354 365 997 1296 
Group09_28.txt
443 
Group09_29.txt
316 327 332 
Group09_34.txt
253 
Group09_35.txt
746 
Group09_37.txt
868 
Group09_38.txt
408 
Group09_39.txt
624 
Group09_40.txt
472 
Group09_43.txt
209 
Group09_46.txt
567 
Group09_49.txt
648 
Group10_03.txt
464 
Group10_04.txt
196 
Group10_05.txt
626 
Group10_06.txt
360 530 555 575 600 642 
Group10_08.txt
115 394 
Group10_09.txt
333 711 741 815 
Group10_10.txt
389 
Group10_11.txt
1176 1234 
Group10_12.txt
174 
Group10_14.txt
386 
Group10_15.txt
641 
Group10_17.txt
35 313 408 472 849 
Group10_19.txt
377 
Group10_21.txt
151 346 
Group10_24.txt
220 1309 
Group10_25.txt
396 531 735 870 1040 1247 
Group10_28.txt
464 
Group10_30.txt
50 200 282 
Group10_31.txt
639 
Group10_32.txt
304 
Group10_33.txt
1482 
Group10_34.txt
264 299 517 
Group10_35.txt
869 876 1704 1713 
Group10_36.txt
214 398 415 589 
Group10_37.txt
326 
Group10_38.txt
22 57 69 109 364 479 539 754 1174 
Group10_39.txt
77 343 495 
Group10_40.txt
141 
Group10_41.txt
191 
Group10_42.txt
219 
Group10_43.txt
877 1133 
Group10_44.txt
480 
Group10_46.txt
314 
Group10_47.txt
669 
Group10_48.txt
546 
Group10_50.txt
272 293 468 
Group11-03.txt
171 669 708 742 
Group11-05.txt
628 899 936 1257 1308 1863 2005 2145 2196 
Group11-11.txt
493 
Group11-14.txt
913 1175 
Group11-15.txt
378 902 1502 2177 2191 2196 2223 2462 2476 
Group11-16.txt
171 175 620 931 1004 2451 2675 2713 3120 
Group11-19.txt
218 
Group11-20.txt
521 
Group11-21.txt
828 
Group11-22.txt
73 135 944 950 
Group11-23.txt
739 
Group11-24.txt
369 1031 1316 1529 1726 1919 2477 2561 2622 2638 
Group11-28.txt
37 966 
Group11-29.txt
753 
Group11-30.txt
629 
Group11-31.txt
528 595 
Group11-32.txt
802 
Group11-33.txt
1003 
Group11-37.txt
702 829 
Group11-38.txt
313 
Group11-39.txt
480 
Group11-40.txt
237 
Group11-44.txt
751 809 816 
Group11-45.txt
34 36 728 
Group11-46.txt
111 489 737 745 1002 1298 1487 1492 
Group11-47.txt
210 
Group11-50.txt
648 
Group12_01.txt
131 1266 
Group12_02.txt
824 
Group12_07.txt
179 1261 
Group12_09.txt
1007 1140 1159 
Group12_10.txt
146 
Group12_11.txt
764 
Group12_12.txt
764 899 
Group12_13.txt
4 2037 
Group12_19.txt
150 446 1382 
Group12_21.txt
621 
Group12_26.txt
561 569 592 1509 1604 
Group12_27.txt
269 
Group12_28.txt
405 532 609 
Group12_30.txt
537 
Group12_32.txt
330 
Group12_34.txt
521 
Group12_41.txt
499 600 695 841 
Group12_42.txt
318 733 
Group12_43.txt
31 373 557 775 826 
Group12_45.txt
396 
Group12_46.txt
214 286 
Group12_49.txt
2252 2452 2742 
Group13_01.txt
533 
Group13_02.txt
722 903 933 1126 1148 1519 1572 1941 
Group13_03.txt
503 517 
Group13_05.txt
43 140 404 421 683 838 1014 1202 
Group13_06.txt
844 1128 1359 1502 2046 2282 2455 2503 2516 2521 2657 2662 
Group13_07.txt
201 
Group13_08.txt
47 1001 1180 
Group13_09.txt
7 167 555 635 
Group13_11.txt
494 
Group13_13.txt
57 
Group13_19.txt
381 
Group13_21.txt
645 1598 1600 2062 
Group13_22.txt
1560 2107 3498 3515 4089 4266 6389 6671 7082 7115 7402 7719 13961 15532 15572 
Group13_23.txt
556 
Group13_24.txt
612 629 650 667 1730 2143 2456 2598 2796 2897 2991 3004 3474 3952 4337 4517 
Group13_25.txt
326 2381 2389 
Group13_26.txt
770 2008 2516 3670 6465 8134 9626 10307 
Group13_27.txt
12 1050 2103 2109 2703 
Group13_28.txt
280 431 1256 1590 2228 2452 2521 2540 3139 
Group13_29.txt
4530 
Group13_30.txt
510 562 712 721 802 873 1092 1285 1528 3399 3553 3995 
Group13_32.txt
1305 
Group13_33.txt
0 1165 1622 
Group13_35.txt
321 685 1448 
Group13_38.txt
641 1081 1324 
Group13_39.txt
485 2108 
Group13_40.txt
702 
Group13_41.txt
470 485 1680 
Group13_43.txt
1126 1401 1796 
Group13_44.txt
860 1047 1511 1811 2124 3097 3105 3900 3905 
Group13_45.txt
116 632 716 1478 1637 
Group13_46.txt
1490 1941 2262 
Group13_47.txt
581 868 930 1040 1504 1574 
Group13_48.txt
1041 1307 2071 2239 
Group13_50.txt
1378 
Group14_02.txt
168 
Group14_03.txt
22 381 
Group14_12.txt
434 
Group14_20.txt
466 474 502 
Group14_22.txt
348 
Group14_25.txt
215 
Group14_29.txt
110 
Group14_31.txt
880 929 938 
Group14_35.txt
1559 
Group14_36.txt
217 
Group14_37.txt
177 269 
Group14_38.txt
303 
Group14_39.txt
779 898 
Group14_40.txt
122 167 
Group14_48.txt
471 504 
Group14_49.txt
78 81 
Group14_50.txt
88 
