Group01_36.txt
265 310 
Group03_02.txt
738 
Group03_36.txt
446 522 562 626 808 1029 1276 1285 1343 1387 
Group03_37.txt
839 973 2118 
Group03_44.txt
95 400 739 860 1256 
Group04_41.txt
182 
Group05_09.txt
316 
Group05_41.txt
63 
Group06_40.txt
47 58 168 246 330 
Group08_19.txt
77 145 220 
Group09_09.txt
143 359 
Group09_25.txt
522 
Group10_02.txt
13 45 122 196 253 305 371 
Group10_17.txt
1032 
Group10_26.txt
13 45 122 196 253 305 371 
Group12_13.txt
1020 
Group12_24.txt
395 
Group13_02.txt
86 164 1635 1831 1905 
Group13_09.txt
341 1223 
Group13_22.txt
64 336 2636 2885 5100 6296 6347 6912 7153 7302 12156 12636 12677 
Group13_25.txt
516 550 682 1706 2266 
Group13_26.txt
365 2973 3216 3225 4236 5292 8654 8687 8692 
Group13_27.txt
17 98 187 371 536 555 699 742 831 907 2151 2821 2886 
Group13_28.txt
767 939 
Group13_29.txt
364 390 
Group13_45.txt
1105 
