Group01_01.txt
615 
Group01_05.txt
7 20 76 128 224 265 275 336 368 
Group01_35.txt
502 579 
Group03_06.txt
726 
Group03_34.txt
963 
Group03_50.txt
477 
Group04_30.txt
6 71 152 374 420 480 502 541 550 586 609 630 677 692 712 766 779 822 
Group05_45.txt
1171 1177 1252 1260 
Group06_32.txt
317 
Group07_21.txt
779 
Group07_22.txt
330 537 
Group07_46.txt
54 186 620 627 
Group07_49.txt
15 34 229 317 408 985 1039 1046 1067 1098 1128 1229 1326 1392 1430 1574 1931 2040 2051 2274 2328 2352 
Group12_02.txt
1791 1822 1971 
Group12_03.txt
1269 1316 1373 1393 
Group12_10.txt
818 
Group12_43.txt
615 
Group13_43.txt
418 584 1682 1704 1710 
Group14_11.txt
28 
