Group01_30.txt
308 
Group03_30.txt
1608 
Group03_31.txt
31 
Group04_48.txt
424 
Group05_07.txt
369 
Group05_35.txt
370 
Group05_45.txt
403 
Group05_48.txt
52 
Group06_02.txt
180 
Group06_14.txt
49 
Group07_03.txt
2405 
Group08_02.txt
437 539 587 657 
Group08_11.txt
325 
Group08_29.txt
9 45 70 132 159 269 279 354 377 399 412 483 515 640 692 719 763 806 838 856 872 894 1031 1098 1111 1169 1204 1296 1340 1375 1413 1433 1541 
Group08_47.txt
58 495 
Group10_03.txt
164 395 580 912 
Group10_09.txt
364 
Group10_22.txt
361 
Group10_23.txt
654 
Group10_38.txt
645 
Group12_34.txt
18 400 592 
Group13_29.txt
3702 
Group13_30.txt
414 3609 
