Group02_18.txt
48 978 
Group02_20.txt
820 
Group02_23.txt
1104 1124 1179 1187 1189 1201 1207 1209 1218 1269 
Group02_27.txt
684 704 
Group02_37.txt
385 483 742 743 800 802 819 846 849 
Group02_44.txt
232 347 617 
Group02_46.txt
1705 
Group02_49.txt
163 176 185 233 287 349 442 483 1203 1296 2752 2755 2765 2813 
Group06_02.txt
804 
Group06_45.txt
462 
Group07_02.txt
853 
Group07_03.txt
1765 
Group07_04.txt
150 924 1140 
Group07_09.txt
703 
Group07_10.txt
483 
Group07_11.txt
384 
Group07_16.txt
71 203 746 
Group07_18.txt
149 
Group07_21.txt
273 
Group07_23.txt
282 321 
Group07_24.txt
194 448 
Group07_26.txt
165 226 458 
Group07_28.txt
167 
Group07_31.txt
1230 1428 
Group07_32.txt
56 140 331 
Group07_34.txt
175 226 586 672 
Group07_37.txt
480 1691 
Group07_38.txt
407 
Group07_39.txt
70 
Group07_42.txt
185 287 528 
Group07_44.txt
289 386 
Group07_46.txt
560 727 
Group07_48.txt
251 339 793 964 1140 
Group07_49.txt
174 
Group07_50.txt
122 160 
Group09_05.txt
481 
Group09_11.txt
480 
Group10_08.txt
12 
Group10_45.txt
436 
Group13_05.txt
770 
Group13_06.txt
808 
Group13_28.txt
148 191 241 249 292 333 347 369 392 399 465 490 1750 2120 2269 2368 2651 2684 2726 3020 3048 
Group13_36.txt
1144 
Group13_50.txt
495 
