Group01_05.txt
326 
Group01_06.txt
570 971 990 
Group01_07.txt
331 
Group01_08.txt
731 
Group01_10.txt
302 
Group01_14.txt
204 
Group01_21.txt
534 
Group01_27.txt
299 
Group01_31.txt
450 
Group01_32.txt
158 
Group01_34.txt
532 
Group01_35.txt
243 
Group01_38.txt
531 
Group01_42.txt
227 
Group01_43.txt
552 
Group01_44.txt
359 
Group01_50.txt
29 
Group02_01.txt
413 
Group02_03.txt
109 116 132 565 
Group02_04.txt
120 695 
Group02_07.txt
230 
Group02_09.txt
239 401 444 511 
Group02_10.txt
661 
Group02_14.txt
649 
Group02_17.txt
129 143 
Group02_18.txt
1381 1384 2258 2287 
Group02_19.txt
1336 1339 1713 
Group02_20.txt
394 417 759 780 1740 1875 2270 2505 2547 3331 3464 3522 3537 3549 3588 3739 3868 3894 3897 3927 3966 3997 4077 4082 
Group02_21.txt
984 1289 2054 2124 
Group02_22.txt
156 578 2565 2699 2951 3067 3103 
Group02_23.txt
75 493 1359 1394 
Group02_24.txt
283 1396 
Group02_25.txt
104 936 1130 1158 
Group02_26.txt
128 423 482 
Group02_27.txt
106 813 1839 
Group02_28.txt
490 496 661 
Group02_29.txt
52 768 916 1265 
Group02_30.txt
285 326 1081 1496 1866 2250 2272 2877 3135 3287 
Group02_31.txt
365 1111 1204 1392 1431 1504 1543 1623 1639 1823 1842 1991 2106 2133 2275 2319 2373 2620 2749 2770 2851 
Group02_32.txt
2005 2347 2365 2592 
Group02_33.txt
92 103 151 209 449 672 695 769 1196 1254 1264 1817 1883 1991 2029 2163 2260 2503 2621 2800 3147 3236 
Group02_34.txt
879 977 
Group02_35.txt
104 135 184 494 632 647 
Group02_36.txt
207 308 749 
Group02_37.txt
326 677 
Group02_38.txt
111 165 533 578 632 800 868 1432 1654 1714 1722 1733 1789 1795 1841 1850 1932 2260 2297 2335 2928 3403 3424 3514 
Group02_39.txt
161 606 722 730 753 799 1309 
Group02_40.txt
117 175 891 
Group02_41.txt
151 702 1365 1667 
Group02_42.txt
555 692 
Group02_43.txt
399 428 492 736 868 968 973 1145 1174 1583 
Group02_44.txt
29 37 61 118 182 198 294 319 475 491 762 847 890 1007 1114 1168 1178 
Group02_45.txt
89 260 431 512 975 1059 1257 1397 
Group02_46.txt
326 475 715 826 930 1734 1742 1858 2013 2104 2203 2364 2408 2454 2588 
Group02_48.txt
1605 1809 2214 
Group02_49.txt
181 210 479 833 905 923 1248 1551 1692 1695 1726 1790 2198 2208 2564 3467 3562 3584 
Group02_50.txt
188 385 793 863 869 1038 1321 1327 1332 1344 1493 1556 1589 1999 
Group03_04.txt
680 
Group03_06.txt
146 2019 2037 2594 
Group03_07.txt
2234 
Group03_08.txt
192 255 265 293 
Group03_13.txt
458 
Group03_14.txt
193 204 
Group03_18.txt
1098 
Group03_19.txt
145 512 
Group03_20.txt
937 
Group03_24.txt
1323 
Group03_28.txt
357 942 
Group03_29.txt
404 1166 1183 1535 
Group03_30.txt
664 
Group03_31.txt
790 818 1134 
Group03_33.txt
880 
Group03_34.txt
517 870 2820 
Group03_37.txt
672 
Group03_38.txt
1063 
Group03_40.txt
859 
Group03_42.txt
388 1184 1201 1556 
Group03_44.txt
202 
Group03_48.txt
930 
Group03_49.txt
625 
Group03_50.txt
633 
Group04_08.txt
486 
Group04_09.txt
490 
Group04_10.txt
434 
Group04_13.txt
858 
Group04_14.txt
363 401 411 459 480 
Group04_15.txt
1083 
Group04_16.txt
268 
Group04_17.txt
544 555 
Group04_18.txt
53 377 480 496 
Group04_29.txt
62 
Group04_31.txt
233 244 
Group04_39.txt
830 863 
Group05_09.txt
355 
Group05_13.txt
463 
Group05_23.txt
786 
Group05_25.txt
448 560 
Group05_44.txt
910 
Group06_01.txt
322 343 
Group06_02.txt
762 
Group06_05.txt
116 351 425 431 445 
Group06_10.txt
301 329 348 562 634 
Group06_14.txt
516 
Group06_15.txt
665 
Group06_16.txt
504 532 550 571 
Group06_18.txt
321 
Group06_19.txt
386 478 
Group06_21.txt
184 
Group06_26.txt
481 
Group06_28.txt
265 470 
Group06_30.txt
195 
Group06_32.txt
704 
Group06_34.txt
269 
Group06_35.txt
215 293 349 
Group06_40.txt
170 188 282 286 
Group06_41.txt
283 
Group06_43.txt
191 304 413 
Group06_44.txt
203 
Group06_46.txt
298 329 470 525 
Group06_48.txt
161 
Group07_02.txt
358 
Group07_03.txt
1600 
Group07_04.txt
28 584 
Group07_06.txt
153 469 519 
Group07_09.txt
120 172 
Group07_18.txt
1182 
Group07_21.txt
891 925 
Group07_23.txt
199 385 
Group07_24.txt
803 
Group07_30.txt
893 904 
Group07_31.txt
1678 1683 
Group07_32.txt
186 
Group07_38.txt
123 1932 1942 
Group07_42.txt
494 
Group07_44.txt
831 847 
Group07_48.txt
1197 
Group08_05.txt
155 
Group08_06.txt
956 
Group08_09.txt
663 
Group08_12.txt
735 
Group08_18.txt
284 327 350 
Group08_22.txt
868 
Group08_25.txt
270 539 1129 
Group08_30.txt
691 
Group08_39.txt
320 
Group08_48.txt
418 
Group08_50.txt
440 
Group09_01.txt
335 379 
Group09_03.txt
442 
Group09_05.txt
783 
Group09_06.txt
353 
Group09_09.txt
210 
Group09_11.txt
221 519 
Group09_14.txt
504 
Group09_16.txt
278 
Group09_21.txt
700 
Group09_22.txt
377 415 425 473 494 
Group09_24.txt
285 
Group09_26.txt
431 609 
Group09_27.txt
230 
Group09_30.txt
493 
Group09_45.txt
186 458 
Group10_11.txt
1186 1211 
Group10_12.txt
98 231 754 
Group10_13.txt
224 
Group10_14.txt
122 317 
Group10_15.txt
356 
Group10_16.txt
249 261 
Group10_17.txt
702 
Group10_19.txt
197 224 
Group10_22.txt
326 
Group10_27.txt
222 307 472 
Group10_33.txt
614 
Group10_35.txt
157 238 346 644 801 859 893 981 1004 1024 1122 1195 1318 1333 
Group10_39.txt
279 
Group10_40.txt
542 
Group10_43.txt
660 
Group10_48.txt
591 
Group11-03.txt
375 
Group11-07.txt
28 122 
Group11-09.txt
168 
Group11-16.txt
2388 
Group11-23.txt
460 
Group11-30.txt
351 
Group11-33.txt
774 
Group11-40.txt
329 
Group12_04.txt
2854 2857 
Group12_07.txt
160 
Group12_09.txt
23 816 828 1063 
Group12_16.txt
63 
Group12_26.txt
969 
Group12_30.txt
443 
Group12_32.txt
285 
Group12_34.txt
10 
Group12_44.txt
303 380 
Group12_45.txt
442 461 505 
Group12_49.txt
134 205 706 2097 
Group13_02.txt
2305 
Group13_04.txt
1106 
Group13_06.txt
1007 
Group13_09.txt
250 596 
Group13_21.txt
1750 
Group13_22.txt
451 1108 1599 5937 9878 15332 
Group13_24.txt
5233 
Group13_26.txt
6911 7150 8864 
Group13_27.txt
544 
Group13_29.txt
3230 
Group13_30.txt
2715 3273 
Group13_33.txt
1573 
Group13_36.txt
95 
Group13_38.txt
431 871 
Group13_41.txt
888 1137 1399 
Group13_43.txt
1444 
Group13_46.txt
2251 
Group13_47.txt
276 
Group13_48.txt
256 
Group13_49.txt
1234 1858 1871 
Group13_50.txt
837 
Group14_02.txt
281 
Group14_05.txt
298 
Group14_12.txt
110 
Group14_20.txt
532 
Group14_31.txt
51 
Group14_33.txt
590 
Group14_34.txt
296 410 498 524 691 
Group14_35.txt
1565 
Group14_36.txt
279 367 
Group14_37.txt
368 624 654 703 811 
Group14_38.txt
601 684 
Group14_39.txt
966 
Group14_40.txt
511 
Group14_41.txt
288 356 714 888 
Group14_42.txt
175 208 295 915 
Group14_43.txt
345 375 
Group14_45.txt
53 183 378 414 
Group14_46.txt
382 577 602 746 
Group14_49.txt
181 
Group14_50.txt
171 
