Group02_20.txt
3294 3387 3743 
Group02_23.txt
1076 1182 1253 1261 1272 
Group02_26.txt
238 
Group02_27.txt
265 522 641 646 697 754 1547 1634 1731 1837 
Group02_28.txt
1557 
Group02_29.txt
168 680 691 758 
Group02_32.txt
911 
Group02_35.txt
214 424 431 434 462 471 520 562 597 789 836 843 
Group02_46.txt
1060 1153 1706 1718 2428 
Group02_49.txt
180 248 467 517 2337 2810 
Group02_50.txt
1608 
Group03_10.txt
147 
Group03_12.txt
671 
Group09_16.txt
440 
Group09_50.txt
123 
Group10_18.txt
667 
Group11-34.txt
7 
Group12_35.txt
681 691 
