Group01_19.txt
753 
Group02_09.txt
134 187 385 694 770 820 
Group02_38.txt
1334 
Group03_13.txt
1354 
Group04_09.txt
385 
Group04_26.txt
638 
Group04_34.txt
468 
Group04_38.txt
50 337 
Group05_20.txt
382 
Group05_24.txt
498 
Group05_28.txt
124 
Group05_31.txt
299 
Group07_03.txt
2008 
Group07_49.txt
1732 
Group08_30.txt
55 384 419 481 483 621 652 654 672 778 831 848 905 995 1009 1093 1106 1154 1325 1468 1604 
Group10_14.txt
487 
Group11-02.txt
1001 
Group11-20.txt
588 
Group11-50.txt
242 624 641 760 828 
Group12_23.txt
82 497 
Group12_24.txt
615 
Group13_17.txt
31 153 281 577 601 
Group13_36.txt
590 
Group13_42.txt
30 51 77 286 526 599 792 974 
Group13_47.txt
1298 
Group14_04.txt
108 
Group14_07.txt
241 
Group14_08.txt
73 221 305 317 445 543 
