Group02_04.txt
235 
Group02_18.txt
2941 3030 
Group02_19.txt
1295 
Group02_20.txt
2975 3007 3017 3030 
Group02_24.txt
334 497 
Group02_27.txt
719 
Group02_28.txt
1636 
Group02_29.txt
241 286 505 533 
Group02_30.txt
1992 2006 2189 2205 2222 2266 2293 2318 2359 2404 2482 2532 2568 2585 2613 2617 2631 2681 2881 2921 2939 2974 
Group02_32.txt
487 715 1137 1194 2021 
Group02_33.txt
736 811 1948 
Group02_38.txt
2625 2876 3174 
Group02_39.txt
395 406 443 517 529 625 693 728 1195 1307 
Group02_40.txt
1555 
Group02_41.txt
376 455 1046 
Group02_42.txt
535 
Group02_45.txt
194 422 491 946 962 1551 
Group02_46.txt
443 803 
Group02_50.txt
541 592 1099 1142 1387 
Group03_03.txt
332 769 
Group03_09.txt
294 
Group03_44.txt
531 
Group04_05.txt
82 
Group04_07.txt
43 
Group05_17.txt
397 
Group06_08.txt
377 430 
Group06_32.txt
633 
Group06_41.txt
172 
Group06_46.txt
50 
Group07_37.txt
1626 
Group07_38.txt
1785 
Group10_23.txt
349 
Group10_34.txt
262 
Group10_35.txt
210 
Group11-29.txt
550 
Group12_45.txt
567 
Group13_22.txt
1325 
Group13_40.txt
732 927 
Group14_31.txt
18 
Group14_38.txt
299 
Group14_39.txt
891 
Group14_47.txt
362 
Group14_50.txt
74 
