Group02_19.txt
1337 
Group02_20.txt
205 211 
Group02_21.txt
2326 2443 2472 
Group02_23.txt
1531 1545 1552 
Group02_27.txt
1523 1669 
Group02_28.txt
135 147 156 1352 1364 1373 
Group02_29.txt
256 270 275 321 327 338 344 352 361 437 1164 
Group02_30.txt
1873 2023 2468 2655 
Group02_33.txt
773 793 2335 2728 3329 
Group02_38.txt
1708 2867 2888 
Group02_39.txt
601 612 739 807 816 907 946 959 964 
Group02_40.txt
169 516 860 877 892 1428 1785 1867 
Group02_41.txt
1029 1035 
Group02_45.txt
872 
Group02_46.txt
613 
Group02_50.txt
670 683 690 721 870 886 937 967 986 1039 1325 1333 1395 
Group03_15.txt
141 
Group03_31.txt
917 
Group06_05.txt
426 
Group06_11.txt
523 
Group06_35.txt
45 273 455 462 484 505 
Group08_20.txt
767 
Group10_28.txt
1058 
Group11-03.txt
590 
Group11-16.txt
167 1770 1904 1962 2438 
Group11-46.txt
870 1254 
Group12_24.txt
484 
Group13_05.txt
2105 
Group13_26.txt
9258 
Group13_32.txt
1178 
