Group01_30.txt
628 
Group02_34.txt
796 
Group03_03.txt
1172 
Group03_29.txt
431 
Group03_42.txt
415 
Group04_06.txt
403 
Group04_14.txt
179 
Group05_46.txt
68 
Group06_40.txt
226 234 
Group06_41.txt
52 
Group08_41.txt
102 
Group09_22.txt
191 
Group10_35.txt
2 75 88 159 183 239 263 285 327 338 348 395 494 514 535 565 698 794 826 874 961 972 982 1000 1050 1153 1181 1197 1208 1231 1253 1290 1319 1335 1346 1364 1387 1412 1452 1472 1484 1504 1543 1555 1567 1607 1642 1653 1734 
Group10_36.txt
235 
Group11-27.txt
8 21 50 151 
Group11-29.txt
166 208 596 
Group11-30.txt
68 
Group12_17.txt
39 128 230 
Group12_31.txt
402 
Group12_42.txt
377 
Group13_26.txt
453 
Group14_44.txt
69 
