Group01_25.txt
267 
Group01_34.txt
3 14 25 41 58 83 101 133 160 198 244 304 318 331 411 449 510 542 570 613 686 696 707 
Group05_14.txt
5 85 206 242 403 427 485 502 522 542 630 718 722 1002 
Group05_49.txt
5 126 152 192 249 288 353 507 565 601 637 649 674 693 827 
Group06_48.txt
447 
Group08_41.txt
5 27 35 104 183 202 
Group10_39.txt
154 168 271 426 490 646 716 724 735 770 956 
Group11-02.txt
186 373 852 1081 1106 
Group11-06.txt
0 63 161 441 
Group11-27.txt
5 175 
Group11-30.txt
5 47 
Group12_02.txt
691 
