Group01_30.txt
172 
Group01_42.txt
280 
Group02_23.txt
1108 1126 1203 1220 1274 
Group02_30.txt
1529 1532 1586 1923 1994 2535 2748 2750 2759 2761 2764 2768 2803 2826 2828 2830 2832 2897 2923 2956 2958 2960 2962 2964 2966 
Group02_32.txt
1072 1111 1232 1246 1287 1471 1492 1497 1516 1523 1538 1552 1563 1570 1587 1660 1679 1699 1713 1771 1854 1868 1879 1885 2179 2184 2196 2203 2209 2215 2223 
Group02_33.txt
826 911 921 943 961 986 1019 1136 1138 1141 1147 1245 1708 1727 2950 2970 3000 3207 3382 3385 
Group02_40.txt
457 
Group02_42.txt
379 381 391 393 
Group02_48.txt
2181 2273 2278 2281 2284 2287 2290 2293 2296 2467 
Group02_49.txt
2724 2802 2830 2842 2869 2879 2903 2905 2909 2947 2951 2957 2961 2972 2984 3001 3013 3018 
Group03_14.txt
757 
Group06_08.txt
194 
Group07_37.txt
595 
Group09_04.txt
97 101 128 133 235 
Group09_24.txt
264 
Group09_40.txt
7 57 739 
Group10_35.txt
526 588 
Group10_40.txt
627 
Group11-16.txt
775 
Group11-25.txt
328 
Group12_02.txt
19 42 47 65 171 176 211 254 274 355 496 724 1106 1163 1183 1206 1235 1240 1275 
Group12_29.txt
128 
Group12_41.txt
191 245 
Group13_50.txt
490 
