Group01_10.txt
208 486 
Group01_45.txt
46 126 253 282 444 505 
Group02_05.txt
424 
Group02_12.txt
254 
Group02_13.txt
727 778 805 
Group02_14.txt
488 
Group03_06.txt
1272 2224 
Group04_28.txt
280 
Group04_31.txt
500 518 
Group04_32.txt
331 
Group04_45.txt
69 148 160 181 250 256 265 271 275 281 287 291 296 300 306 311 314 320 324 387 412 450 
Group04_48.txt
221 
Group05_03.txt
40 
Group06_25.txt
301 
Group07_01.txt
246 
Group07_21.txt
413 
Group07_24.txt
1316 
Group07_27.txt
231 
Group10_43.txt
800 
Group10_45.txt
6 28 55 127 130 133 139 141 160 195 208 261 329 355 367 381 392 400 417 458 464 560 576 617 620 
Group11-17.txt
683 
Group13_21.txt
915 989 
Group13_30.txt
86 2431 
Group13_38.txt
853 
Group14_19.txt
564 
