Group02_10.txt
282 
Group02_27.txt
1132 1154 1168 1171 1176 1222 
Group03_24.txt
169 
Group03_25.txt
469 
Group04_06.txt
917 
Group04_21.txt
46 
Group04_23.txt
126 159 
Group04_25.txt
356 
Group04_41.txt
80 
Group04_44.txt
218 
Group05_46.txt
261 
Group06_39.txt
290 
Group07_03.txt
637 1452 1738 
Group07_12.txt
940 
Group07_17.txt
79 367 428 
Group07_19.txt
90 
Group07_22.txt
31 316 683 785 825 
Group07_29.txt
191 293 
Group07_30.txt
647 
Group08_22.txt
0 263 310 392 584 812 
Group08_33.txt
269 
Group08_43.txt
163 168 310 
Group09_12.txt
458 
Group10_13.txt
376 
Group10_40.txt
234 
Group11-15.txt
1310 
Group11-16.txt
1396 
Group11-41.txt
68 
Group11-49.txt
617 
Group12_01.txt
926 952 1005 
Group12_10.txt
624 644 665 737 
Group12_13.txt
295 693 730 1164 1219 1424 1695 
Group12_14.txt
90 290 420 723 779 952 
Group12_19.txt
245 376 831 
Group12_33.txt
22 41 70 163 199 426 
Group12_42.txt
1237 1317 
Group12_49.txt
694 
Group13_02.txt
2116 
Group13_21.txt
1057 
Group13_22.txt
3812 3916 6808 7262 10650 13573 13812 14344 14359 14513 14545 14761 15388 15626 16458 
Group13_23.txt
3269 
Group13_26.txt
2535 
Group13_27.txt
469 2965 3007 
Group13_33.txt
199 
Group13_39.txt
227 326 542 815 1369 1391 2056 2204 
Group13_40.txt
726 
Group13_43.txt
834 
Group13_45.txt
1182 1311 1389 1557 
Group13_49.txt
626 687 957 965 1804 2069 2073 2088 
Group14_06.txt
307 
Group14_09.txt
97 
Group14_10.txt
214 
Group14_11.txt
426 
Group14_17.txt
393 
Group14_25.txt
58 93 203 
Group14_39.txt
815 
Group14_40.txt
518 
