Group03_06.txt
2453 2499 
Group03_16.txt
273 
Group03_20.txt
503 
Group03_21.txt
22 330 549 
Group03_22.txt
430 
Group03_25.txt
169 
Group03_27.txt
1576 1701 
Group03_46.txt
533 
Group04_42.txt
418 
Group05_04.txt
319 
Group07_10.txt
31 48 111 
Group07_21.txt
472 
Group07_27.txt
164 310 
Group07_36.txt
173 
Group08_02.txt
8 30 
Group09_14.txt
610 723 780 
Group09_17.txt
727 740 
Group09_23.txt
361 381 
Group10_27.txt
15 138 174 196 252 379 390 436 470 565 638 648 698 810 869 889 897 986 
Group10_29.txt
115 710 747 
Group11-06.txt
220 
Group12_49.txt
1504 
Group13_05.txt
81 89 105 146 507 626 1881 
Group13_06.txt
244 290 306 377 
Group13_25.txt
1438 
Group13_28.txt
3053 
Group13_35.txt
1149 1226 
Group13_43.txt
9 67 165 795 1008 1084 
Group13_44.txt
28 704 731 745 867 889 909 1270 2470 2692 2749 3213 3786 3826 3861 
Group13_45.txt
870 
Group13_46.txt
189 
Group14_02.txt
176 
Group14_14.txt
502 
Group14_16.txt
229 
