Group03_11.txt
263 723 
Group03_16.txt
265 375 498 643 862 910 
Group03_20.txt
695 796 951 962 
Group03_21.txt
1895 
Group03_22.txt
95 391 399 520 1007 
Group03_23.txt
448 
Group03_28.txt
179 548 595 644 945 
Group04_10.txt
455 
Group04_21.txt
527 551 945 
Group04_22.txt
6 145 
Group06_14.txt
389 
Group07_10.txt
45 552 595 
Group07_12.txt
1026 
Group07_19.txt
439 637 677 811 
Group07_33.txt
145 395 479 
Group07_39.txt
506 
Group09_07.txt
181 678 
Group10_21.txt
914 
Group10_43.txt
442 919 
Group12_41.txt
1 
Group12_46.txt
649 
Group13_05.txt
259 416 524 1667 
Group13_23.txt
682 1002 1703 1907 3350 3542 3635 
Group13_38.txt
494 
Group13_41.txt
190 270 1592 
Group13_43.txt
196 254 270 772 819 859 918 1576 
Group13_45.txt
20 309 719 751 918 1656 
Group13_46.txt
1280 
Group13_48.txt
115 402 667 826 831 1548 1782 2212 2263 2362 2420 2431 2496 2525 
