Group03_11.txt
647 758 
Group03_15.txt
679 
Group03_16.txt
193 294 752 
Group03_20.txt
306 493 625 925 
Group03_21.txt
38 162 1192 
Group03_22.txt
17 126 295 308 609 644 1129 
Group03_26.txt
54 342 1487 
Group03_28.txt
112 556 767 924 
Group04_10.txt
481 891 933 
Group04_21.txt
155 189 200 246 914 917 
Group04_22.txt
21 70 
Group06_05.txt
96 
Group06_10.txt
226 
Group06_29.txt
395 
Group06_38.txt
26 263 411 438 525 553 
Group07_10.txt
92 114 196 518 
Group07_11.txt
81 119 238 327 
Group07_12.txt
52 203 257 352 386 389 439 532 601 644 911 
Group07_13.txt
47 99 157 280 659 
Group07_19.txt
186 320 361 379 662 720 771 
Group07_22.txt
136 
Group07_33.txt
44 113 261 732 
Group07_45.txt
337 347 
Group09_07.txt
690 801 
Group10_22.txt
616 
Group10_33.txt
432 483 
Group10_34.txt
385 
Group10_38.txt
925 
Group10_43.txt
6 397 639 952 1067 
Group11-16.txt
1320 
Group11-22.txt
404 
Group12_10.txt
629 
Group12_13.txt
761 
Group12_16.txt
166 
Group12_42.txt
606 638 675 894 
Group12_46.txt
334 413 577 662 718 753 
Group12_47.txt
190 433 
Group13_05.txt
116 317 610 852 872 894 904 1141 
Group13_06.txt
2497 
Group13_07.txt
420 560 
Group13_22.txt
7027 7100 10739 10753 11687 11825 11843 
Group13_23.txt
254 787 2042 2274 2618 
Group13_29.txt
1171 1222 1249 1264 
Group13_34.txt
180 
Group13_38.txt
167 595 810 979 1012 1109 1130 1417 1552 
Group13_41.txt
18 24 211 340 346 425 631 716 950 1001 1095 1219 1326 1484 1557 1563 1597 
Group13_43.txt
147 208 337 401 574 842 984 995 1217 1424 1639 1678 1837 
Group13_45.txt
125 251 331 475 490 1083 1276 1614 
Group13_48.txt
238 361 484 555 1105 1534 1679 1713 1903 2203 2509 2675 
Group13_50.txt
589 
Group14_13.txt
94 
Group14_14.txt
117 
Group14_33.txt
63 
