Group02_04.txt
377 
Group03_25.txt
202 
Group03_34.txt
1242 
Group03_49.txt
347 
Group04_01.txt
1 21 143 222 319 341 356 637 645 659 730 734 759 799 808 827 863 
Group04_06.txt
143 308 476 517 602 
Group04_07.txt
446 826 
Group04_12.txt
17 595 
Group04_22.txt
574 
Group05_14.txt
946 
Group05_26.txt
250 
Group05_49.txt
924 
Group06_15.txt
840 
Group07_36.txt
429 
Group08_04.txt
2 28 81 126 155 184 229 270 278 368 396 435 488 500 505 523 556 559 570 647 692 703 735 740 
Group08_05.txt
175 195 263 294 
Group08_08.txt
44 77 121 231 
Group08_14.txt
18 50 217 326 334 
Group08_23.txt
2 28 81 126 155 184 229 270 278 368 396 435 488 500 505 523 556 559 570 648 693 704 736 741 
Group08_29.txt
710 
Group08_43.txt
686 
Group09_44.txt
284 403 
Group10_17.txt
68 140 147 668 669 674 695 728 731 774 809 814 
Group10_40.txt
2 54 172 264 347 361 460 495 516 532 
Group10_47.txt
7 16 63 98 108 136 159 206 485 564 581 657 681 772 801 832 850 873 888 895 913 988 998 1005 1030 1040 
Group10_48.txt
2 16 51 383 507 701 
Group11-24.txt
176 185 524 
Group12_04.txt
527 610 706 819 1894 
Group12_06.txt
570 697 1061 1221 
Group12_14.txt
59 209 359 504 545 681 896 979 987 
Group12_17.txt
11 38 52 58 127 157 171 229 274 303 314 383 393 434 
Group12_18.txt
161 316 478 549 
Group12_22.txt
737 778 
Group12_35.txt
355 422 436 485 
Group12_42.txt
372 
Group13_03.txt
181 471 
Group13_06.txt
406 
Group13_20.txt
200 
Group13_24.txt
2301 
Group13_42.txt
824 904 931 
Group13_49.txt
953 1913 
Group14_05.txt
116 
Group14_21.txt
64 178 
Group14_35.txt
1097 1220 
Group14_38.txt
197 
Group14_41.txt
458 
Group14_49.txt
250 430 
