Group01_01.txt
381 
Group01_04.txt
283 
Group01_05.txt
27 139 
Group01_06.txt
1095 
Group01_08.txt
364 578 655 794 
Group01_09.txt
229 245 316 675 
Group01_14.txt
374 394 559 579 
Group01_21.txt
472 
Group01_22.txt
138 
Group01_23.txt
550 
Group01_24.txt
283 
Group01_25.txt
591 
Group01_27.txt
159 357 
Group01_28.txt
215 293 
Group01_29.txt
275 320 800 
Group01_30.txt
219 388 
Group01_31.txt
43 
Group01_32.txt
239 1065 
Group01_35.txt
289 1279 
Group01_38.txt
469 
Group01_42.txt
226 
Group01_45.txt
11 
Group02_03.txt
348 
Group02_05.txt
140 
Group02_07.txt
6 32 121 147 513 
Group02_10.txt
93 273 308 655 
Group02_14.txt
631 
Group02_15.txt
158 
Group02_16.txt
85 377 754 910 
Group02_17.txt
106 
Group02_18.txt
6 641 2204 2332 2444 2508 2613 2680 2882 
Group02_19.txt
152 557 1097 1110 1181 1455 1472 
Group02_20.txt
114 183 200 385 535 794 800 1021 1158 1328 2200 2265 2958 3941 
Group02_21.txt
454 573 604 781 2066 2325 2441 
Group02_22.txt
26 337 496 552 1156 1417 1555 1722 2737 3535 
Group02_23.txt
431 894 1544 
Group02_24.txt
752 1002 1253 
Group02_25.txt
84 654 1020 1109 
Group02_26.txt
7 356 497 586 
Group02_27.txt
179 504 
Group02_28.txt
71 76 84 212 225 268 312 382 790 810 1001 1037 1043 1226 1231 1245 1319 1330 1506 1510 1569 1631 1635 1671 1714 1765 1977 2047 2051 2089 
Group02_29.txt
102 185 438 684 713 738 740 981 1136 
Group02_30.txt
258 292 425 461 583 614 845 1068 1194 1248 1363 1810 2277 2321 2362 2382 2521 2566 2612 2665 2684 2884 2919 3302 3461 3490 3512 3927 
Group02_31.txt
236 323 440 469 579 603 651 664 691 975 1031 1088 1092 1297 1412 1675 1685 1715 1817 1836 2382 2467 2624 2802 2911 
Group02_32.txt
1161 1353 1366 
Group02_33.txt
43 56 1305 2334 3199 
Group02_34.txt
146 261 901 1046 1177 1315 
Group02_35.txt
812 904 964 
Group02_36.txt
1237 
Group02_37.txt
211 545 787 796 902 1396 
Group02_38.txt
796 848 850 915 921 1262 1545 1549 1647 2278 2328 2532 2585 2591 2735 3033 
Group02_39.txt
60 123 144 279 455 520 712 727 1098 1314 
Group02_40.txt
19 801 994 1038 1080 1083 1408 1427 1506 1608 1784 1866 1906 
Group02_41.txt
112 575 1512 
Group02_43.txt
101 177 1333 1454 
Group02_44.txt
188 416 496 635 673 1004 1306 
Group02_45.txt
1237 
Group02_46.txt
1284 1574 1676 
Group02_47.txt
69 215 237 268 282 
Group02_48.txt
595 1296 1364 2331 
Group02_49.txt
101 1581 1649 2226 2874 3256 3408 3743 3833 
Group02_50.txt
274 464 507 537 1466 1687 
Group03_01.txt
192 
Group03_02.txt
314 665 
Group03_03.txt
1073 
Group03_04.txt
1095 1302 1959 
Group03_05.txt
45 223 998 
Group03_06.txt
1059 
Group03_07.txt
17 1339 2298 2383 2428 
Group03_08.txt
241 
Group03_09.txt
147 499 677 
Group03_10.txt
241 713 
Group03_12.txt
846 
Group03_13.txt
44 754 
Group03_14.txt
132 149 433 
Group03_15.txt
90 173 
Group03_16.txt
55 673 
Group03_17.txt
46 
Group03_18.txt
211 594 775 
Group03_19.txt
116 277 606 
Group03_20.txt
59 165 268 
Group03_21.txt
1145 1821 
Group03_22.txt
718 1078 
Group03_24.txt
1469 
Group03_25.txt
71 
Group03_26.txt
1258 
Group03_27.txt
61 1038 1340 
Group03_28.txt
169 249 379 402 613 
Group03_30.txt
243 
Group03_31.txt
321 382 835 1105 2055 2527 
Group03_32.txt
1056 1379 
Group03_33.txt
901 
Group03_34.txt
20 248 1726 2628 
Group03_35.txt
25 76 99 116 187 225 615 
Group03_36.txt
807 1224 
Group03_37.txt
10 316 933 1257 1435 1650 1698 2097 
Group03_40.txt
880 
Group03_44.txt
837 1460 
Group03_47.txt
65 308 
Group03_48.txt
43 174 
Group03_49.txt
32 744 
Group03_50.txt
1051 
Group04_03.txt
410 414 
Group04_06.txt
280 387 
Group04_10.txt
558 
Group04_13.txt
517 548 623 654 
Group04_15.txt
784 
Group04_16.txt
54 302 
Group04_18.txt
136 
Group04_19.txt
180 
Group04_21.txt
265 
Group04_24.txt
263 
Group04_25.txt
519 
Group04_26.txt
18 81 
Group04_27.txt
162 
Group04_30.txt
9 90 
Group04_34.txt
202 280 889 
Group04_35.txt
38 390 401 
Group04_36.txt
482 
Group04_37.txt
372 
Group04_43.txt
202 
Group04_46.txt
582 591 
Group05_02.txt
75 912 
Group05_04.txt
789 
Group05_05.txt
141 168 
Group05_06.txt
80 190 
Group05_08.txt
129 
Group05_09.txt
722 
Group05_10.txt
36 178 234 298 
Group05_13.txt
1010 
Group05_14.txt
449 537 
Group05_20.txt
29 826 
Group05_21.txt
351 573 
Group05_23.txt
78 153 688 698 
Group05_25.txt
696 
Group05_28.txt
575 
Group05_30.txt
79 277 
Group05_32.txt
167 636 
Group05_35.txt
113 196 
Group05_40.txt
117 238 287 
Group05_43.txt
22 
Group05_44.txt
136 162 479 927 1076 
Group05_45.txt
927 
Group05_46.txt
472 
Group05_48.txt
273 
Group05_49.txt
529 688 
Group06_05.txt
553 563 
Group06_06.txt
61 260 405 739 
Group06_07.txt
293 
Group06_09.txt
34 116 
Group06_11.txt
36 400 605 
Group06_12.txt
254 
Group06_14.txt
181 
Group06_15.txt
287 
Group06_16.txt
480 914 
Group06_17.txt
327 909 
Group06_18.txt
69 
Group06_21.txt
100 351 393 484 
Group06_22.txt
408 432 523 
Group06_24.txt
72 263 481 516 
Group06_26.txt
90 114 178 256 492 589 622 
Group06_27.txt
22 
Group06_28.txt
664 
Group06_29.txt
562 
Group06_31.txt
327 909 
Group06_32.txt
27 70 473 487 
Group06_33.txt
53 
Group06_34.txt
123 
Group06_35.txt
176 368 381 406 454 483 
Group06_37.txt
318 
Group06_38.txt
7 53 178 
Group06_43.txt
388 
Group06_45.txt
114 341 
Group06_47.txt
418 
Group06_50.txt
276 
Group07_02.txt
572 
Group07_03.txt
665 678 1260 1316 2033 2052 2492 2693 
Group07_05.txt
83 
Group07_07.txt
62 370 1040 1425 
Group07_09.txt
178 256 
Group07_10.txt
142 406 
Group07_11.txt
371 412 
Group07_12.txt
791 
Group07_13.txt
217 523 
Group07_14.txt
30 148 223 528 
Group07_18.txt
54 100 529 
Group07_19.txt
219 241 
Group07_21.txt
65 212 557 
Group07_22.txt
101 788 
Group07_23.txt
106 
Group07_24.txt
138 395 689 1063 1416 1852 2043 
Group07_26.txt
31 60 82 471 
Group07_28.txt
256 
Group07_29.txt
36 317 416 
Group07_30.txt
326 427 
Group07_31.txt
1948 
Group07_35.txt
100 172 
Group07_37.txt
188 841 1459 
Group07_38.txt
614 941 
Group07_40.txt
263 
Group07_45.txt
194 
Group07_48.txt
47 137 1118 
Group07_49.txt
276 662 809 
Group07_50.txt
282 
Group08_01.txt
325 
Group08_02.txt
302 
Group08_06.txt
459 651 1102 
Group08_07.txt
262 
Group08_10.txt
424 
Group08_12.txt
1081 
Group08_13.txt
757 796 
Group08_15.txt
813 
Group08_20.txt
399 1259 
Group08_24.txt
221 
Group08_25.txt
408 506 
Group08_27.txt
257 422 
Group08_28.txt
247 257 300 
Group08_29.txt
797 
Group08_30.txt
1262 
Group08_31.txt
292 683 699 
Group08_34.txt
364 
Group08_35.txt
38 
Group08_36.txt
260 
Group08_38.txt
32 86 159 
Group08_47.txt
61 
Group08_48.txt
102 
Group08_49.txt
101 
Group08_50.txt
290 404 
Group09_03.txt
91 
Group09_04.txt
319 
Group09_05.txt
67 79 707 729 
Group09_07.txt
475 732 
Group09_08.txt
239 
Group09_10.txt
746 
Group09_11.txt
179 276 385 
Group09_13.txt
298 
Group09_14.txt
327 
Group09_15.txt
118 
Group09_16.txt
238 286 
Group09_17.txt
231 407 761 
Group09_20.txt
544 
Group09_21.txt
78 151 
Group09_24.txt
180 
Group09_25.txt
1 249 295 330 393 
Group09_27.txt
183 
Group09_29.txt
106 319 356 614 
Group09_30.txt
3 20 67 140 310 550 577 
Group09_35.txt
113 
Group09_37.txt
53 1053 1143 
Group09_38.txt
42 72 
Group09_41.txt
271 
Group09_44.txt
427 
Group09_45.txt
653 
Group09_46.txt
125 
Group09_49.txt
271 782 846 861 
Group10_01.txt
120 
Group10_03.txt
185 746 847 948 
Group10_04.txt
246 
Group10_06.txt
379 434 
Group10_08.txt
35 121 
Group10_09.txt
236 
Group10_14.txt
188 365 427 
Group10_20.txt
592 
Group10_21.txt
939 
Group10_22.txt
596 621 
Group10_24.txt
9 
Group10_25.txt
447 786 
Group10_29.txt
24 99 171 
Group10_33.txt
145 574 854 1107 1119 1255 1395 
Group10_35.txt
298 485 944 1689 
Group10_36.txt
288 
Group10_37.txt
409 464 
Group10_39.txt
20 670 
Group10_43.txt
51 392 511 1052 
Group10_44.txt
454 
Group10_46.txt
93 
Group10_47.txt
987 
Group10_48.txt
109 242 259 
Group10_50.txt
395 
Group11-01.txt
106 
Group11-03.txt
221 
Group11-04.txt
295 474 704 879 
Group11-05.txt
2017 
Group11-15.txt
34 459 578 835 1101 1134 2250 2421 
Group11-16.txt
1685 1827 1849 2741 2763 3244 3307 
Group11-19.txt
209 220 
Group11-21.txt
57 
Group11-23.txt
95 
Group11-24.txt
151 325 441 811 
Group11-25.txt
290 
Group11-26.txt
318 
Group11-29.txt
489 580 
Group11-37.txt
137 313 768 
Group11-39.txt
182 562 629 
Group11-40.txt
40 125 155 191 
Group11-42.txt
269 
Group11-43.txt
150 329 
Group11-45.txt
31 210 
Group11-46.txt
604 687 
Group11-47.txt
72 
Group11-48.txt
95 143 431 869 
Group11-49.txt
128 415 634 
Group11-50.txt
290 
Group12_01.txt
1456 
Group12_04.txt
408 971 1533 1902 
Group12_05.txt
651 
Group12_07.txt
373 
Group12_09.txt
822 
Group12_10.txt
8 60 99 225 
Group12_13.txt
892 
Group12_14.txt
608 
Group12_15.txt
16 
Group12_17.txt
23 
Group12_23.txt
35 130 
Group12_24.txt
304 
Group12_26.txt
818 1479 
Group12_27.txt
230 431 
Group12_28.txt
172 
Group12_29.txt
490 
Group12_31.txt
51 135 337 
Group12_34.txt
584 
Group12_36.txt
167 270 288 310 
Group12_40.txt
540 
Group12_41.txt
287 
Group12_43.txt
693 737 
Group12_44.txt
333 480 
Group12_45.txt
320 
Group12_46.txt
349 
Group12_47.txt
66 
Group12_49.txt
367 1357 
Group12_50.txt
38 44 228 262 
Group13_02.txt
637 697 889 1949 
Group13_05.txt
80 608 2066 
Group13_06.txt
725 2533 
Group13_08.txt
220 983 1020 
Group13_10.txt
440 717 
Group13_11.txt
161 
Group13_14.txt
92 180 314 412 461 506 529 
Group13_15.txt
40 
Group13_16.txt
2 28 
Group13_19.txt
34 117 299 
Group13_21.txt
316 332 671 810 1220 1440 1548 
Group13_22.txt
3932 3968 4280 4817 5695 6444 6489 6503 6919 7656 7737 8540 10686 11048 13651 14323 14576 15689 16200 
Group13_23.txt
1494 1533 1719 3601 
Group13_24.txt
1592 1656 1853 3736 3959 5113 5643 
Group13_25.txt
511 1348 
Group13_26.txt
2514 2823 3975 3983 5134 6792 7368 8987 9861 
Group13_27.txt
25 106 2666 
Group13_29.txt
1574 3450 3550 4908 4968 
Group13_30.txt
460 3202 3724 4097 
Group13_31.txt
762 
Group13_33.txt
113 134 307 912 1026 1395 1752 
Group13_34.txt
304 
Group13_35.txt
666 1260 1279 
Group13_36.txt
52 109 273 300 1152 
Group13_37.txt
126 151 351 
Group13_38.txt
59 
Group13_39.txt
181 829 936 944 980 1816 
Group13_40.txt
299 
Group13_41.txt
513 958 
Group13_43.txt
207 336 1677 1721 
Group13_44.txt
467 772 1130 
Group13_45.txt
1061 1114 
Group13_47.txt
754 
Group13_48.txt
4 1086 1339 1414 
Group13_49.txt
39 81 206 1021 1569 
Group13_50.txt
41 913 
Group14_02.txt
313 
Group14_03.txt
110 
Group14_05.txt
247 
Group14_07.txt
492 
Group14_11.txt
47 154 160 232 433 
Group14_13.txt
263 
Group14_14.txt
375 
Group14_16.txt
228 359 
Group14_17.txt
414 
Group14_19.txt
120 351 603 
Group14_21.txt
224 
Group14_22.txt
500 
Group14_23.txt
54 61 193 
Group14_24.txt
92 248 
Group14_25.txt
379 434 484 
Group14_26.txt
843 
Group14_29.txt
183 
Group14_30.txt
199 
Group14_31.txt
714 
Group14_32.txt
864 
Group14_34.txt
374 
Group14_38.txt
765 
Group14_39.txt
14 
Group14_42.txt
465 652 
Group14_43.txt
445 
Group14_44.txt
197 
Group14_46.txt
78 91 137 344 501 775 
Group14_47.txt
265 
Group14_48.txt
33 115 161 444 
Group14_49.txt
560 
Group14_50.txt
123 
