Group01_23.txt
158 
Group01_26.txt
186 393 
Group01_37.txt
440 
Group01_40.txt
542 
Group02_03.txt
140 148 267 831 
Group02_18.txt
2450 2472 2475 2589 2620 2751 2796 
Group02_20.txt
3219 3233 3254 3337 3359 3382 3409 
Group02_35.txt
262 
Group02_49.txt
1 83 113 257 282 299 314 322 336 354 381 394 406 419 430 605 639 644 669 710 839 851 854 1086 1492 1897 2235 2571 2625 2634 2690 2939 2942 3099 3188 3236 3284 3307 3322 3334 3543 3609 
Group03_05.txt
310 
Group03_13.txt
59 
Group04_05.txt
77 
Group05_23.txt
425 
Group05_27.txt
1124 
Group05_47.txt
66 
Group06_11.txt
148 238 359 445 480 
Group06_29.txt
655 
Group08_40.txt
55 
Group09_26.txt
57 
Group09_39.txt
662 
Group09_40.txt
189 213 
Group09_42.txt
42 111 258 305 380 426 578 633 
Group10_11.txt
783 
Group10_31.txt
113 
Group11-08.txt
393 
Group11-25.txt
48 
Group13_29.txt
1105 
Group13_37.txt
1507 
Group14_02.txt
18 87 
Group14_37.txt
349 
