Group01_10.txt
241 838 842 
Group01_33.txt
255 306 625 
Group01_45.txt
35 182 337 
Group02_04.txt
338 432 484 
Group02_05.txt
37 102 
Group02_09.txt
496 
Group02_13.txt
99 102 115 511 562 684 731 757 
Group02_30.txt
1680 
Group03_02.txt
397 
Group03_04.txt
299 371 887 
Group03_06.txt
1315 1327 1604 
Group03_31.txt
1465 
Group03_32.txt
152 
Group03_39.txt
135 
Group04_17.txt
700 
Group04_27.txt
6 80 199 222 257 393 694 765 813 
Group04_29.txt
230 297 308 333 338 402 
Group04_31.txt
150 577 
Group04_32.txt
509 819 834 
Group04_35.txt
360 
Group04_36.txt
84 667 
Group04_42.txt
326 
Group04_43.txt
668 
Group04_48.txt
397 416 419 
Group04_49.txt
388 405 
Group04_50.txt
111 456 501 
Group05_04.txt
413 
Group05_09.txt
353 519 657 884 
Group05_27.txt
18 143 339 550 1036 
Group05_43.txt
3 37 470 
Group05_46.txt
452 
Group06_14.txt
128 
Group07_01.txt
130 160 361 438 531 561 
Group07_05.txt
926 
Group07_09.txt
373 
Group07_11.txt
432 
Group07_28.txt
449 
Group07_49.txt
892 1534 2495 2663 2735 
Group08_09.txt
538 
Group08_11.txt
464 
Group08_17.txt
419 
Group08_45.txt
12 168 
Group08_49.txt
6 54 160 
Group09_15.txt
495 
Group09_18.txt
117 
Group09_32.txt
323 
Group09_35.txt
481 
Group09_39.txt
259 263 
Group10_01.txt
249 397 454 
Group10_16.txt
536 
Group10_17.txt
935 947 
Group10_24.txt
687 
Group10_28.txt
11 591 
Group10_30.txt
230 
Group10_31.txt
399 410 517 
Group10_44.txt
553 
Group10_45.txt
50 387 567 
Group11-02.txt
5 63 70 114 194 298 311 376 391 426 528 545 654 657 838 845 958 989 1074 1091 1122 1147 
Group11-05.txt
1368 1758 
Group11-06.txt
464 
Group11-13.txt
4 51 119 148 421 516 662 701 728 
Group11-14.txt
810 
Group11-39.txt
31 39 74 99 345 364 391 529 
Group12_01.txt
225 992 
Group12_02.txt
1505 
Group12_33.txt
343 
Group13_14.txt
35 
Group13_15.txt
137 560 
Group13_20.txt
280 433 625 
Group13_24.txt
3831 4051 
Group13_30.txt
95 202 1244 1256 2339 3781 
Group13_44.txt
90 
Group13_47.txt
283 
Group14_01.txt
25 180 211 
Group14_04.txt
0 40 118 199 287 310 396 460 467 
Group14_05.txt
498 
Group14_06.txt
433 
Group14_07.txt
131 269 459 484 516 554 
Group14_09.txt
400 
Group14_10.txt
486 
Group14_12.txt
6 22 304 463 506 
Group14_13.txt
424 
Group14_18.txt
115 268 
Group14_19.txt
390 762 
Group14_26.txt
4 181 186 219 246 394 433 484 494 582 708 791 880 888 
Group14_28.txt
389 410 
Group14_30.txt
322 
Group14_31.txt
1 25 192 703 
Group14_32.txt
106 283 321 333 355 381 
Group14_33.txt
362 427 
Group14_39.txt
162 278 
Group14_48.txt
226 250 
Group14_49.txt
255 
