Group01_10.txt
2 287 291 507 
Group02_05.txt
230 350 425 
Group02_13.txt
172 267 
Group03_32.txt
11 32 119 180 1281 1396 
Group03_39.txt
15 102 163 
Group03_50.txt
54 
Group04_07.txt
1173 
Group04_27.txt
280 839 845 
Group04_31.txt
2 13 237 
Group04_36.txt
5 334 
Group04_45.txt
519 
Group04_48.txt
436 443 513 526 535 546 
Group05_09.txt
7 30 92 114 132 180 293 323 328 336 530 590 829 903 925 
Group05_27.txt
112 381 
Group06_25.txt
15 
Group08_17.txt
4 40 66 86 120 146 166 202 220 240 254 272 292 321 523 685 1027 1048 1053 1107 1141 1158 1176 1197 
Group09_15.txt
186 
Group10_04.txt
5 70 521 
Group10_28.txt
766 
Group10_30.txt
161 
Group10_31.txt
518 
Group10_45.txt
537 547 
Group14_04.txt
410 423 
Group14_11.txt
207 
Group14_12.txt
161 
Group14_26.txt
367 
