Group01_01.txt
277 278 322 335 446 452 464 498 525 618 
Group01_02.txt
5 78 152 175 260 276 308 
Group01_03.txt
8 18 40 44 91 138 209 227 236 274 346 356 433 443 514 576 582 588 594 744 891 896 924 930 972 1068 1136 1157 1192 1196 1206 
Group01_04.txt
26 75 148 197 313 
Group01_05.txt
82 356 
Group01_06.txt
271 281 367 391 528 540 608 647 775 784 890 980 1012 1088 
Group01_07.txt
15 49 108 145 184 238 252 359 512 543 578 
Group01_08.txt
6 69 73 134 187 205 224 236 366 424 462 517 576 691 826 926 987 1005 
Group01_09.txt
57 68 120 162 202 288 484 529 565 627 668 
Group01_10.txt
44 64 69 152 197 279 572 700 
Group01_11.txt
79 550 636 672 951 
Group01_12.txt
7 34 63 189 284 358 505 581 725 737 
Group01_13.txt
7 54 73 97 109 123 
Group01_14.txt
100 111 167 203 216 318 368 435 452 503 553 620 637 
Group01_15.txt
151 364 
Group01_16.txt
35 359 398 
Group01_17.txt
146 350 
Group01_18.txt
10 34 
Group01_19.txt
76 353 536 546 577 612 625 650 759 
Group01_20.txt
13 35 100 109 231 420 434 
Group01_21.txt
26 35 144 161 225 234 257 334 345 368 403 428 484 509 
Group01_22.txt
94 101 121 143 194 249 
Group01_23.txt
46 169 191 200 265 380 428 514 540 649 
Group01_24.txt
26 75 148 197 306 
Group01_25.txt
302 306 364 417 433 524 636 650 1155 
Group01_26.txt
504 547 626 695 724 
Group01_27.txt
31 193 298 
Group01_28.txt
172 185 412 
Group01_29.txt
35 71 187 416 431 468 500 507 535 654 708 
Group01_30.txt
36 92 158 202 255 449 637 692 705 767 
Group01_31.txt
138 150 238 425 429 
Group01_32.txt
29 261 308 379 384 426 433 447 485 684 705 875 931 1083 1101 1178 
Group01_33.txt
74 110 336 423 432 611 739 
Group01_34.txt
24 31 132 207 212 235 272 351 361 391 466 501 508 517 526 531 703 
Group01_35.txt
226 280 303 316 737 762 951 977 
Group01_36.txt
8 26 51 107 146 153 263 498 506 547 623 
Group01_37.txt
34 62 92 126 258 265 329 356 415 450 502 
Group01_38.txt
26 35 143 160 223 232 255 332 343 366 401 426 481 506 
Group01_39.txt
297 504 590 
Group01_40.txt
4 169 192 250 336 381 481 617 639 772 
Group01_41.txt
226 
Group01_42.txt
5 267 305 375 429 445 624 
Group01_43.txt
10 34 50 115 171 219 228 239 318 366 463 473 536 
Group01_44.txt
172 386 
Group01_45.txt
6 154 266 519 526 
Group01_46.txt
25 374 389 539 
Group01_47.txt
8 370 
Group01_48.txt
64 134 162 249 411 486 495 
Group01_49.txt
150 343 
Group01_50.txt
81 119 124 129 134 138 141 144 147 413 547 
Group02_01.txt
204 251 256 401 409 477 485 577 
Group02_02.txt
38 161 179 241 304 371 385 429 558 824 975 996 
Group02_03.txt
25 124 167 322 328 334 358 395 449 495 532 564 913 920 990 
Group02_04.txt
189 243 253 424 
Group02_05.txt
132 149 250 253 377 386 620 626 687 693 718 
Group02_06.txt
91 99 165 551 705 715 
Group02_07.txt
17 46 229 240 327 373 468 547 718 726 
Group02_08.txt
3 19 29 62 148 173 207 244 379 404 587 
Group02_09.txt
291 302 499 510 516 540 598 642 706 733 799 
Group02_10.txt
6 111 360 550 583 638 691 924 1057 
Group02_11.txt
26 215 240 331 729 819 831 
Group02_12.txt
27 38 53 61 131 270 410 508 689 859 862 898 
Group02_13.txt
14 71 117 263 489 564 624 683 719 784 861 890 897 977 
Group02_14.txt
46 672 709 
Group02_15.txt
317 510 
Group02_16.txt
315 406 559 875 
Group02_17.txt
191 772 
Group02_18.txt
90 120 159 176 326 408 466 525 538 575 732 800 813 945 949 968 1122 1141 1270 1283 1298 1338 1404 1423 1626 1821 1875 2315 2616 2726 2868 3013 3091 
Group02_19.txt
17 76 196 274 435 487 536 549 827 846 999 1014 1162 1216 1221 1307 1409 1653 1698 1842 
Group02_20.txt
44 252 301 725 813 1179 1260 1333 1344 1532 1739 1874 1941 2215 2504 2546 2678 3067 3079 3083 3267 3435 3659 3699 3774 3818 3987 
Group02_21.txt
179 285 571 640 733 821 1053 1441 1893 1898 2033 2042 2370 2379 2419 2433 2436 2464 2728 2783 
Group02_22.txt
324 366 400 457 689 777 784 793 805 949 1123 1312 1373 1742 1933 1985 2092 2124 2153 2159 2184 2252 2294 2800 2822 2923 2950 2959 2970 3291 3323 3366 3455 3459 3462 3511 3654 
Group02_23.txt
1 102 174 227 245 338 460 585 610 661 722 826 879 902 933 976 990 1049 1090 1225 1334 1409 1415 1521 1663 
Group02_24.txt
96 137 335 554 952 990 
Group02_25.txt
166 250 320 324 404 566 572 614 624 727 806 853 1006 1043 1176 
Group02_26.txt
18 273 512 521 574 
Group02_27.txt
157 212 411 578 668 1075 1329 1455 1496 1514 1619 1735 1830 
Group02_28.txt
16 47 59 618 816 868 878 945 1003 1948 
Group02_29.txt
48 208 307 646 790 909 960 1114 1182 1218 1264 1282 
Group02_30.txt
117 149 177 284 411 498 555 598 758 781 1092 1099 1207 1405 1495 1521 1559 1637 1659 1662 1760 1887 2108 2271 2286 2337 2380 2394 2441 2516 2610 2663 2876 2908 3153 3286 3459 3468 3488 3495 3715 3870 3880 3972 4106 4140 4185 4269 4308 
Group02_31.txt
23 245 264 273 283 286 294 309 315 353 364 377 403 413 415 446 479 510 536 545 590 631 670 685 699 711 731 780 805 862 933 941 967 1006 1014 1023 1028 1086 1200 1233 1240 1243 1316 1366 1398 1408 1430 1464 1487 1503 1553 1736 1748 1860 1924 1990 2114 2132 2210 2599 2619 2668 2698 2709 2742 2792 2825 2850 2867 2888 
Group02_32.txt
137 153 325 392 498 545 550 614 768 1044 1247 1346 1503 1528 1685 1813 2219 2229 2253 2364 2578 
Group02_33.txt
13 100 108 208 226 357 686 897 927 985 1069 1128 1143 1571 1579 1585 1645 1685 1696 2296 2901 2960 2977 2989 2995 3129 3146 3431 3453 
Group02_34.txt
53 58 130 144 151 385 569 698 968 1104 1163 1247 1334 1405 1425 
Group02_35.txt
71 103 117 379 391 493 529 563 592 723 768 795 895 
Group02_36.txt
82 348 373 454 470 500 550 626 682 855 861 991 1168 1207 1235 1332 1405 1418 1434 1623 1677 1736 1743 1815 
Group02_37.txt
51 157 198 660 676 837 956 1037 1191 1207 1267 1286 1295 1336 
Group02_38.txt
331 433 514 676 1091 1144 1340 1558 1561 1573 1745 2005 2287 2615 2636 2659 3021 3082 3350 3423 3506 3590 
Group02_39.txt
83 207 217 298 474 544 646 667 786 834 1017 1136 1462 1509 1542 1585 1601 
Group02_40.txt
73 83 368 483 741 749 779 845 858 875 890 953 988 1013 1040 1049 1074 1136 1146 1256 1283 1292 1301 1508 1522 1610 1761 1864 1870 1986 2025 2147 2188 2281 
Group02_41.txt
234 275 283 370 449 625 664 677 750 850 953 1010 1088 1097 1113 1292 1364 1436 1635 
Group02_42.txt
157 250 410 414 416 554 577 630 674 691 701 703 760 
Group02_43.txt
123 403 419 573 641 741 867 932 972 1034 1036 1058 1121 1173 1254 1436 
Group02_44.txt
33 93 113 181 186 200 213 273 601 889 1201 1269 1290 1401 1462 1599 1618 
Group02_45.txt
108 114 385 636 762 899 985 1240 1347 1593 1596 1848 1862 1937 1941 
Group02_46.txt
369 373 380 474 630 700 790 797 1196 1316 1687 1704 1733 1932 1952 2012 2015 2040 2103 2363 2407 2462 2558 2570 
Group02_47.txt
55 131 210 235 247 266 964 979 1205 1263 1368 1378 
Group02_48.txt
56 134 266 273 577 630 655 867 870 892 900 904 1071 1290 1291 1331 1376 1404 1808 1971 2047 2254 2314 2361 2619 2790 2927 
Group02_49.txt
209 296 735 1050 1060 1199 1521 1569 2086 2529 3079 3095 3264 3539 3651 3825 4174 4358 
Group02_50.txt
95 190 271 306 368 515 552 953 1037 1305 1365 1492 1550 1711 1765 1797 1805 1920 1927 
Group03_01.txt
47 186 468 494 
Group03_02.txt
27 38 158 510 586 596 716 741 775 786 809 
Group03_03.txt
12 86 127 150 171 223 334 381 494 580 770 802 860 928 952 1296 
Group03_04.txt
402 550 573 721 771 886 1401 1934 
Group03_05.txt
278 305 332 355 442 471 487 530 576 646 
Group03_06.txt
62 309 452 517 616 759 773 839 911 960 964 1028 1436 1441 1452 1471 1644 1690 1758 1816 2027 2102 2172 2235 2324 2427 2443 2523 2587 2635 2753 
Group03_07.txt
88 184 205 218 239 251 263 497 778 865 1133 1203 1334 1546 2027 2426 2659 
Group03_08.txt
170 
Group03_09.txt
133 187 206 231 281 657 853 900 1031 1047 
Group03_10.txt
55 59 73 711 883 
Group03_11.txt
15 74 87 109 188 535 589 633 714 742 807 854 918 939 
Group03_12.txt
275 359 455 475 559 1036 1223 1404 
Group03_13.txt
27 151 289 440 686 781 788 839 1036 1059 1066 1206 1351 1374 1467 
Group03_14.txt
164 234 250 402 497 571 878 1082 1096 1111 1246 
Group03_15.txt
112 175 187 204 234 252 675 717 748 
Group03_16.txt
87 122 130 160 286 469 571 681 699 
Group03_17.txt
230 513 521 721 747 783 
Group03_18.txt
17 127 151 187 255 549 954 1071 1174 
Group03_19.txt
97 144 151 160 196 203 364 489 524 534 745 
Group03_20.txt
120 163 201 318 397 465 485 595 754 887 919 921 955 
Group03_21.txt
253 258 293 423 431 474 931 956 1023 1320 1436 1769 1838 1953 1975 1984 2043 
Group03_22.txt
4 110 263 292 331 342 507 680 809 933 986 1032 1152 
Group03_23.txt
93 127 599 602 
Group03_24.txt
91 197 234 237 283 393 726 754 855 931 1024 1557 1615 1648 1858 1874 
Group03_25.txt
77 
Group03_26.txt
371 669 1029 1292 1374 1420 1560 1633 
Group03_27.txt
119 350 379 572 575 701 1049 1253 1261 1397 1479 1529 1572 1657 1699 1710 
Group03_28.txt
269 336 345 455 510 764 885 897 935 967 
Group03_29.txt
154 162 173 250 319 328 419 541 547 689 701 1245 1290 1306 1351 1385 1704 1881 1885 
Group03_30.txt
92 255 449 633 657 1153 1171 1200 1232 1256 1439 1493 1495 
Group03_31.txt
73 108 167 189 198 250 262 327 410 487 694 856 991 1063 1076 1267 1335 1382 1695 1733 1770 1795 1801 1896 1942 1973 2185 2324 2353 2489 2620 2697 2768 
Group03_32.txt
34 65 146 492 535 603 614 689 702 708 790 854 881 949 994 1108 1140 1193 1270 1365 
Group03_33.txt
108 183 341 503 599 746 934 956 1020 1062 1074 1114 1364 1433 1454 1483 
Group03_34.txt
259 287 515 741 773 783 806 1006 1080 1138 1576 1612 1898 2005 2138 2141 2427 2459 2477 2570 2674 2687 2688 2784 
Group03_35.txt
100 106 223 347 358 368 483 524 626 650 725 887 943 1002 1026 
Group03_36.txt
498 514 581 655 667 841 1115 1165 1242 1249 1335 1362 1692 1712 
Group03_37.txt
238 256 283 318 334 422 750 761 906 1003 1059 1122 1164 1228 1280 1333 1377 1470 1475 1512 1597 1901 1967 2179 2294 2308 2361 
Group03_38.txt
55 87 106 225 273 566 577 584 613 725 783 870 1053 
Group03_39.txt
17 48 129 475 518 586 597 672 685 691 773 837 864 
Group03_40.txt
87 162 320 482 578 725 913 935 999 1041 1053 1093 
Group03_41.txt
96 129 335 
Group03_42.txt
135 143 154 231 303 312 403 525 531 679 691 1263 1308 1324 1369 1403 1730 
Group03_43.txt
134 149 235 240 321 362 443 522 551 586 645 701 
Group03_44.txt
5 222 235 318 343 652 688 918 1096 1164 1225 1337 
Group03_45.txt
193 199 377 474 
Group03_46.txt
16 333 350 472 567 578 
Group03_47.txt
13 251 270 522 572 644 775 798 839 954 981 1015 1047 1084 
Group03_48.txt
131 201 217 293 304 381 450 825 876 
Group03_49.txt
6 171 207 245 909 
Group03_50.txt
83 278 341 346 371 406 411 478 769 790 970 1102 1246 1348 1356 
Group04_01.txt
66 68 194 285 326 449 466 
Group04_02.txt
27 132 136 599 609 642 
Group04_03.txt
230 241 345 549 565 
Group04_04.txt
201 223 260 
Group04_05.txt
369 
Group04_06.txt
246 371 385 458 468 777 
Group04_07.txt
65 185 372 730 1219 
Group04_08.txt
76 134 155 216 253 295 417 442 458 638 694 
Group04_09.txt
131 153 161 274 357 426 596 648 651 656 661 
Group04_10.txt
57 179 288 321 375 381 404 458 541 543 608 660 832 840 845 879 1119 
Group04_11.txt
142 191 237 522 585 
Group04_12.txt
186 349 
Group04_13.txt
135 262 329 336 345 387 397 534 579 842 868 894 
Group04_14.txt
49 86 106 131 247 280 
Group04_15.txt
5 56 229 240 287 374 401 730 
Group04_16.txt
52 213 306 354 364 434 555 
Group04_17.txt
40 351 412 598 639 723 729 944 1093 
Group04_18.txt
508 
Group04_19.txt
206 212 220 
Group04_20.txt
127 369 496 505 516 
Group04_21.txt
6 97 107 143 166 431 683 698 702 
Group04_22.txt
119 149 178 327 383 544 579 
Group04_23.txt
58 166 186 322 331 420 486 613 661 672 697 
Group04_24.txt
505 726 
Group04_25.txt
16 87 90 199 219 470 591 
Group04_26.txt
16 39 79 424 752 786 816 
Group04_27.txt
7 160 216 315 431 471 648 695 708 716 790 
Group04_28.txt
11 31 42 97 150 290 338 387 395 414 506 562 630 632 
Group04_29.txt
61 151 
Group04_30.txt
45 49 126 130 289 366 425 472 562 660 813 
Group04_31.txt
15 158 269 287 298 309 398 496 573 
Group04_32.txt
246 451 596 
Group04_33.txt
47 223 250 269 301 325 580 
Group04_34.txt
110 269 330 445 453 465 522 585 679 690 738 746 831 850 
Group04_35.txt
98 305 340 405 518 
Group04_36.txt
198 205 342 602 623 663 791 
Group04_37.txt
119 217 228 245 343 349 370 413 472 550 
Group04_38.txt
131 328 386 635 
Group04_39.txt
192 334 427 473 485 499 524 853 
Group04_40.txt
159 246 267 531 
Group04_41.txt
3 7 78 148 157 177 254 279 304 340 354 380 388 396 446 579 598 654 714 965 1020 1040 1074 
Group04_42.txt
119 222 261 524 
Group04_43.txt
37 235 322 347 531 578 743 788 
Group04_44.txt
195 237 359 429 518 546 
Group04_45.txt
54 
Group04_46.txt
43 283 290 357 663 711 1157 
Group04_47.txt
230 240 420 652 
Group04_48.txt
102 409 473 
Group04_49.txt
44 60 107 123 150 353 
Group04_50.txt
3 282 334 384 455 579 737 
Group05_01.txt
16 20 57 149 
Group05_02.txt
73 104 148 195 292 358 372 384 399 503 507 609 752 887 944 946 1007 1073 1120 1128 1214 
Group05_03.txt
184 198 207 247 262 275 327 
Group05_04.txt
154 223 267 283 316 373 401 619 630 637 679 718 875 886 1054 1083 
Group05_05.txt
41 119 170 278 338 
Group05_06.txt
41 188 466 559 615 852 916 927 940 1016 1028 1102 1182 
Group05_07.txt
123 309 336 465 
Group05_08.txt
34 66 98 121 152 300 360 406 
Group05_09.txt
111 227 252 257 572 661 698 904 
Group05_10.txt
3 22 90 98 256 324 337 449 494 549 601 
Group05_11.txt
69 133 258 484 532 
Group05_13.txt
24 257 267 298 335 371 444 560 684 772 794 947 1072 1088 1092 1193 1205 
Group05_14.txt
7 284 319 356 369 393 423 496 545 590 709 832 907 914 
Group05_15.txt
16 41 69 145 217 507 645 
Group05_16.txt
206 212 266 275 344 607 816 834 856 943 950 994 1015 
Group05_17.txt
309 325 472 863 874 970 
Group05_18.txt
23 81 91 140 360 417 742 1043 
Group05_19.txt
205 344 472 626 804 820 
Group05_20.txt
69 179 317 386 500 637 685 797 837 870 887 
Group05_21.txt
34 54 66 89 168 249 283 330 425 632 823 843 
Group05_22.txt
8 29 180 250 307 487 519 
Group05_23.txt
275 313 348 477 686 731 892 963 989 1069 1104 1142 1307 1359 1398 1451 
Group05_24.txt
516 
Group05_25.txt
475 634 639 663 713 817 821 992 
Group05_26.txt
6 51 275 296 304 507 536 
Group05_27.txt
36 96 142 258 307 327 369 412 515 566 600 619 685 697 837 933 1069 1153 
Group05_28.txt
28 67 104 122 175 331 380 400 431 562 565 
Group05_29.txt
211 386 
Group05_30.txt
169 212 232 275 348 433 531 615 670 733 930 
Group05_31.txt
21 169 334 
Group05_32.txt
91 125 150 228 233 257 311 433 494 554 575 615 628 676 759 829 
Group05_33.txt
31 64 
Group05_35.txt
3 153 169 358 399 472 491 
Group05_36.txt
12 53 151 167 
Group05_38.txt
162 361 404 
Group05_39.txt
7 56 316 
Group05_40.txt
49 125 228 285 305 311 331 389 
Group05_41.txt
365 418 
Group05_42.txt
35 44 140 147 173 229 
Group05_43.txt
11 150 175 212 
Group05_44.txt
79 134 154 288 306 366 505 552 773 886 888 921 
Group05_45.txt
31 88 101 207 233 376 593 598 734 751 865 1009 1098 
Group05_46.txt
144 230 257 283 318 405 462 541 602 654 656 659 
Group05_47.txt
32 
Group05_48.txt
202 247 464 
Group05_49.txt
7 106 285 293 424 459 503 576 696 741 879 
Group05_50.txt
16 42 70 200 250 547 685 
Group06_01.txt
7 113 122 233 268 375 
Group06_02.txt
174 215 664 766 816 825 
Group06_03.txt
71 96 319 385 390 409 417 483 592 740 
Group06_04.txt
159 173 459 476 498 503 574 766 
Group06_05.txt
415 437 596 658 
Group06_06.txt
120 399 418 547 570 680 698 793 854 
Group06_07.txt
188 266 348 362 628 
Group06_08.txt
410 
Group06_09.txt
627 678 685 
Group06_10.txt
43 72 561 698 
Group06_11.txt
26 322 820 
Group06_12.txt
58 342 412 540 
Group06_13.txt
5 19 48 287 306 388 416 433 552 605 625 656 715 
Group06_14.txt
202 702 715 
Group06_15.txt
6 159 254 281 301 320 373 717 
Group06_16.txt
224 341 549 599 887 
Group06_17.txt
72 142 325 1047 
Group06_18.txt
161 314 339 530 631 
Group06_19.txt
58 82 328 402 471 665 695 762 
Group06_20.txt
223 247 344 356 453 666 707 722 
Group06_21.txt
22 98 113 287 349 421 664 684 704 772 799 
Group06_22.txt
34 307 316 520 525 565 641 
Group06_23.txt
164 495 668 
Group06_24.txt
70 105 129 159 200 297 
Group06_25.txt
161 224 243 272 539 555 648 
Group06_26.txt
152 176 401 548 652 659 
Group06_27.txt
101 132 139 409 538 
Group06_28.txt
88 166 207 405 611 617 632 674 
Group06_29.txt
207 314 406 473 555 584 
Group06_30.txt
92 156 
Group06_31.txt
72 142 325 1047 
Group06_32.txt
212 284 420 511 548 560 657 758 
Group06_33.txt
23 95 416 423 442 471 475 552 594 763 
Group06_34.txt
152 489 500 
Group06_35.txt
237 
Group06_36.txt
4 18 31 226 286 334 347 465 514 
Group06_37.txt
4 183 469 483 523 
Group06_38.txt
6 51 357 625 654 743 
Group06_39.txt
96 199 223 294 350 392 421 424 488 499 
Group06_40.txt
118 169 417 444 501 508 514 
Group06_41.txt
39 203 513 572 
Group06_42.txt
67 170 545 549 
Group06_43.txt
186 459 489 649 652 
Group06_44.txt
8 78 98 117 195 295 563 585 671 698 716 927 
Group06_45.txt
33 150 244 319 505 592 617 637 
Group06_46.txt
79 261 367 716 
Group06_47.txt
395 592 636 
Group06_48.txt
136 556 
Group06_49.txt
138 358 362 371 
Group06_50.txt
14 21 59 75 77 208 362 571 
Group07_01.txt
6 198 220 235 344 399 408 611 802 873 
Group07_02.txt
232 322 781 804 
Group07_03.txt
38 111 143 690 822 824 888 939 971 1021 1083 1184 1258 1314 1327 1388 1525 1636 1744 1890 2012 2031 2050 2174 2350 2422 2483 2595 2741 2788 2829 
Group07_04.txt
85 126 226 316 611 936 966 972 988 998 1022 1028 1136 1189 1245 
Group07_05.txt
214 238 249 362 367 416 431 479 509 517 712 731 752 793 
Group07_06.txt
148 152 249 371 451 484 646 688 702 762 774 
Group07_07.txt
126 318 340 387 469 485 665 721 739 859 947 994 1191 1210 1227 1371 
Group07_08.txt
156 312 449 453 
Group07_09.txt
6 122 165 251 347 372 389 431 480 497 
Group07_10.txt
109 360 377 397 400 442 498 516 538 580 589 603 614 
Group07_11.txt
30 207 530 
Group07_12.txt
49 261 423 755 882 1094 1107 
Group07_13.txt
94 232 302 475 657 
Group07_14.txt
106 217 258 274 278 534 
Group07_15.txt
140 160 235 360 434 467 488 522 
Group07_16.txt
255 274 509 634 
Group07_17.txt
111 312 487 
Group07_18.txt
37 81 236 250 259 308 317 748 752 878 1075 1227 1281 1332 
Group07_19.txt
25 33 66 74 84 261 401 494 
Group07_20.txt
61 300 518 
Group07_21.txt
105 180 261 319 337 509 550 673 813 865 917 
Group07_22.txt
22 99 591 596 
Group07_23.txt
149 166 229 248 257 354 374 445 
Group07_24.txt
27 36 42 279 299 307 435 495 516 745 943 1049 1198 1251 1635 1843 1886 2076 
Group07_25.txt
156 252 342 422 508 543 
Group07_26.txt
45 55 526 616 
Group07_27.txt
29 
Group07_28.txt
221 309 317 340 450 507 
Group07_29.txt
144 154 313 469 544 
Group07_30.txt
201 371 460 841 
Group07_31.txt
191 273 399 639 645 676 773 881 1234 1284 1295 1486 
Group07_32.txt
83 309 349 459 
Group07_33.txt
69 111 233 334 413 428 442 685 696 
Group07_34.txt
313 579 649 
Group07_35.txt
45 394 542 
Group07_36.txt
112 244 512 603 628 732 1064 1097 1163 1338 1396 
Group07_37.txt
102 393 458 730 755 875 1062 1104 1181 1212 1232 1505 1580 1714 
Group07_38.txt
23 46 145 329 371 500 555 612 841 857 891 905 927 939 1005 1034 1038 1200 1307 1324 1486 1537 1559 1569 1599 1855 1875 1884 
Group07_39.txt
37 86 206 277 311 326 417 
Group07_40.txt
253 286 374 561 604 771 
Group07_41.txt
477 631 646 
Group07_42.txt
98 106 119 130 139 155 167 208 226 376 386 614 
Group07_43.txt
116 200 220 237 245 290 298 434 
Group07_44.txt
247 250 268 277 282 300 453 471 503 640 
Group07_45.txt
139 146 204 217 450 499 511 
Group07_46.txt
125 207 218 368 447 454 473 510 522 
Group07_47.txt
5 60 86 135 148 230 315 401 403 436 467 
Group07_48.txt
36 45 131 258 401 439 447 622 836 867 874 935 1131 1196 1206 1213 
Group07_49.txt
53 70 126 188 227 249 269 290 313 371 378 388 406 515 569 579 585 656 714 758 894 905 944 956 988 1074 1197 1215 1286 1385 1413 1510 1531 1550 1572 1709 1738 1834 1845 1871 1916 1984 2048 2134 2195 2320 2365 2399 2434 2449 2457 2565 2578 2595 2601 2708 
Group07_50.txt
52 71 205 233 280 421 437 475 501 
Group08_01.txt
22 36 44 49 224 251 272 295 360 417 440 506 613 625 716 
Group08_02.txt
392 394 412 655 
Group08_03.txt
352 364 411 
Group08_04.txt
618 681 
Group08_05.txt
216 283 
Group08_06.txt
32 61 95 124 254 558 605 619 685 856 1021 
Group08_07.txt
96 124 195 315 
Group08_08.txt
210 333 336 
Group08_09.txt
8 116 159 208 315 333 374 440 597 606 619 626 728 
Group08_10.txt
121 135 143 148 323 350 371 394 459 516 539 605 712 724 815 
Group08_11.txt
211 491 673 711 722 737 765 
Group08_12.txt
322 514 528 973 1002 1038 
Group08_13.txt
331 397 404 502 539 562 580 720 
Group08_14.txt
4 132 171 275 332 347 619 
Group08_15.txt
207 426 433 444 536 565 567 653 667 709 732 853 
Group08_16.txt
192 222 298 323 433 536 560 747 750 854 1025 1048 1188 1320 1330 1404 1531 1665 1735 1741 
Group08_17.txt
746 862 1020 1050 1071 1172 1187 1233 
Group08_18.txt
182 212 254 309 361 364 464 541 559 568 
Group08_19.txt
56 124 195 440 442 451 
Group08_20.txt
331 378 525 544 553 594 631 704 727 795 827 1102 1213 1250 1345 1373 1381 1450 1459 
Group08_21.txt
10 166 204 280 338 491 495 504 507 533 577 627 
Group08_22.txt
478 560 573 646 742 828 834 875 
Group08_23.txt
619 682 
Group08_24.txt
173 261 456 478 480 508 556 562 599 703 815 981 
Group08_25.txt
32 58 148 190 294 379 578 842 854 864 1023 1077 1113 1119 1128 1137 1212 1253 1261 
Group08_26.txt
3 20 
Group08_27.txt
121 199 328 339 342 
Group08_28.txt
139 412 
Group08_29.txt
146 173 480 561 606 622 744 920 987 1023 1300 1312 1324 1396 1465 1519 1555 
Group08_30.txt
93 105 107 114 427 525 667 776 797 808 851 874 889 906 1051 1293 1311 1391 1447 1455 1542 1591 
Group08_31.txt
161 465 476 569 861 
Group08_32.txt
23 66 202 
Group08_33.txt
162 191 219 
Group08_34.txt
327 404 416 
Group08_35.txt
7 33 154 158 
Group08_36.txt
4 26 179 
Group08_37.txt
21 49 57 179 
Group08_38.txt
240 
Group08_39.txt
91 96 203 295 336 409 
Group08_40.txt
118 418 474 480 
Group08_41.txt
156 336 
Group08_42.txt
3 25 69 81 106 211 331 
Group08_43.txt
87 167 261 393 472 502 
Group08_44.txt
5 43 76 109 240 
Group08_46.txt
64 205 237 245 301 
Group08_47.txt
107 364 455 506 
Group08_48.txt
185 271 309 
Group08_50.txt
240 288 329 387 454 483 492 507 
Group09_01.txt
248 607 
Group09_02.txt
352 
Group09_03.txt
135 290 295 527 564 
Group09_04.txt
219 
Group09_05.txt
5 22 84 154 374 532 608 688 713 768 837 949 
Group09_06.txt
100 181 
Group09_07.txt
234 679 770 847 929 
Group09_08.txt
403 447 459 561 
Group09_09.txt
50 60 90 264 601 697 708 756 886 
Group09_10.txt
486 594 614 792 
Group09_11.txt
43 94 192 244 367 440 584 
Group09_12.txt
247 256 270 542 
Group09_13.txt
245 458 567 587 
Group09_14.txt
8 657 691 737 767 847 
Group09_15.txt
187 332 365 
Group09_16.txt
59 236 406 421 
Group09_17.txt
13 413 
Group09_18.txt
39 51 77 95 126 164 342 416 429 532 
Group09_19.txt
15 
Group09_20.txt
192 342 542 555 
Group09_21.txt
54 735 776 996 
Group09_22.txt
52 89 109 134 157 259 292 
Group09_23.txt
17 56 80 163 262 469 512 538 597 
Group09_25.txt
473 
Group09_26.txt
253 378 417 440 658 680 695 846 961 1021 1083 1107 1133 1230 1260 1280 
Group09_27.txt
330 
Group09_28.txt
2 66 69 361 403 414 
Group09_29.txt
48 85 366 382 616 
Group09_30.txt
90 157 187 228 258 394 460 483 492 496 548 
Group09_31.txt
80 404 505 598 
Group09_32.txt
79 134 195 243 301 310 333 365 550 557 571 580 
Group09_34.txt
192 340 348 588 602 
Group09_35.txt
276 347 581 602 619 741 
Group09_36.txt
239 
Group09_37.txt
176 199 322 481 568 582 631 726 743 1011 1200 
Group09_38.txt
141 239 318 359 435 
Group09_39.txt
222 329 422 564 
Group09_40.txt
183 234 247 451 639 754 
Group09_41.txt
125 278 284 324 339 475 
Group09_42.txt
230 290 518 
Group09_43.txt
68 90 182 421 516 643 
Group09_44.txt
62 100 486 
Group09_45.txt
8 30 578 627 679 811 
Group09_46.txt
195 611 642 
Group09_47.txt
13 35 120 125 409 428 520 589 
Group09_48.txt
182 314 420 616 653 
Group09_49.txt
201 384 638 731 778 932 
Group09_50.txt
36 607 
Group10_01.txt
90 174 246 296 314 330 418 438 595 
Group10_02.txt
10 101 168 212 242 267 336 431 482 
Group10_03.txt
53 60 237 291 519 
Group10_04.txt
100 148 225 380 493 530 571 
Group10_05.txt
357 498 659 729 899 916 
Group10_06.txt
189 218 311 466 497 512 721 732 
Group10_07.txt
177 516 521 591 602 
Group10_08.txt
72 249 447 487 554 680 
Group10_09.txt
52 118 160 171 234 262 369 429 452 490 600 623 695 748 868 881 1012 1033 1041 
Group10_10.txt
6 17 168 236 363 370 514 526 590 625 754 886 997 
Group10_11.txt
0 19 577 623 648 840 889 1004 1077 1099 1119 
Group10_12.txt
38 112 121 258 275 485 
Group10_13.txt
8 184 196 682 
Group10_14.txt
36 67 153 292 483 536 544 
Group10_15.txt
4 61 177 281 347 476 495 688 
Group10_16.txt
109 171 231 263 294 340 484 931 951 
Group10_17.txt
27 51 95 219 240 465 481 493 725 783 1051 
Group10_18.txt
66 221 236 284 341 480 540 556 649 785 
Group10_19.txt
6 18 196 221 223 281 311 563 
Group10_20.txt
88 132 202 353 409 418 466 476 590 
Group10_21.txt
52 86 145 157 182 350 703 789 841 
Group10_22.txt
47 252 258 311 325 338 362 371 429 532 558 580 674 691 720 
Group10_23.txt
102 159 346 519 528 609 677 
Group10_24.txt
3 37 255 325 443 485 626 698 784 797 828 869 881 917 1034 1235 1294 
Group10_25.txt
47 57 195 312 368 381 651 707 720 1170 1173 1178 
Group10_26.txt
10 101 168 212 242 267 336 431 482 
Group10_27.txt
93 354 446 868 
Group10_28.txt
53 176 623 651 721 774 783 833 1064 
Group10_29.txt
223 317 
Group10_30.txt
3 138 150 176 190 222 250 292 393 457 462 
Group10_31.txt
23 243 441 592 666 
Group10_32.txt
74 85 543 619 689 693 741 
Group10_33.txt
16 54 161 242 291 644 672 738 783 873 892 935 1089 1109 1123 1268 1534 1565 1593 1630 1674 
Group10_34.txt
272 307 318 
Group10_35.txt
12 142 282 566 1065 1121 1362 1694 1706 
Group10_36.txt
77 265 358 438 446 794 844 
Group10_37.txt
20 75 477 
Group10_38.txt
5 97 175 249 323 502 577 637 643 715 784 795 859 958 1200 
Group10_39.txt
43 69 305 417 589 713 732 767 986 
Group10_40.txt
63 567 
Group10_41.txt
132 168 178 567 583 608 
Group10_42.txt
159 595 685 
Group10_43.txt
72 75 97 149 224 280 290 314 369 375 472 475 484 558 564 687 809 846 964 1034 
Group10_44.txt
31 217 427 530 542 566 770 
Group10_45.txt
61 147 251 448 504 510 
Group10_46.txt
87 116 291 548 
Group10_47.txt
103 177 187 276 370 497 814 819 
Group10_48.txt
151 297 370 388 394 630 643 647 658 714 
Group10_49.txt
158 236 508 
Group10_50.txt
111 362 
Group11-01.txt
93 150 244 306 440 505 549 564 570 708 732 783 
Group11-02.txt
61 116 151 244 345 389 484 532 542 603 647 768 977 1124 1136 1165 
Group11-03.txt
6 73 124 190 243 400 489 596 604 620 746 
Group11-04.txt
81 90 114 147 472 908 
Group11-05.txt
225 882 1228 1269 1293 1386 1698 1768 1943 1992 2314 2331 
Group11-06.txt
117 145 323 414 
Group11-07.txt
38 90 170 335 546 585 628 
Group11-08.txt
346 415 423 
Group11-09.txt
152 210 371 396 441 
Group11-10.txt
26 144 203 458 495 587 
Group11-11.txt
202 271 290 513 
Group11-12.txt
149 304 456 667 721 
Group11-13.txt
232 628 661 726 
Group11-14.txt
15 266 472 545 724 802 863 1193 
Group11-15.txt
173 413 474 697 868 963 1016 1038 1416 1539 1586 1888 1922 1977 2056 2211 2292 2304 2419 
Group11-16.txt
85 464 504 878 958 973 1069 1261 1307 1316 1469 1620 1661 1740 1755 1918 1991 2095 2148 2211 2347 2914 3305 
Group11-17.txt
116 237 303 332 499 559 
Group11-18.txt
51 261 421 
Group11-19.txt
14 232 275 283 432 522 544 
Group11-20.txt
3 88 125 181 222 267 298 597 778 872 884 912 928 1051 1068 
Group11-21.txt
33 420 496 501 805 850 856 
Group11-22.txt
688 745 804 895 925 
Group11-23.txt
91 121 345 407 850 
Group11-24.txt
74 134 207 304 364 468 663 806 890 1198 1207 1223 1249 1261 1290 1490 1832 2129 2163 2222 2394 
Group11-25.txt
154 162 401 524 682 688 
Group11-26.txt
109 181 274 290 331 
Group11-27.txt
43 122 228 
Group11-28.txt
100 246 285 473 490 799 945 994 1000 
Group11-29.txt
18 53 63 181 248 302 334 344 409 438 449 618 732 781 787 
Group11-30.txt
15 127 150 248 350 478 490 608 657 663 
Group11-31.txt
30 75 215 246 386 
Group11-32.txt
130 221 243 313 349 505 655 781 830 836 
Group11-33.txt
85 380 456 806 916 981 1042 
Group11-34.txt
77 170 433 
Group11-35.txt
148 332 481 
Group11-37.txt
33 149 156 232 324 331 477 501 517 655 678 745 803 
Group11-38.txt
193 219 282 331 363 447 583 770 
Group11-39.txt
41 185 220 344 496 533 557 657 692 
Group11-40.txt
189 208 213 228 697 
Group11-41.txt
9 81 98 109 164 270 412 468 
Group11-42.txt
16 76 105 307 608 
Group11-43.txt
44 99 144 148 237 241 314 384 
Group11-44.txt
244 268 273 336 368 462 561 594 614 631 669 711 
Group11-45.txt
56 88 147 208 314 345 622 664 710 731 776 868 930 1041 1069 1162 1199 1335 
Group11-46.txt
18 104 112 122 141 160 733 738 854 858 899 1118 1234 1241 1372 
Group11-47.txt
349 373 411 486 551 664 814 
Group11-48.txt
210 228 374 390 629 679 761 777 807 823 
Group11-49.txt
20 71 162 180 250 261 274 281 314 332 346 371 443 461 469 509 
Group11-50.txt
32 414 693 709 846 854 
Group12_01.txt
30 105 189 250 533 579 631 659 727 779 806 1022 1048 1197 1208 1218 1311 1363 1377 1491 1503 
Group12_02.txt
2 29 82 107 115 156 219 224 259 297 375 502 582 671 685 762 807 840 893 1158 1220 1308 1580 1717 1775 1841 1986 1997 
Group12_03.txt
67 131 407 467 582 856 866 923 949 1045 1217 1309 
Group12_04.txt
46 91 96 101 108 201 387 406 478 595 674 868 923 1061 1249 1687 1874 1883 1915 2508 
Group12_05.txt
24 74 159 549 
Group12_06.txt
44 177 257 481 494 648 686 729 845 895 1065 1115 1267 1281 1304 1318 1384 1417 
Group12_07.txt
35 120 173 333 371 497 565 638 671 751 773 1059 1064 
Group12_08.txt
65 345 361 594 
Group12_09.txt
36 491 564 640 686 960 1054 1075 1093 1141 1160 
Group12_10.txt
27 138 398 454 478 536 709 891 
Group12_11.txt
22 47 81 114 477 505 681 789 868 885 
Group12_12.txt
22 47 81 114 477 505 681 789 868 885 
Group12_13.txt
27 76 152 172 191 206 220 449 579 618 840 859 1192 1208 1306 1506 1710 1945 
Group12_14.txt
21 51 100 200 565 740 871 955 1022 1039 
Group12_15.txt
81 147 208 748 
Group12_16.txt
55 91 385 
Group12_17.txt
21 72 
Group12_18.txt
42 67 156 243 328 498 
Group12_19.txt
71 259 292 308 334 337 391 543 545 733 961 1046 1098 1294 1314 
Group12_20.txt
56 191 237 242 582 
Group12_21.txt
7 9 98 140 142 301 346 488 576 632 645 
Group12_22.txt
26 360 747 
Group12_23.txt
18 84 229 311 417 428 
Group12_24.txt
82 100 229 233 409 428 442 553 658 690 774 
Group12_25.txt
87 203 244 305 401 416 524 598 660 
Group12_26.txt
67 94 267 372 397 694 730 738 825 883 1048 1285 1448 1558 
Group12_27.txt
14 50 64 92 184 357 
Group12_28.txt
646 
Group12_29.txt
88 90 101 142 180 578 
Group12_30.txt
106 448 579 591 
Group12_31.txt
14 22 25 58 155 164 207 234 252 309 313 320 351 425 436 445 474 493 509 518 530 
Group12_32.txt
67 80 120 197 304 457 
Group12_33.txt
98 331 351 
Group12_34.txt
76 82 167 479 535 595 
Group12_35.txt
53 85 609 750 
Group12_36.txt
64 252 331 381 
Group12_37.txt
49 62 301 318 339 361 405 435 517 519 
Group12_38.txt
95 133 520 617 
Group12_39.txt
85 164 523 
Group12_40.txt
66 77 
Group12_41.txt
67 234 241 268 422 449 512 683 758 
Group12_42.txt
17 83 137 202 220 251 952 1080 1364 1376 1398 1423 1476 
Group12_43.txt
1 92 222 234 452 498 857 
Group12_44.txt
94 158 
Group12_45.txt
62 82 136 216 226 300 318 373 468 488 573 
Group12_46.txt
35 62 95 109 153 169 241 304 466 485 583 627 713 
Group12_47.txt
14 24 70 106 125 158 211 223 249 281 413 
Group12_48.txt
26 84 114 284 422 523 545 587 
Group12_49.txt
25 106 123 164 199 358 402 532 646 843 997 1277 1375 1383 1566 1636 1758 1770 1834 1883 1915 1938 1973 2052 2177 2211 2342 2544 2736 
Group12_50.txt
61 427 546 
Group13_01.txt
174 204 223 421 688 
Group13_02.txt
56 88 150 192 232 410 427 456 495 525 562 709 760 777 1192 1198 1242 1336 1352 1452 1590 1661 1798 1871 1987 2043 2082 2158 2169 2193 2304 
Group13_03.txt
103 168 208 608 
Group13_04.txt
5 30 60 180 401 420 432 437 500 708 717 900 903 1126 1132 1141 
Group13_05.txt
281 325 414 499 832 1019 1142 1226 1517 1697 1710 2081 2151 
Group13_06.txt
25 186 251 375 391 397 554 590 786 842 856 1220 1347 1406 1970 1987 2072 2077 2368 2372 2642 2672 
Group13_07.txt
192 313 429 
Group13_08.txt
97 132 197 240 369 383 410 526 535 635 653 731 836 1066 1127 1153 
Group13_09.txt
23 140 172 188 393 611 640 805 846 969 1021 1041 1118 1121 1240 1560 1783 1814 1861 1884 1905 
Group13_10.txt
99 115 197 376 457 548 564 592 604 640 658 730 
Group13_11.txt
8 178 276 351 466 649 
Group13_12.txt
9 64 68 107 119 218 295 419 471 583 602 614 638 685 689 744 
Group13_13.txt
73 82 176 
Group13_14.txt
459 
Group13_15.txt
50 82 146 215 261 276 519 635 
Group13_16.txt
132 235 
Group13_17.txt
147 230 253 268 289 472 551 
Group13_18.txt
182 406 566 680 945 
Group13_19.txt
185 
Group13_20.txt
201 340 474 485 
Group13_21.txt
119 135 828 983 1224 1492 1656 1798 1837 1972 1993 1996 2098 
Group13_22.txt
14 21 234 290 390 448 1031 1078 1206 1907 2101 2225 2396 2618 2838 3040 3163 3186 3287 3340 3394 3401 3486 3750 4269 4475 4487 4503 4708 4790 5075 5169 5261 5278 5438 5653 5855 5884 6007 6073 6361 6365 6520 6534 6678 6745 6799 6973 7050 7191 7204 7312 7362 7394 7434 7448 7495 7522 7623 7817 8228 8569 8806 8919 8992 9048 9057 9183 9310 9346 9407 9741 10128 10272 10409 10424 10443 10606 10692 10798 10808 10823 10862 10879 10887 10962 11099 11276 11370 11447 11542 11548 11574 11647 11874 12167 12247 12270 12424 12441 12520 12770 13181 13467 13880 14015 14127 14138 14215 14384 14443 14574 14625 14861 14871 15291 15818 15852 15861 16004 16015 16077 16432 
Group13_23.txt
145 240 304 320 343 490 575 737 1038 1051 1229 1445 1623 1645 1756 1853 1911 2822 2922 3389 3403 3445 3584 3757 
Group13_24.txt
17 24 76 184 250 290 334 537 554 728 1070 1149 1184 1230 1576 1784 1876 1909 2022 2228 2685 2781 3357 3408 3419 3421 3512 3534 3569 3593 3718 4138 4215 4273 4297 4323 4398 4438 4651 4666 4676 4717 4727 4802 4993 5010 5037 5270 5303 5344 5373 5393 5423 5450 5471 5496 5538 5601 
Group13_25.txt
90 204 353 383 535 699 797 818 861 931 977 986 1037 1086 1249 1340 1361 1389 1616 1643 1800 2050 2252 2347 2467 2487 
Group13_26.txt
99 532 584 616 939 966 1028 1103 1332 1345 1363 1511 1542 1687 1734 1748 1894 1918 1960 2016 2071 2153 2198 2218 2271 2339 2347 2421 2611 2871 2910 2947 2963 2993 3123 3268 3291 3451 3489 3511 3702 3738 3835 3843 3900 4003 4025 4135 4223 4243 4309 4395 4408 4471 4606 4638 4889 4986 5175 5383 5402 5459 5490 5509 5779 5836 5994 6223 6266 6275 6305 6498 6521 6600 6766 6790 7005 7208 7213 7280 7642 7774 7948 8151 8291 8404 8504 8582 8677 8702 8706 8712 8741 8782 9049 9400 9467 9503 9514 9974 9990 10082 10178 10198 10214 
Group13_27.txt
23 104 192 416 592 601 625 750 891 1086 1115 1335 1373 1384 1493 1538 1568 1637 1644 1658 2130 2144 2289 2495 2515 2663 2802 3000 3308 3463 3474 3489 
Group13_28.txt
53 590 607 690 740 889 1088 1121 1351 1465 1634 1698 1735 1953 1992 2034 2064 2099 2179 2315 2430 2568 2630 2789 2931 
Group13_29.txt
205 289 355 475 520 768 838 872 889 913 933 1076 1097 1103 1160 1798 1808 1942 2008 2127 2136 2298 2423 2437 2470 2497 2604 2893 3163 3370 3376 3385 3548 3631 3651 3815 3990 4091 4211 4387 4744 4781 5055 5165 5219 5233 5257 5319 5340 5348 5360 5377 5406 
Group13_30.txt
5 26 109 125 359 407 437 452 542 610 613 756 985 990 1014 1110 1131 1166 1184 1187 1218 1304 1324 1338 1382 1459 1558 1731 1735 1751 1776 1791 1844 1953 2081 2120 2266 2286 2494 2510 2535 2575 2714 2735 2922 2978 2992 3055 3065 3079 3087 3097 3150 3198 3260 3300 3309 3446 3451 3477 3573 3623 3636 3649 3751 3846 3889 3936 
Group13_31.txt
144 419 442 574 621 
Group13_32.txt
144 198 234 252 356 596 761 876 951 1406 
Group13_33.txt
31 92 152 194 385 448 559 838 845 861 1097 1109 1169 1836 1865 2041 2130 2181 2194 
Group13_34.txt
15 125 150 154 166 170 
Group13_35.txt
85 312 404 426 605 980 986 1111 1159 1214 1459 1506 1515 
Group13_36.txt
50 129 166 456 531 985 1150 1218 1278 
Group13_37.txt
199 336 439 545 605 747 902 1024 1027 1222 1226 1252 1260 1398 1441 
Group13_38.txt
363 438 1010 1365 1562 
Group13_39.txt
221 280 300 452 748 870 877 1361 1566 1619 1697 1783 1891 2038 
Group13_40.txt
142 215 286 295 334 343 444 622 757 
Group13_41.txt
62 121 134 149 195 203 208 284 298 646 773 905 955 970 1030 1043 1065 1076 1093 1101 1115 1482 1543 1588 1644 1653 
Group13_42.txt
27 229 235 303 369 516 518 547 595 747 966 990 1007 1017 1042 1069 1344 
Group13_43.txt
410 445 474 541 623 642 883 1141 1238 1303 1337 1364 1497 1538 1582 
Group13_44.txt
33 53 94 242 262 307 323 414 986 1108 1157 1189 1371 1394 1471 1580 1802 1874 2173 2182 2354 2488 2500 2872 3239 3502 3816 3921 
Group13_45.txt
68 133 139 344 358 466 472 532 634 642 827 1071 1309 1379 1405 1647 1652 
Group13_46.txt
13 60 264 435 755 1088 1092 1118 1524 1556 2248 2359 2446 
Group13_47.txt
253 293 309 621 633 670 838 927 1109 1174 1182 1191 1613 
Group13_48.txt
57 553 640 649 890 1115 1223 1636 1694 1718 1878 2017 2042 2350 2435 
Group13_49.txt
37 248 510 591 710 851 1019 1118 1169 1187 1200 1338 1499 1514 1702 1827 
Group13_50.txt
452 542 744 863 871 937 976 
Group14_02.txt
108 180 244 323 457 
Group14_03.txt
80 141 246 305 359 369 399 476 499 535 
Group14_04.txt
1 327 378 431 459 
Group14_05.txt
141 320 369 523 
Group14_06.txt
9 69 91 443 515 
Group14_07.txt
19 32 175 239 374 417 476 
Group14_08.txt
219 466 
Group14_09.txt
137 154 295 
Group14_10.txt
9 242 298 328 348 461 
Group14_11.txt
76 270 282 366 516 
Group14_12.txt
47 136 302 475 
Group14_13.txt
35 93 227 233 291 295 308 338 475 486 494 498 517 
Group14_14.txt
115 189 
Group14_15.txt
153 301 316 
Group14_16.txt
34 51 109 285 480 
Group14_17.txt
82 320 353 391 457 
Group14_18.txt
46 199 206 410 424 448 540 
Group14_19.txt
176 395 482 491 648 782 826 832 
Group14_20.txt
14 47 83 104 261 359 402 432 876 894 
Group14_21.txt
23 52 163 236 539 
Group14_22.txt
111 133 174 221 419 523 
Group14_23.txt
26 234 387 509 
Group14_24.txt
240 289 302 522 
Group14_25.txt
261 347 398 410 591 
Group14_26.txt
530 713 760 870 881 
Group14_27.txt
82 101 135 146 392 552 573 588 630 785 827 
Group14_28.txt
196 207 253 398 413 555 951 
Group14_29.txt
198 319 451 
Group14_30.txt
132 236 317 348 375 455 461 
Group14_31.txt
29 163 187 203 223 287 352 399 439 662 677 734 829 
Group14_32.txt
98 339 513 555 624 746 934 1015 
Group14_33.txt
68 102 337 360 424 435 471 522 646 671 747 891 1089 1142 
Group14_34.txt
6 132 149 364 421 494 523 552 665 709 715 718 
Group14_35.txt
1 10 164 277 471 477 516 598 675 990 1099 1198 1214 1248 1355 
Group14_36.txt
58 
Group14_37.txt
22 46 134 162 220 350 404 527 553 612 627 633 640 868 
Group14_38.txt
432 520 646 866 
Group14_39.txt
383 413 533 809 836 857 
Group14_40.txt
135 247 330 439 574 619 692 716 807 864 
Group14_41.txt
442 455 638 912 
Group14_42.txt
396 423 482 629 769 832 
Group14_43.txt
68 104 188 333 362 374 574 621 658 668 
Group14_44.txt
70 353 480 570 622 638 671 699 
Group14_45.txt
67 528 
Group14_46.txt
431 796 
Group14_47.txt
161 176 218 286 401 
Group14_48.txt
23 34 42 140 218 361 419 582 598 
Group14_49.txt
106 245 289 434 486 542 602 608 730 780 
Group14_50.txt
219 256 373 431 453 576 661 
