Group01_40.txt
722 
Group02_02.txt
67 
Group03_18.txt
4 50 204 702 835 1112 1196 
Group03_33.txt
9 112 222 261 476 985 1244 
Group03_40.txt
91 201 240 455 964 
Group05_14.txt
581 
Group05_49.txt
732 
Group06_10.txt
225 
Group06_23.txt
301 
Group07_32.txt
120 
Group07_42.txt
332 
Group08_37.txt
27 
Group09_25.txt
112 
Group09_41.txt
84 110 
Group10_36.txt
170 
Group11-28.txt
14 85 142 513 547 584 705 
Group13_29.txt
1 84 189 339 393 418 506 592 778 820 856 984 1302 1501 1525 1537 1545 1596 1649 1662 1841 2030 2654 2965 3300 3452 3635 4114 4125 4693 4806 5487 
Group13_35.txt
61 959 
Group14_02.txt
212 234 
Group14_10.txt
55 67 218 
Group14_18.txt
449 474 
Group14_26.txt
331 
Group14_27.txt
571 
Group14_30.txt
861 
