Group01_11.txt
612 771 
Group02_04.txt
12 799 
Group02_41.txt
1295 
Group02_44.txt
1528 
Group02_50.txt
118 125 151 165 174 181 199 217 222 228 235 247 431 474 492 654 1864 1887 
Group03_07.txt
1146 
Group03_11.txt
493 
Group03_23.txt
188 
Group03_24.txt
543 
Group04_09.txt
24 
Group04_10.txt
74 183 535 
Group04_21.txt
274 
Group04_23.txt
505 
Group05_45.txt
366 368 564 820 
Group07_02.txt
392 799 
Group07_03.txt
416 1753 2545 
Group07_05.txt
723 730 738 787 
Group07_06.txt
35 224 
Group07_07.txt
855 1090 
Group07_11.txt
439 
Group07_13.txt
118 384 530 571 
Group07_19.txt
781 
Group07_28.txt
42 454 
Group07_29.txt
506 
Group07_31.txt
1392 
Group07_32.txt
46 95 163 
Group07_37.txt
292 313 
Group07_46.txt
663 
Group07_49.txt
101 1810 
Group07_50.txt
65 178 389 558 
Group08_20.txt
498 
Group08_24.txt
358 
Group08_30.txt
1481 
Group09_09.txt
827 
Group10_10.txt
77 
Group10_12.txt
185 199 215 
Group10_14.txt
321 
Group10_24.txt
726 
Group10_28.txt
105 
Group11-01.txt
488 
Group11-15.txt
1211 
Group11-16.txt
1347 1492 1764 2323 2325 2358 2435 2925 
Group11-20.txt
1330 
Group11-28.txt
579 
Group11-40.txt
197 235 242 551 
Group11-45.txt
1154 
Group12_01.txt
1240 1336 
Group12_02.txt
444 491 2000 
Group12_09.txt
1124 
Group12_14.txt
145 428 613 
Group12_26.txt
942 1025 1073 
Group12_43.txt
552 
Group12_49.txt
326 
Group13_04.txt
99 
Group13_06.txt
1227 
Group13_09.txt
122 1246 1736 
Group13_22.txt
13 229 268 774 4277 5620 5641 7975 9086 10003 10293 10794 10910 10961 11007 11096 11157 11223 11250 11628 11858 13052 13280 13309 13432 15446 16347 16556 
Group13_23.txt
1765 
Group13_25.txt
996 1022 1660 
Group13_30.txt
2258 
Group13_32.txt
635 
Group13_33.txt
453 1152 
Group13_35.txt
122 
Group13_36.txt
160 612 
Group13_37.txt
1127 
Group13_41.txt
455 604 
Group13_44.txt
156 489 777 2203 
Group13_47.txt
322 
Group13_49.txt
1585 
Group14_05.txt
179 
Group14_06.txt
49 
Group14_20.txt
597 
Group14_23.txt
311 
Group14_25.txt
55 
