Group01_01.txt
141 157 237 379 
Group01_02.txt
123 134 
Group01_03.txt
459 548 766 1082 1115 1129 1178 1220 
Group01_04.txt
183 
Group01_05.txt
48 61 
Group01_06.txt
24 297 753 919 1082 1146 1149 1160 1184 
Group01_07.txt
174 268 
Group01_08.txt
39 182 859 1094 1097 1128 1152 
Group01_09.txt
16 44 106 232 662 726 729 740 764 
Group01_10.txt
650 
Group01_11.txt
146 203 988 
Group01_12.txt
94 167 
Group01_14.txt
37 154 179 388 431 573 616 
Group01_15.txt
61 124 
Group01_16.txt
77 134 200 231 272 279 
Group01_17.txt
126 183 188 
Group01_18.txt
46 59 158 312 
Group01_19.txt
136 322 337 499 
Group01_20.txt
226 309 398 573 
Group01_22.txt
409 
Group01_23.txt
99 105 248 
Group01_24.txt
183 
Group01_25.txt
146 545 
Group01_26.txt
58 350 462 729 
Group01_27.txt
18 50 167 307 
Group01_28.txt
303 
Group01_29.txt
720 
Group01_30.txt
27 572 717 
Group01_31.txt
60 
Group01_32.txt
192 483 808 
Group01_33.txt
103 193 402 
Group01_34.txt
607 
Group01_35.txt
33 72 205 354 841 864 1246 
Group01_36.txt
297 415 561 
Group01_37.txt
138 151 221 434 
Group01_39.txt
167 327 538 
Group01_40.txt
74 114 124 272 356 501 
Group01_41.txt
9 313 363 
Group01_42.txt
502 515 
Group01_43.txt
161 207 389 514 
Group01_44.txt
344 
Group01_46.txt
161 416 493 
Group01_47.txt
53 366 
Group01_48.txt
403 472 
Group01_49.txt
321 410 
Group01_50.txt
117 251 329 
Group02_01.txt
31 110 449 461 
Group02_02.txt
217 278 378 
Group02_05.txt
337 586 
Group02_06.txt
70 291 654 730 
Group02_07.txt
162 312 537 635 640 
Group02_08.txt
51 113 255 368 468 
Group02_09.txt
60 144 196 202 279 379 
Group02_10.txt
357 372 746 1095 
Group02_11.txt
188 209 264 348 669 682 877 
Group02_12.txt
888 906 
Group02_13.txt
203 634 641 
Group02_14.txt
32 226 485 
Group02_16.txt
154 532 702 922 
Group02_17.txt
434 728 
Group02_18.txt
635 805 831 900 1065 1135 1380 2197 2414 2491 2567 2609 2703 2777 2974 3000 
Group02_19.txt
508 1512 1531 
Group02_20.txt
204 220 232 238 364 563 573 640 844 895 904 932 1060 1072 1144 1156 1247 1283 2231 2286 2411 2714 2906 3010 3126 3306 3360 3410 3431 3439 3459 3471 3536 3591 3603 3643 3648 4145 
Group02_21.txt
85 483 688 1115 1308 1398 1474 
Group02_22.txt
130 1277 1472 1824 2257 2579 3352 
Group02_23.txt
354 411 556 964 1280 1300 1371 1386 1405 1632 
Group02_24.txt
142 619 686 696 730 760 766 802 854 918 
Group02_25.txt
143 262 294 375 461 545 651 659 672 1059 1311 
Group02_26.txt
25 119 141 197 348 525 592 651 678 691 
Group02_27.txt
70 78 299 473 497 586 593 598 618 625 631 909 954 968 989 1093 1548 1680 1688 
Group02_28.txt
148 438 575 598 1365 1520 1582 1644 1705 1791 
Group02_29.txt
37 339 799 1091 1103 1174 1235 1335 
Group02_30.txt
67 339 765 888 997 1423 1453 1929 2193 2667 2727 3118 3208 3791 
Group02_31.txt
3 131 681 848 886 891 1235 1332 1373 1440 1528 1557 1570 1583 1634 1706 1718 1753 1762 1818 1829 1837 1848 1857 1952 2284 2410 2478 2490 2503 2510 2526 2690 2711 2858 2967 3000 
Group02_32.txt
83 162 1119 1672 1816 2249 
Group02_33.txt
236 256 428 611 893 1188 1547 1722 1942 1953 2402 2883 
Group02_34.txt
535 550 1382 
Group02_35.txt
496 509 655 977 
Group02_36.txt
281 981 1149 1181 1584 
Group02_37.txt
588 974 1030 
Group02_38.txt
131 701 779 1096 1155 1295 1359 1395 1599 2245 2337 2437 2461 2695 2740 2850 3009 3402 3470 
Group02_39.txt
28 507 567 729 743 849 934 1278 1477 1536 
Group02_41.txt
305 497 1022 1554 
Group02_43.txt
881 
Group02_44.txt
146 227 333 363 390 404 447 661 667 679 720 775 788 796 826 
Group02_45.txt
70 270 315 374 499 580 750 766 780 822 873 881 1160 1823 1872 1951 
Group02_46.txt
28 353 429 614 963 1112 2405 2590 
Group02_47.txt
277 327 508 533 583 1034 1135 1153 1173 1176 1336 1350 
Group02_48.txt
1111 1696 1821 1920 2021 2038 2144 2184 2524 2807 
Group02_49.txt
38 222 258 382 407 514 568 606 772 858 1108 1171 1233 1260 1286 1314 1335 1385 1401 1423 1496 1537 1921 1994 2001 2770 2782 3566 3654 3715 
Group02_50.txt
1368 1783 1985 2060 2072 2077 
Group03_01.txt
124 479 484 
Group03_02.txt
362 395 407 452 471 
Group03_03.txt
421 485 684 
Group03_04.txt
67 229 252 290 294 360 633 909 990 1110 1309 1540 1962 
Group03_05.txt
737 
Group03_06.txt
364 380 802 1015 1402 1750 1800 1890 1988 1992 2185 2451 
Group03_07.txt
318 404 538 579 712 731 733 863 1050 1532 1537 1572 1616 1643 2132 2162 
Group03_08.txt
145 
Group03_09.txt
63 736 933 1008 1083 
Group03_10.txt
174 353 371 390 402 455 474 503 893 911 964 
Group03_11.txt
56 63 150 414 621 883 
Group03_12.txt
264 270 388 450 504 824 891 1027 1134 1185 1322 1379 
Group03_13.txt
652 670 964 1158 1221 1254 1299 1303 
Group03_14.txt
349 747 812 836 875 1029 1033 1118 1129 1172 
Group03_15.txt
68 467 570 
Group03_16.txt
177 340 505 895 
Group03_17.txt
83 152 194 
Group03_18.txt
2 60 246 351 377 439 592 1049 
Group03_19.txt
81 132 541 612 
Group03_20.txt
78 145 274 340 579 
Group03_21.txt
13 146 898 1095 1332 1494 1709 1968 
Group03_22.txt
75 202 246 316 584 586 980 
Group03_24.txt
242 839 1055 
Group03_25.txt
323 626 649 
Group03_26.txt
79 110 464 931 1070 1077 
Group03_27.txt
278 515 537 730 793 1281 1287 1458 1520 1578 
Group03_28.txt
290 366 430 740 956 977 
Group03_29.txt
32 79 98 505 758 833 863 1621 1743 1842 
Group03_30.txt
64 304 590 1175 1273 1382 1465 1503 
Group03_31.txt
129 367 669 707 741 1241 1720 2063 2074 2294 2618 2646 
Group03_32.txt
113 456 659 920 1358 1500 
Group03_33.txt
12 320 348 1086 1291 1302 
Group03_34.txt
229 542 691 1407 1544 1566 2366 2370 2388 2904 
Group03_35.txt
534 631 853 877 1087 1208 1218 1353 
Group03_36.txt
208 217 350 385 397 640 679 1230 1277 1405 1518 1657 1666 
Group03_37.txt
15 476 898 939 1091 1914 2058 2263 
Group03_38.txt
6 236 368 475 765 
Group03_39.txt
96 439 642 903 
Group03_40.txt
299 327 1065 
Group03_41.txt
86 359 
Group03_42.txt
13 60 79 489 748 823 853 1642 
Group03_43.txt
36 
Group03_44.txt
32 161 493 506 775 792 875 1297 1424 1436 
Group03_45.txt
293 394 
Group03_46.txt
90 
Group03_47.txt
203 480 
Group03_48.txt
267 543 605 648 
Group03_49.txt
97 211 381 387 712 
Group03_50.txt
38 239 774 849 1162 1273 1283 1538 
Group04_03.txt
48 205 432 
Group04_04.txt
528 533 
Group04_05.txt
49 262 275 357 374 
Group04_06.txt
34 41 299 826 845 
Group04_07.txt
83 830 861 1028 1107 1182 1194 1200 
Group04_08.txt
286 342 
Group04_09.txt
520 585 
Group04_10.txt
285 585 
Group04_12.txt
2 80 361 
Group04_13.txt
3 20 141 187 320 470 485 651 955 1122 1160 
Group04_14.txt
442 540 561 576 
Group04_15.txt
228 395 435 556 976 1150 1206 
Group04_16.txt
158 
Group04_17.txt
74 593 686 926 
Group04_18.txt
3 25 264 338 
Group04_19.txt
119 145 
Group04_20.txt
500 
Group04_21.txt
52 380 635 824 
Group04_22.txt
306 503 
Group04_23.txt
178 
Group04_24.txt
14 29 294 307 324 389 408 411 647 
Group04_25.txt
187 700 
Group04_26.txt
36 115 211 345 450 548 568 653 
Group04_27.txt
56 73 223 640 762 
Group04_28.txt
39 166 573 625 
Group04_30.txt
43 124 179 219 339 506 548 798 906 
Group04_31.txt
139 145 252 
Group04_32.txt
206 717 
Group04_34.txt
865 955 960 
Group04_35.txt
169 
Group04_36.txt
190 277 433 
Group04_37.txt
60 104 203 
Group04_38.txt
153 
Group04_39.txt
207 276 319 396 621 792 834 
Group04_40.txt
336 543 
Group04_41.txt
420 636 1024 1099 
Group04_42.txt
53 186 303 
Group04_43.txt
190 252 654 666 713 723 
Group04_44.txt
159 
Group04_45.txt
139 
Group04_46.txt
266 500 1100 
Group04_47.txt
462 
Group04_48.txt
141 254 338 
Group04_49.txt
243 276 447 608 
Group04_50.txt
330 449 610 675 
Group05_01.txt
46 140 
Group05_02.txt
321 728 1080 1206 1266 
Group05_03.txt
86 317 336 349 357 
Group05_04.txt
177 343 474 815 928 
Group05_05.txt
29 
Group05_06.txt
85 676 1170 
Group05_07.txt
375 
Group05_08.txt
39 
Group05_09.txt
213 295 480 503 815 
Group05_10.txt
291 422 482 565 
Group05_11.txt
23 29 382 460 
Group05_12.txt
132 
Group05_13.txt
155 203 247 314 361 739 765 
Group05_14.txt
25 66 182 577 759 985 
Group05_15.txt
49 77 93 302 327 489 658 
Group05_16.txt
29 69 96 647 696 905 
Group05_17.txt
82 440 759 1043 1088 
Group05_18.txt
126 666 702 747 909 
Group05_19.txt
170 388 581 756 
Group05_20.txt
20 36 410 420 543 776 
Group05_21.txt
103 106 115 129 182 234 523 533 
Group05_22.txt
27 225 351 572 
Group05_23.txt
746 998 
Group05_24.txt
111 424 616 
Group05_25.txt
89 281 689 1147 1155 
Group05_26.txt
183 196 325 485 580 
Group05_27.txt
109 204 246 277 285 519 965 1195 1290 
Group05_28.txt
76 157 494 
Group05_29.txt
275 
Group05_30.txt
119 134 218 294 421 441 507 511 529 547 602 642 916 
Group05_31.txt
209 
Group05_32.txt
21 291 384 407 728 
Group05_33.txt
28 67 
Group05_34.txt
42 108 143 162 
Group05_36.txt
35 82 132 225 
Group05_37.txt
62 
Group05_38.txt
58 216 
Group05_40.txt
127 245 333 391 
Group05_41.txt
159 381 445 
Group05_42.txt
50 138 151 259 332 
Group05_43.txt
125 265 272 512 622 
Group05_44.txt
76 159 634 690 909 1034 
Group05_45.txt
210 528 563 
Group05_46.txt
94 489 
Group05_47.txt
124 
Group05_48.txt
225 281 
Group05_49.txt
29 74 168 232 728 
Group05_50.txt
50 78 107 150 335 360 529 698 
Group06_01.txt
27 109 311 318 333 500 
Group06_02.txt
44 124 135 399 508 551 723 774 
Group06_03.txt
40 222 644 657 
Group06_05.txt
301 433 
Group06_06.txt
489 601 647 
Group06_07.txt
13 286 344 434 596 
Group06_08.txt
227 299 406 
Group06_09.txt
138 416 468 485 510 562 
Group06_10.txt
135 607 
Group06_11.txt
376 462 583 
Group06_12.txt
278 299 
Group06_13.txt
72 167 242 470 
Group06_14.txt
2 33 
Group06_15.txt
664 851 
Group06_16.txt
104 485 570 688 728 1066 1087 1097 
Group06_17.txt
189 268 371 524 862 879 895 1053 
Group06_18.txt
34 104 719 
Group06_19.txt
192 197 712 
Group06_20.txt
194 213 585 604 
Group06_21.txt
129 228 335 500 756 835 
Group06_22.txt
21 216 382 
Group06_23.txt
61 455 690 722 
Group06_24.txt
162 
Group06_25.txt
191 462 519 
Group06_26.txt
58 82 246 670 
Group06_27.txt
80 190 289 377 
Group06_28.txt
6 149 305 314 391 
Group06_29.txt
74 
Group06_30.txt
84 391 
Group06_31.txt
189 268 371 524 862 879 895 1053 
Group06_33.txt
12 63 90 151 197 230 521 671 691 723 726 833 
Group06_34.txt
55 320 444 
Group06_35.txt
274 305 446 
Group06_36.txt
252 430 
Group06_37.txt
38 119 125 378 
Group06_38.txt
69 185 318 388 526 562 675 
Group06_39.txt
87 118 263 
Group06_40.txt
25 57 477 
Group06_41.txt
422 
Group06_42.txt
415 570 
Group06_43.txt
110 197 240 312 443 523 619 
Group06_44.txt
67 202 329 372 766 782 831 
Group06_45.txt
7 492 
Group06_46.txt
129 464 
Group06_47.txt
260 511 
Group06_48.txt
458 
Group06_49.txt
287 
Group06_50.txt
527 
Group07_01.txt
551 565 677 826 
Group07_02.txt
118 368 492 741 811 
Group07_03.txt
127 812 860 1275 1638 2552 
Group07_04.txt
370 383 423 459 947 
Group07_05.txt
443 
Group07_06.txt
331 365 
Group07_07.txt
132 189 252 262 561 1380 
Group07_08.txt
108 283 
Group07_10.txt
418 
Group07_11.txt
124 253 
Group07_12.txt
151 242 387 941 
Group07_13.txt
0 12 76 141 208 433 
Group07_16.txt
27 101 368 
Group07_17.txt
191 567 
Group07_18.txt
361 570 1363 
Group07_19.txt
30 111 228 299 656 782 810 904 
Group07_20.txt
28 79 86 112 293 465 
Group07_22.txt
57 290 507 
Group07_23.txt
5 
Group07_24.txt
86 1205 1531 1665 1701 
Group07_25.txt
301 310 369 408 
Group07_26.txt
88 
Group07_28.txt
183 
Group07_29.txt
115 239 
Group07_30.txt
72 173 384 441 625 
Group07_31.txt
352 480 535 1944 
Group07_33.txt
577 
Group07_36.txt
199 819 886 1025 1107 
Group07_37.txt
56 698 927 1110 1248 1259 1331 1425 1447 1456 
Group07_38.txt
61 134 174 265 1321 1342 1795 1822 
Group07_39.txt
15 34 187 203 240 272 305 375 454 
Group07_40.txt
130 256 
Group07_41.txt
6 501 543 
Group07_42.txt
3 54 245 267 316 409 
Group07_43.txt
422 
Group07_44.txt
38 497 
Group07_45.txt
39 473 531 
Group07_46.txt
732 
Group07_47.txt
545 
Group07_48.txt
146 573 581 
Group07_49.txt
1 82 583 761 830 1068 1263 1911 2341 2412 2686 
Group07_50.txt
595 
Group08_02.txt
74 377 508 
Group08_04.txt
450 480 540 600 
Group08_05.txt
81 307 
Group08_06.txt
52 115 229 346 403 428 501 843 880 891 1026 1070 1086 
Group08_08.txt
27 133 281 
Group08_09.txt
41 71 233 248 301 659 
Group08_11.txt
781 799 
Group08_12.txt
20 42 73 95 
Group08_13.txt
931 
Group08_16.txt
601 
Group08_17.txt
35 115 699 774 803 
Group08_18.txt
177 222 
Group08_19.txt
18 86 235 319 335 578 614 645 749 826 
Group08_20.txt
386 582 673 1067 1483 1512 
Group08_21.txt
448 601 
Group08_22.txt
287 356 768 
Group08_23.txt
450 480 540 600 
Group08_24.txt
30 74 189 236 547 670 714 786 892 929 943 1056 1114 
Group08_25.txt
120 283 340 346 835 848 858 916 1147 
Group08_27.txt
215 
Group08_28.txt
65 95 181 321 351 442 637 711 728 
Group08_29.txt
27 343 390 1037 1417 
Group08_30.txt
72 518 562 1278 1424 
Group08_31.txt
486 
Group08_34.txt
154 373 481 
Group08_35.txt
332 
Group08_36.txt
68 119 
Group08_37.txt
79 
Group08_38.txt
118 
Group08_39.txt
124 232 362 
Group08_40.txt
76 189 397 424 
Group08_41.txt
84 168 258 333 
Group08_43.txt
37 428 659 687 
Group08_45.txt
161 182 255 
Group08_46.txt
292 
Group08_47.txt
33 82 122 131 356 475 
Group08_48.txt
411 
Group08_49.txt
46 132 180 259 273 
Group08_50.txt
100 173 360 
Group09_01.txt
107 146 204 450 572 
Group09_02.txt
104 340 416 
Group09_03.txt
416 
Group09_04.txt
30 94 125 168 395 580 
Group09_05.txt
121 384 406 437 634 642 749 957 
Group09_06.txt
60 77 326 
Group09_07.txt
609 614 706 
Group09_09.txt
145 901 
Group09_10.txt
70 302 307 353 428 739 
Group09_11.txt
62 80 223 
Group09_12.txt
273 525 
Group09_13.txt
32 83 120 138 182 316 419 461 485 545 555 
Group09_14.txt
17 156 275 352 490 503 632 
Group09_15.txt
167 226 301 345 350 411 431 450 
Group09_16.txt
77 112 146 154 177 199 328 346 
Group09_17.txt
22 44 112 157 206 242 299 317 324 328 347 451 525 533 535 615 716 753 798 
Group09_18.txt
34 378 568 617 
Group09_19.txt
34 221 256 352 453 478 
Group09_20.txt
34 64 237 392 400 423 447 500 
Group09_21.txt
418 490 512 570 687 753 1088 
Group09_22.txt
456 555 576 591 
Group09_23.txt
66 265 367 415 564 610 618 
Group09_24.txt
41 148 171 241 287 
Group09_25.txt
20 47 156 179 305 488 
Group09_26.txt
53 86 616 645 933 946 1052 1195 
Group09_28.txt
298 
Group09_29.txt
443 485 536 
Group09_30.txt
44 440 
Group09_31.txt
439 453 
Group09_32.txt
130 173 289 338 415 502 594 598 
Group09_33.txt
17 178 325 
Group09_34.txt
157 305 322 
Group09_35.txt
107 443 531 586 
Group09_36.txt
99 360 474 
Group09_37.txt
408 417 474 585 701 1192 
Group09_38.txt
80 234 261 465 598 
Group09_39.txt
150 
Group09_40.txt
167 
Group09_41.txt
4 21 177 218 316 331 357 489 
Group09_42.txt
45 66 117 406 542 
Group09_43.txt
188 193 
Group09_44.txt
8 176 277 313 
Group09_45.txt
96 336 368 696 
Group09_46.txt
128 184 319 355 392 452 
Group09_47.txt
131 171 186 192 237 244 497 505 
Group09_48.txt
341 375 660 
Group09_49.txt
81 247 375 460 683 
Group09_50.txt
110 128 588 
Group10_01.txt
738 
Group10_02.txt
14 139 206 
Group10_03.txt
49 451 498 621 665 926 971 
Group10_05.txt
189 304 372 385 407 488 582 767 817 
Group10_06.txt
267 383 545 550 590 595 624 708 737 
Group10_09.txt
5 203 299 326 755 
Group10_10.txt
673 740 761 
Group10_11.txt
166 209 559 850 957 
Group10_12.txt
124 138 
Group10_13.txt
229 710 
Group10_14.txt
165 255 470 
Group10_15.txt
76 190 606 
Group10_16.txt
77 106 117 477 531 636 985 
Group10_17.txt
330 965 
Group10_18.txt
56 63 307 609 626 685 826 
Group10_19.txt
528 
Group10_20.txt
495 578 
Group10_21.txt
24 43 203 214 706 732 775 
Group10_22.txt
14 398 
Group10_23.txt
435 508 
Group10_24.txt
358 612 
Group10_25.txt
15 1034 1209 
Group10_26.txt
14 139 206 
Group10_27.txt
82 229 
Group10_28.txt
7 320 
Group10_29.txt
46 96 388 562 585 650 732 754 922 
Group10_30.txt
78 163 165 302 476 
Group10_31.txt
62 116 646 
Group10_32.txt
25 82 146 175 329 434 601 
Group10_33.txt
95 363 522 678 1140 1390 1700 
Group10_34.txt
128 
Group10_35.txt
830 901 
Group10_36.txt
293 551 633 692 800 
Group10_37.txt
62 69 224 250 579 
Group10_38.txt
148 208 1128 
Group10_39.txt
16 172 462 536 695 
Group10_40.txt
57 293 310 535 
Group10_41.txt
109 116 234 586 
Group10_42.txt
4 141 436 
Group10_43.txt
482 723 747 802 1138 
Group10_44.txt
96 473 494 792 
Group10_45.txt
439 589 
Group10_46.txt
325 597 
Group10_47.txt
184 566 714 
Group10_48.txt
465 
Group10_49.txt
27 481 630 
Group11-02.txt
131 184 211 422 508 586 
Group11-04.txt
325 332 405 530 669 793 
Group11-05.txt
84 90 549 570 642 711 1126 1140 1144 1273 1486 1507 1600 1794 1816 1822 
Group11-07.txt
53 142 467 492 594 713 725 
Group11-08.txt
83 135 147 371 374 598 601 
Group11-09.txt
33 185 247 417 
Group11-10.txt
56 299 429 481 
Group11-11.txt
406 
Group11-12.txt
57 193 278 328 363 659 
Group11-13.txt
11 22 439 571 
Group11-14.txt
124 174 274 511 785 867 947 
Group11-15.txt
523 1370 1482 2170 2341 
Group11-16.txt
340 843 1323 1380 1557 1735 1790 1817 1929 2690 2705 3090 
Group11-17.txt
43 81 112 536 692 
Group11-18.txt
43 428 484 
Group11-19.txt
549 602 
Group11-20.txt
1098 1288 
Group11-21.txt
325 444 451 456 
Group11-22.txt
328 730 824 
Group11-23.txt
14 443 489 533 627 
Group11-24.txt
39 361 1008 1204 1220 2171 2217 
Group11-25.txt
491 
Group11-26.txt
65 323 346 
Group11-28.txt
27 454 
Group11-30.txt
4 33 388 399 482 516 
Group11-31.txt
105 237 353 
Group11-32.txt
90 114 171 620 
Group11-33.txt
520 1023 
Group11-34.txt
19 64 310 323 384 414 
Group11-35.txt
126 304 310 407 
Group11-36.txt
90 204 
Group11-37.txt
350 363 473 
Group11-38.txt
521 787 
Group11-40.txt
398 476 571 635 
Group11-41.txt
7 141 268 318 448 
Group11-42.txt
196 282 
Group11-43.txt
25 73 166 
Group11-44.txt
163 251 263 
Group11-45.txt
76 97 1008 1283 
Group11-46.txt
81 822 826 839 1058 1212 1265 1411 
Group11-47.txt
31 427 430 460 488 595 655 662 
Group11-48.txt
333 516 
Group11-49.txt
474 492 
Group11-50.txt
486 508 893 
Group12_01.txt
159 473 604 609 752 757 1256 1561 
Group12_02.txt
189 309 527 838 861 934 1315 1805 1921 
Group12_03.txt
8 349 809 1001 1251 1298 1427 1465 
Group12_04.txt
850 1323 1756 2403 2587 2721 
Group12_05.txt
531 
Group12_06.txt
117 141 556 956 1051 1231 1346 
Group12_07.txt
30 736 900 957 1215 
Group12_08.txt
136 372 540 563 
Group12_09.txt
14 311 503 953 
Group12_10.txt
304 315 628 
Group12_11.txt
273 290 598 738 742 
Group12_12.txt
273 290 598 738 742 
Group12_13.txt
180 418 436 611 714 1018 1097 1524 1635 1698 1726 1786 
Group12_14.txt
11 45 57 167 181 207 264 
Group12_15.txt
374 710 721 
Group12_16.txt
284 413 
Group12_17.txt
32 121 223 
Group12_18.txt
26 60 96 159 
Group12_19.txt
939 
Group12_20.txt
284 352 384 407 427 478 
Group12_21.txt
5 137 396 442 574 
Group12_22.txt
313 354 377 631 723 
Group12_23.txt
303 305 485 
Group12_24.txt
185 223 280 422 
Group12_25.txt
197 496 
Group12_26.txt
89 219 505 786 
Group12_27.txt
27 120 244 395 526 
Group12_28.txt
551 
Group12_29.txt
26 57 66 237 262 269 394 400 442 484 545 549 564 
Group12_31.txt
112 366 418 
Group12_32.txt
38 52 361 
Group12_33.txt
12 128 272 450 
Group12_34.txt
60 196 236 
Group12_35.txt
28 36 102 143 193 201 221 303 353 434 651 689 
Group12_36.txt
23 100 
Group12_37.txt
39 176 196 235 367 425 
Group12_38.txt
278 364 370 
Group12_39.txt
30 100 191 219 278 358 434 509 653 703 719 726 760 
Group12_40.txt
6 132 195 211 316 405 569 
Group12_41.txt
280 346 
Group12_42.txt
76 134 199 232 289 311 690 726 763 803 1427 
Group12_43.txt
182 488 631 635 816 
Group12_46.txt
364 705 
Group12_47.txt
292 
Group12_48.txt
210 275 405 
Group12_49.txt
15 39 63 98 241 267 301 432 460 510 574 595 617 760 804 960 1042 1157 1201 1264 1509 1998 2656 
Group12_50.txt
141 160 206 272 302 357 508 
Group13_01.txt
363 451 
Group13_02.txt
60 209 319 334 356 473 588 803 851 859 1245 1355 1455 1472 1636 1671 2367 
Group13_03.txt
116 
Group13_04.txt
282 364 641 684 836 887 918 941 
Group13_05.txt
78 465 1062 1444 1468 
Group13_06.txt
106 168 355 455 473 675 1168 1196 1202 1279 1849 1992 2142 2170 
Group13_07.txt
263 363 380 
Group13_08.txt
140 166 492 894 977 1096 1220 
Group13_09.txt
543 1470 1638 
Group13_10.txt
426 693 767 893 
Group13_11.txt
168 230 342 392 
Group13_12.txt
227 403 657 
Group13_13.txt
89 275 
Group13_14.txt
62 121 154 240 250 362 385 476 510 
Group13_15.txt
53 292 327 580 
Group13_16.txt
139 224 268 286 335 
Group13_17.txt
112 125 237 425 542 604 652 
Group13_18.txt
24 797 
Group13_19.txt
361 417 430 
Group13_20.txt
112 133 262 279 358 517 611 
Group13_21.txt
147 208 250 494 685 1140 1190 1249 1272 1344 1669 
Group13_22.txt
0 981 1194 1244 1719 2244 2333 2553 2650 2684 2697 2722 2911 3066 3086 3098 3111 3144 3168 3196 3208 3256 3271 3299 3313 3354 3366 3383 3407 3420 3436 3480 3491 3507 3523 3592 3630 3777 4175 4972 4997 5104 5208 5258 5319 5731 5973 6277 6690 6828 7017 7109 7136 7194 7386 8407 8565 8844 9015 9547 9883 10005 10130 10765 11315 11821 11839 11975 12236 12353 12584 12629 12712 12721 12747 12842 12870 13139 13222 13304 13536 13588 13746 14032 14056 14171 14389 14392 14397 14400 14461 14759 15042 15064 15207 15481 15594 15690 15700 16280 16340 16391 
Group13_23.txt
931 1117 1160 1266 2159 2213 2226 2438 2451 2546 2873 2995 3412 3427 
Group13_24.txt
62 949 990 1207 1312 1510 1617 1797 2119 2451 3066 3113 3125 3137 3687 3941 4069 4125 4469 4776 4783 5190 5214 5464 
Group13_25.txt
177 243 428 443 468 1060 1162 1217 1406 1657 1848 2213 
Group13_26.txt
135 193 464 502 595 635 1096 1184 1516 1569 1816 1840 2067 2318 2553 2751 2769 2899 3361 4122 4569 4915 5072 5251 5320 5486 5550 6172 6569 6692 7028 7432 7558 7579 7613 8045 8186 8282 8598 9264 9340 9539 9797 9853 9886 10146 
Group13_27.txt
395 553 793 880 916 945 1234 1797 2058 2306 2561 2943 3053 3212 3521 
Group13_28.txt
84 532 744 768 2136 3381 3387 
Group13_29.txt
273 331 336 347 360 489 531 604 713 830 1032 1234 1282 1367 1377 1442 1602 1614 1718 1755 1838 1847 1911 1958 2640 3778 3835 3927 3985 4068 4073 4251 4334 4382 4824 5503 
Group13_30.txt
87 285 306 1142 1432 1827 1840 2426 2861 4043 
Group13_31.txt
33 245 809 
Group13_32.txt
462 608 773 816 899 
Group13_33.txt
776 1300 1327 1910 2137 2198 
Group13_34.txt
234 243 
Group13_35.txt
495 668 839 
Group13_36.txt
57 516 554 599 627 931 950 1079 1114 
Group13_37.txt
38 62 274 447 806 992 1038 1247 1392 1534 1537 
Group13_38.txt
31 668 890 1348 1403 1484 
Group13_39.txt
84 571 1130 1161 
Group13_40.txt
222 357 
Group13_41.txt
386 599 752 1398 
Group13_42.txt
103 121 166 714 722 849 1122 
Group13_43.txt
345 377 429 570 765 1307 
Group13_44.txt
214 556 685 1419 1550 1740 1751 2061 2924 2984 3070 3305 3511 3658 
Group13_45.txt
342 387 451 458 1028 1035 1299 1362 1546 
Group13_46.txt
26 92 497 571 859 876 1170 1331 1487 1753 1998 2002 2031 2060 2404 
Group13_47.txt
236 468 1007 1267 1353 1366 1579 
Group13_48.txt
337 579 692 1589 1668 1674 2174 
Group13_49.txt
103 254 668 736 767 770 1305 1812 2197 
Group13_50.txt
100 125 136 550 575 595 630 947 1021 1079 1135 1184 
Group14_01.txt
124 
Group14_02.txt
125 341 449 
Group14_03.txt
57 68 90 423 
Group14_04.txt
91 371 483 
Group14_05.txt
6 75 83 132 392 534 
Group14_06.txt
34 427 
Group14_07.txt
110 355 532 
Group14_08.txt
107 544 
Group14_09.txt
457 
Group14_10.txt
201 271 284 436 
Group14_11.txt
125 
Group14_12.txt
118 193 225 528 
Group14_13.txt
422 470 
Group14_14.txt
45 67 92 142 195 283 369 438 
Group14_15.txt
24 208 267 514 
Group14_16.txt
77 131 457 
Group14_17.txt
19 38 77 132 
Group14_18.txt
295 484 
Group14_19.txt
684 
Group14_20.txt
195 328 426 483 730 813 850 909 
Group14_21.txt
149 554 
Group14_23.txt
94 420 482 491 
Group14_24.txt
479 
Group14_25.txt
39 369 
Group14_26.txt
17 94 97 210 248 345 354 560 
Group14_27.txt
20 164 174 805 863 
Group14_28.txt
51 148 328 423 444 449 645 926 969 
Group14_29.txt
57 336 
Group14_30.txt
39 248 747 
Group14_31.txt
382 457 475 556 634 
Group14_32.txt
60 160 570 784 803 1057 
Group14_33.txt
964 983 1014 
Group14_34.txt
399 575 753 
Group14_35.txt
50 147 522 882 1554 
Group14_36.txt
13 122 237 269 341 613 
Group14_37.txt
338 562 903 
Group14_38.txt
189 268 720 780 
Group14_39.txt
160 318 321 579 850 991 
Group14_40.txt
43 94 161 218 237 313 360 
Group14_41.txt
256 432 613 
Group14_42.txt
47 247 393 661 867 
Group14_44.txt
156 546 947 
Group14_45.txt
38 
Group14_46.txt
93 194 251 342 448 
Group14_47.txt
375 471 
Group14_49.txt
169 190 500 551 741 
Group14_50.txt
19 29 243 414 647 
