Group01_47.txt
76 
Group02_01.txt
518 
Group02_05.txt
71 126 169 184 252 469 513 
Group02_12.txt
756 
Group02_14.txt
530 
Group02_18.txt
119 
Group02_21.txt
1415 1535 1538 1543 1609 1612 1617 2055 2285 
Group02_22.txt
138 1827 1841 3587 
Group02_24.txt
426 
Group02_27.txt
649 885 888 895 983 1141 
Group02_28.txt
931 936 951 960 971 1138 1145 1163 
Group02_29.txt
119 
Group02_32.txt
472 1083 1245 1537 1545 1654 1659 1712 1743 1791 1933 2068 
Group02_33.txt
66 291 857 950 1266 1270 1496 2948 
Group02_34.txt
1050 1062 1214 
Group02_36.txt
335 372 453 458 807 816 
Group02_38.txt
1433 1442 1467 1471 1498 1602 3056 
Group02_40.txt
216 419 456 477 509 553 681 
Group02_41.txt
816 
Group02_42.txt
5 454 738 750 
Group02_43.txt
110 126 159 205 313 342 400 496 532 568 907 913 988 1115 1197 1207 1223 1378 1384 1584 1619 
Group02_44.txt
240 541 567 571 582 596 603 1035 1055 1096 1136 1302 1362 1366 1565 1572 
Group02_45.txt
1233 1673 
Group02_48.txt
197 629 2173 2518 2613 2654 2712 2924 
Group02_49.txt
1157 1170 1183 1245 
Group02_50.txt
1741 1770 
Group04_02.txt
493 
Group04_34.txt
315 
Group04_36.txt
252 299 
Group04_39.txt
713 
Group04_50.txt
27 
Group05_06.txt
1031 
Group05_42.txt
223 
Group06_02.txt
585 
Group06_05.txt
37 
Group06_06.txt
34 
Group06_08.txt
20 154 366 392 491 
Group06_13.txt
451 
Group06_25.txt
475 
Group06_35.txt
433 475 519 
Group06_41.txt
257 427 
Group10_27.txt
625 
Group10_31.txt
46 
Group10_44.txt
199 
Group14_41.txt
447 
Group14_42.txt
571 
