Group01_30.txt
252 
Group01_47.txt
38 113 175 
Group02_21.txt
1433 1556 1669 1689 1786 1978 2046 2614 
Group02_22.txt
44 67 75 88 126 197 277 
Group02_27.txt
918 
Group02_28.txt
111 
Group02_32.txt
465 1404 1476 1485 1623 1899 2178 
Group02_33.txt
1178 1325 1370 1463 3184 
Group02_34.txt
1257 1276 1280 1301 1311 1332 1401 1434 
Group02_38.txt
1422 1425 1431 
Group02_39.txt
1508 1654 1705 
Group02_40.txt
381 1998 
Group02_41.txt
644 
Group02_43.txt
1251 1280 1415 1500 1552 
Group02_44.txt
1484 
Group04_39.txt
691 
Group06_07.txt
196 
Group06_13.txt
495 
Group06_37.txt
283 
Group06_41.txt
60 340 369 454 463 
Group07_21.txt
295 
Group10_04.txt
74 
Group10_05.txt
867 
Group10_27.txt
577 
Group11-05.txt
2179 
Group11-46.txt
1218 
Group12_40.txt
553 
