Group01_15.txt
128 
Group02_09.txt
453 
Group02_24.txt
50 
Group02_37.txt
128 
Group02_47.txt
1 4 11 24 50 109 120 431 763 881 1187 1197 1372 1380 1425 
Group03_06.txt
1588 1607 1752 
Group03_18.txt
478 
Group03_35.txt
218 1278 
Group03_50.txt
486 1163 1229 
Group04_24.txt
284 
Group06_12.txt
1 11 37 51 95 102 140 180 211 220 286 331 346 398 432 525 550 561 
Group07_03.txt
723 
Group07_10.txt
556 
Group07_29.txt
246 
Group07_42.txt
373 
Group08_17.txt
1090 
Group09_18.txt
1 32 87 334 415 450 
Group10_08.txt
260 533 548 618 
Group10_18.txt
10 23 256 329 482 640 734 
Group11-16.txt
1319 
Group11-44.txt
116 183 
Group11-45.txt
192 576 763 
Group12_19.txt
960 
Group12_26.txt
195 
Group12_45.txt
411 469 
Group13_46.txt
963 1009 1157 1211 1250 
Group13_50.txt
208 303 
Group14_34.txt
105 366 731 
Group14_35.txt
65 
Group14_36.txt
134 181 357 501 
Group14_37.txt
82 316 772 
Group14_40.txt
240 253 528 548 825 
Group14_41.txt
18 466 
Group14_42.txt
178 
Group14_43.txt
82 117 325 502 528 570 
Group14_44.txt
555 564 
Group14_47.txt
717 
Group14_48.txt
17 262 584 
Group14_49.txt
764 
Group14_50.txt
32 397 463 667 
