Group01_08.txt
907 
Group01_22.txt
124 
Group02_01.txt
203 
Group02_20.txt
981 
Group02_22.txt
1259 1271 1353 1359 1365 1385 
Group02_39.txt
684 702 
Group02_47.txt
91 94 150 256 395 402 406 412 445 483 768 784 908 929 1413 
Group02_49.txt
4127 
Group03_08.txt
246 
Group03_16.txt
836 
Group03_18.txt
1201 1251 
Group03_34.txt
456 2064 
Group03_35.txt
463 498 
Group03_37.txt
149 1742 
Group03_47.txt
1025 
Group03_50.txt
756 1221 
Group04_07.txt
69 
Group04_39.txt
453 542 
Group06_10.txt
441 
Group06_12.txt
89 428 509 
Group07_02.txt
168 374 770 
Group07_03.txt
44 198 1226 1979 
Group07_07.txt
1419 
Group07_08.txt
243 408 
Group07_19.txt
93 355 734 
Group07_28.txt
171 
Group08_29.txt
1135 
Group09_23.txt
99 594 
Group10_01.txt
709 
Group10_08.txt
96 107 278 516 627 
Group10_13.txt
404 
Group11-04.txt
380 
Group11-11.txt
8 50 101 209 341 
Group11-16.txt
660 
Group11-44.txt
97 216 314 513 533 852 
Group11-45.txt
974 1167 1248 
Group11-46.txt
571 856 1112 1281 1304 1323 
Group11-47.txt
396 421 
Group11-48.txt
432 579 600 
Group11-49.txt
387 
Group12_26.txt
47 137 226 296 361 502 618 736 764 801 869 890 917 933 1047 1223 1451 
Group12_40.txt
482 
Group12_45.txt
325 
Group12_50.txt
445 
Group13_26.txt
10295 
Group13_37.txt
1433 
Group13_40.txt
323 608 1028 
Group13_41.txt
371 
Group13_46.txt
1630 1669 
Group13_48.txt
696 1441 
Group13_49.txt
1402 
Group13_50.txt
619 
Group14_14.txt
128 
Group14_30.txt
99 
Group14_33.txt
863 
Group14_34.txt
44 137 152 480 
Group14_35.txt
12 196 257 271 482 554 649 720 818 1105 1163 1657 
Group14_36.txt
461 
Group14_37.txt
70 823 850 
Group14_38.txt
13 29 95 335 423 768 896 
Group14_39.txt
384 461 1010 
Group14_40.txt
33 79 97 138 152 209 354 433 634 698 789 866 950 
Group14_41.txt
568 611 
Group14_42.txt
41 109 130 318 455 485 570 582 619 882 
Group14_43.txt
162 667 
Group14_44.txt
179 198 658 715 747 798 815 968 
Group14_45.txt
228 264 400 488 532 
Group14_46.txt
13 92 345 816 834 
Group14_47.txt
52 82 358 526 544 626 655 679 698 
Group14_48.txt
78 100 273 411 572 600 643 693 715 
Group14_49.txt
37 401 732 
Group14_50.txt
90 135 277 649 692 
