Group01_32.txt
2 50 70 309 373 568 649 834 864 896 963 997 1102 1135 1195 1213 1236 
Group01_40.txt
793 
Group02_03.txt
658 
Group02_07.txt
678 
Group02_09.txt
158 
Group03_02.txt
350 
Group03_30.txt
1515 
Group03_31.txt
526 2796 
Group03_33.txt
102 
Group03_34.txt
1 181 205 265 270 275 323 453 719 731 742 809 905 1018 
Group03_38.txt
696 755 
Group03_40.txt
81 
Group03_43.txt
482 528 
Group03_48.txt
111 187 446 552 569 683 686 724 816 
Group03_50.txt
267 
Group04_41.txt
698 768 
Group05_10.txt
70 
Group05_14.txt
0 10 44 75 120 132 152 209 244 300 364 378 394 405 525 546 591 679 719 725 760 897 925 983 1013 
Group05_25.txt
16 69 234 285 291 465 467 500 541 933 998 
Group05_32.txt
429 
Group05_39.txt
2 21 87 
Group05_48.txt
35 
Group05_49.txt
0 59 195 213 239 258 277 292 368 440 485 612 627 640 677 697 742 791 828 903 
Group06_45.txt
483 
Group08_09.txt
42 72 
Group08_41.txt
0 34 48 108 132 265 325 
Group10_12.txt
562 
Group10_14.txt
248 
Group10_33.txt
1332 1365 1408 1423 
Group10_38.txt
894 
Group11-18.txt
87 
Group11-26.txt
162 
Group11-27.txt
0 30 97 143 169 210 276 
Group11-28.txt
0 33 315 
Group11-29.txt
0 29 64 114 125 153 233 286 369 442 517 531 556 570 617 641 665 
Group11-30.txt
0 26 74 151 364 400 419 501 508 531 
Group12_05.txt
644 
Group12_40.txt
0 115 202 220 
Group13_09.txt
1022 1127 1160 1181 1219 
Group13_29.txt
2850 
Group13_35.txt
65 
