Group01_25.txt
813 
Group01_30.txt
148 745 
Group01_34.txt
173 278 
Group01_35.txt
675 
Group01_36.txt
328 545 
Group01_39.txt
44 
Group01_43.txt
109 517 
Group02_10.txt
31 336 380 
Group03_05.txt
861 
Group03_07.txt
1407 1604 1623 1843 
Group03_13.txt
235 1367 1393 1512 
Group03_14.txt
948 
Group03_31.txt
13 501 2236 
Group03_32.txt
431 
Group03_33.txt
340 1446 1461 
Group03_36.txt
1552 
Group03_37.txt
846 
Group03_39.txt
414 
Group03_40.txt
319 
Group03_44.txt
1452 
Group03_49.txt
654 
Group04_01.txt
33 57 200 260 538 642 769 
Group04_02.txt
288 605 626 
Group04_03.txt
62 
Group04_32.txt
814 
Group04_37.txt
422 
Group05_04.txt
91 442 517 690 1061 1128 
Group05_15.txt
561 
Group05_17.txt
7 76 100 412 
Group05_19.txt
109 245 317 
Group05_21.txt
708 
Group05_25.txt
12 319 
Group05_30.txt
281 620 909 
Group05_32.txt
236 734 
Group05_41.txt
227 260 
Group05_50.txt
601 
Group06_20.txt
169 263 285 345 421 
Group06_24.txt
34 
Group08_01.txt
386 
Group08_07.txt
269 388 
Group08_10.txt
485 
Group08_11.txt
160 
Group08_12.txt
892 
Group08_13.txt
39 115 281 420 736 803 
Group08_31.txt
371 
Group08_33.txt
255 
Group08_34.txt
244 411 
Group08_36.txt
94 
Group08_40.txt
110 445 459 
Group08_42.txt
150 
Group08_43.txt
30 118 198 221 627 651 
Group08_44.txt
238 
Group08_46.txt
102 120 333 
Group08_47.txt
94 224 257 
Group08_49.txt
247 
Group09_05.txt
179 
Group09_11.txt
420 
Group09_29.txt
363 590 
Group10_02.txt
424 
Group10_06.txt
215 710 
Group10_07.txt
48 151 167 231 247 449 512 563 
Group10_10.txt
304 790 986 
Group10_19.txt
388 
Group10_26.txt
424 
Group10_32.txt
500 
Group10_33.txt
366 
Group10_47.txt
11 131 170 191 215 278 282 555 806 823 868 
Group10_48.txt
560 
Group11-01.txt
133 161 560 601 656 737 778 
Group11-02.txt
608 684 1134 
Group11-03.txt
754 
Group11-04.txt
125 263 608 634 672 
Group11-05.txt
148 1031 1062 1818 1824 2075 2333 2400 
Group11-07.txt
387 544 597 644 
Group11-09.txt
365 422 
Group11-10.txt
130 162 205 262 497 547 570 
Group11-11.txt
531 
Group11-13.txt
458 
Group11-19.txt
143 227 
Group11-20.txt
745 
Group11-31.txt
561 
Group11-32.txt
214 
Group11-37.txt
428 
Group11-38.txt
580 
Group12_04.txt
589 2199 2675 
Group12_06.txt
1136 1400 
Group12_07.txt
1061 1120 1145 
Group12_15.txt
290 477 
Group12_23.txt
277 
Group12_24.txt
113 133 154 246 402 755 848 
Group12_45.txt
584 
Group12_49.txt
347 2012 2048 
Group13_01.txt
693 
Group13_03.txt
537 
Group13_08.txt
877 947 
Group13_21.txt
1420 
Group13_22.txt
80 473 958 1033 1160 1239 1270 1402 1553 2088 2218 2241 2322 2455 2936 3594 4641 5310 6218 6320 7455 7526 8926 9706 10044 11979 12048 12233 12379 12998 13806 
Group13_24.txt
306 475 1195 1825 3373 3484 4182 
Group13_25.txt
22 1776 
Group13_26.txt
1013 1356 1451 1800 1941 2409 2445 2621 2659 3263 3471 3592 3815 4013 4168 4205 4307 4422 5390 5565 5680 5871 5924 5968 6051 6096 6115 6241 6395 6423 6534 6558 7090 7231 7289 7355 7593 7898 7986 8193 8744 8812 9312 9519 9542 9560 9572 9592 9941 
Group13_27.txt
2841 
Group13_29.txt
1586 5500 
Group13_30.txt
1135 1168 
Group13_31.txt
118 771 
Group13_40.txt
863 
Group13_44.txt
3525 
Group13_45.txt
320 
Group14_22.txt
160 
Group14_25.txt
468 
Group14_27.txt
168 
