Group01_03.txt
191 
Group01_31.txt
137 
Group05_09.txt
794 
Group05_27.txt
1249 
Group06_50.txt
51 255 307 409 
Group07_49.txt
844 
Group08_29.txt
0 34 44 69 79 356 398 485 603 733 752 787 802 855 871 893 925 1050 1091 1120 1121 1179 1239 1290 1301 1367 1427 1466 1535 
Group08_47.txt
11 87 110 164 200 229 272 347 378 419 444 
Group09_26.txt
1048 
Group09_37.txt
220 
Group10_36.txt
340 
Group13_24.txt
2956 3134 
Group13_42.txt
1161 
Group14_07.txt
407 
Group14_35.txt
631 1380 
Group14_44.txt
241 664 
Group14_49.txt
94 
