Group02_20.txt
1132 3292 3390 3655 3747 
Group02_22.txt
972 2741 
Group02_23.txt
123 
Group02_27.txt
15 61 134 176 184 193 216 251 260 443 456 461 511 533 680 748 757 786 925 1057 1267 1282 1293 1307 1382 1406 1540 1562 1592 1814 1849 
Group02_28.txt
13 29 256 488 1560 1813 
Group02_29.txt
17 24 149 171 761 1057 1078 1127 1135 1202 
Group02_31.txt
1515 1907 
Group02_32.txt
894 1534 1542 2230 2244 
Group02_35.txt
167 182 207 218 330 363 406 609 
Group02_43.txt
693 710 752 799 814 824 838 846 
Group02_50.txt
211 1830 
Group06_28.txt
116 202 241 247 292 406 486 515 547 714 748 
Group06_47.txt
304 
