Group01_01.txt
402 
Group01_02.txt
172 241 251 269 
Group01_08.txt
769 
Group01_12.txt
304 
Group01_15.txt
337 362 
Group01_16.txt
30 332 
Group01_19.txt
399 
Group01_23.txt
62 558 570 
Group01_25.txt
860 
Group01_29.txt
32 146 154 610 648 
Group01_30.txt
63 519 
Group01_32.txt
94 170 944 
Group01_35.txt
556 1138 1304 
Group01_36.txt
247 331 387 423 430 495 533 554 599 638 
Group01_39.txt
293 490 
Group01_40.txt
505 
Group01_42.txt
84 135 166 331 570 
Group01_46.txt
194 223 
Group01_47.txt
34 160 229 
Group01_49.txt
102 
Group02_04.txt
156 771 
Group02_06.txt
516 
Group02_09.txt
192 
Group02_15.txt
239 
Group02_16.txt
666 760 
Group02_18.txt
677 
Group02_22.txt
1513 1526 2087 2364 
Group02_30.txt
50 1124 1251 3219 
Group02_37.txt
47 
Group02_40.txt
833 
Group02_47.txt
864 1056 1389 
Group02_50.txt
1846 
Group03_02.txt
263 332 341 385 403 
Group03_03.txt
190 820 869 
Group03_04.txt
423 1285 1307 1316 1817 1823 
Group03_05.txt
477 515 
Group03_06.txt
110 642 2152 2203 2717 
Group03_07.txt
260 349 387 399 448 566 673 690 709 843 957 1239 1540 1601 1629 1734 1745 1845 1889 1942 1962 2033 2182 2188 2309 2406 2510 2549 2601 2672 2685 2699 
Group03_08.txt
320 452 
Group03_12.txt
112 296 327 511 636 675 782 882 957 991 1061 1108 1156 1202 1275 1281 
Group03_13.txt
130 680 767 991 
Group03_14.txt
670 782 1214 
Group03_15.txt
137 513 
Group03_16.txt
881 
Group03_18.txt
79 918 
Group03_19.txt
130 604 
Group03_20.txt
140 
Group03_21.txt
555 1235 1487 1501 
Group03_22.txt
40 70 107 336 402 475 486 
Group03_23.txt
493 503 
Group03_24.txt
113 173 381 412 905 1004 1260 1311 1435 1585 1631 1660 1763 1811 1877 1893 1977 
Group03_25.txt
365 
Group03_26.txt
477 526 681 682 813 1115 1412 
Group03_27.txt
69 265 376 605 691 808 1159 1249 1316 1344 1393 1408 1653 1742 1759 
Group03_28.txt
214 552 
Group03_29.txt
322 
Group03_30.txt
144 300 1454 1498 
Group03_31.txt
1623 2375 2847 2865 
Group03_32.txt
45 
Group03_33.txt
32 153 163 262 612 949 987 1001 1232 1245 1347 
Group03_34.txt
1020 1044 1057 
Group03_35.txt
537 892 920 962 1244 
Group03_36.txt
1522 
Group03_37.txt
246 390 781 1126 1153 1892 2091 2122 2142 
Group03_38.txt
553 
Group03_39.txt
28 
Group03_40.txt
11 132 142 241 591 928 966 980 
Group03_41.txt
71 99 
Group03_42.txt
306 
Group03_43.txt
385 
Group03_44.txt
771 
Group03_45.txt
62 126 401 
Group03_46.txt
24 70 86 327 
Group03_47.txt
100 139 561 
Group03_48.txt
189 
Group04_01.txt
201 416 790 
Group04_04.txt
181 
Group04_05.txt
315 
Group04_06.txt
805 877 931 
Group04_07.txt
502 592 816 844 1039 1140 1153 
Group04_08.txt
214 393 
Group04_10.txt
793 
Group04_11.txt
13 203 259 
Group04_12.txt
165 216 222 243 335 379 435 495 639 663 
Group04_13.txt
544 854 
Group04_14.txt
641 
Group04_15.txt
1166 
Group04_17.txt
746 
Group04_18.txt
331 
Group04_19.txt
241 315 344 
Group04_21.txt
140 172 339 520 769 800 
Group04_22.txt
135 248 
Group04_23.txt
402 
Group04_24.txt
546 621 
Group04_25.txt
420 
Group04_26.txt
141 
Group04_27.txt
121 
Group04_29.txt
179 224 
Group04_30.txt
648 745 
Group04_32.txt
67 168 449 567 
Group04_34.txt
298 312 319 409 518 643 
Group04_36.txt
308 384 
Group04_37.txt
168 315 333 
Group04_38.txt
148 150 462 510 
Group04_40.txt
280 513 
Group04_46.txt
373 410 
Group04_47.txt
31 47 68 194 525 546 
Group04_48.txt
262 
Group05_02.txt
1272 
Group05_04.txt
46 69 71 101 278 280 664 733 
Group05_05.txt
159 
Group05_09.txt
469 516 898 
Group05_16.txt
260 
Group05_17.txt
833 
Group05_19.txt
143 446 468 501 
Group05_20.txt
144 
Group05_21.txt
564 
Group05_22.txt
549 
Group05_23.txt
88 138 184 485 1380 
Group05_24.txt
536 
Group05_25.txt
94 276 310 471 1024 
Group05_27.txt
237 372 667 1228 
Group05_28.txt
228 
Group05_29.txt
377 
Group05_30.txt
87 
Group05_31.txt
12 
Group05_36.txt
207 217 
Group05_40.txt
188 
Group05_41.txt
172 175 
Group05_43.txt
351 
Group05_44.txt
88 95 536 743 
Group05_45.txt
217 
Group05_46.txt
253 271 280 
Group05_49.txt
340 
Group06_03.txt
517 
Group06_07.txt
405 444 
Group06_08.txt
101 175 
Group06_12.txt
276 
Group06_14.txt
295 
Group06_16.txt
508 871 928 1079 
Group06_17.txt
196 516 537 
Group06_19.txt
347 
Group06_20.txt
293 
Group06_23.txt
826 
Group06_24.txt
477 
Group06_25.txt
200 
Group06_31.txt
196 516 537 
Group06_32.txt
491 617 
Group06_33.txt
767 
Group06_34.txt
419 
Group06_38.txt
289 
Group06_42.txt
208 285 
Group07_02.txt
243 292 415 516 554 
Group07_03.txt
354 409 411 434 533 733 1075 1335 1607 1634 1943 2282 2294 2308 2330 2441 2623 2697 
Group07_04.txt
702 
Group07_05.txt
278 
Group07_06.txt
496 507 569 712 729 
Group07_07.txt
275 490 795 1223 
Group07_08.txt
351 
Group07_09.txt
325 
Group07_10.txt
161 367 424 437 447 457 
Group07_11.txt
273 
Group07_12.txt
289 
Group07_13.txt
237 578 595 
Group07_14.txt
136 214 270 482 
Group07_15.txt
115 202 
Group07_16.txt
150 393 
Group07_18.txt
425 440 583 921 
Group07_19.txt
634 654 
Group07_21.txt
240 535 
Group07_22.txt
265 626 815 847 851 
Group07_23.txt
129 
Group07_24.txt
881 
Group07_26.txt
318 755 
Group07_28.txt
161 
Group07_30.txt
10 180 321 474 591 957 
Group07_31.txt
499 
Group07_32.txt
64 508 
Group07_33.txt
126 449 733 
Group07_34.txt
265 293 
Group07_35.txt
425 
Group07_36.txt
232 277 
Group07_37.txt
106 1363 
Group07_38.txt
66 75 181 253 448 561 568 786 802 1593 
Group07_40.txt
175 395 
Group07_41.txt
348 438 480 580 
Group07_42.txt
270 
Group07_43.txt
119 367 
Group07_44.txt
137 407 424 814 
Group07_45.txt
115 210 252 505 521 
Group07_46.txt
189 
Group07_47.txt
212 352 
Group07_48.txt
750 
Group07_50.txt
332 415 
Group08_02.txt
358 366 389 
Group08_03.txt
80 118 211 380 460 517 
Group08_04.txt
383 445 
Group08_07.txt
192 254 
Group08_12.txt
648 
Group08_13.txt
453 576 710 981 
Group08_16.txt
1019 1042 1059 1076 
Group08_19.txt
720 736 
Group08_22.txt
150 172 212 234 307 472 484 699 713 723 803 
Group08_23.txt
383 445 
Group08_25.txt
130 1258 1274 
Group08_28.txt
18 489 521 744 
Group08_29.txt
172 708 
Group08_30.txt
87 716 985 1199 
Group08_32.txt
81 
Group08_34.txt
318 347 
Group08_37.txt
114 
Group08_38.txt
105 222 
Group08_42.txt
101 
Group08_43.txt
125 151 303 368 386 
Group08_44.txt
66 
Group08_47.txt
147 
Group08_49.txt
134 248 
Group09_07.txt
461 489 
Group09_09.txt
356 479 798 
Group09_11.txt
153 250 
Group09_12.txt
241 505 
Group09_14.txt
266 385 
Group09_15.txt
152 
Group09_17.txt
55 78 178 362 730 
Group09_21.txt
706 
Group09_22.txt
656 
Group09_24.txt
279 444 
Group09_26.txt
454 465 
Group09_31.txt
298 380 
Group09_33.txt
311 
Group09_34.txt
357 
Group09_35.txt
310 
Group09_36.txt
28 55 77 137 197 351 381 524 534 545 
Group09_37.txt
209 309 430 450 547 613 679 842 
Group09_38.txt
185 
Group09_39.txt
121 182 
Group09_40.txt
717 
Group09_42.txt
222 
Group09_44.txt
78 137 183 
Group09_47.txt
62 70 
Group09_48.txt
65 
Group09_49.txt
354 390 456 493 726 877 
Group10_02.txt
125 
Group10_03.txt
45 125 141 157 445 
Group10_05.txt
574 837 
Group10_09.txt
854 
Group10_13.txt
183 552 
Group10_14.txt
465 
Group10_16.txt
367 684 
Group10_18.txt
290 305 332 353 806 
Group10_21.txt
30 332 
Group10_23.txt
142 327 328 342 
Group10_25.txt
206 
Group10_26.txt
125 
Group10_27.txt
44 708 
Group10_28.txt
311 725 
Group10_29.txt
34 413 575 707 842 920 
Group10_32.txt
557 614 637 648 
Group10_33.txt
665 925 1003 1071 1188 1358 1487 1571 1695 
Group10_35.txt
132 
Group10_36.txt
135 
Group10_37.txt
117 432 714 
Group10_39.txt
159 201 252 266 281 837 914 
Group10_40.txt
449 592 
Group10_41.txt
75 152 165 
Group10_43.txt
450 708 1093 
Group10_44.txt
335 628 650 
Group10_47.txt
83 452 460 514 574 731 769 779 
Group10_48.txt
294 702 
Group10_49.txt
42 51 57 556 650 
Group10_50.txt
208 218 
Group11-02.txt
699 711 
Group11-03.txt
3 325 346 506 679 
Group11-04.txt
134 526 556 565 599 642 878 
Group11-07.txt
562 
Group11-10.txt
113 223 
Group11-14.txt
269 332 492 
Group11-15.txt
205 484 1307 1333 1386 1692 1994 2085 2323 2441 
Group11-16.txt
1125 1549 1679 1855 2535 2673 2745 3254 
Group11-19.txt
148 428 467 637 
Group11-20.txt
108 338 502 563 571 1177 1194 1228 
Group11-21.txt
61 122 469 817 882 
Group11-23.txt
257 266 277 682 
Group11-24.txt
254 298 308 1799 1809 2219 2564 
Group11-25.txt
504 
Group11-26.txt
211 
Group11-27.txt
251 259 
Group11-30.txt
100 108 238 
Group11-31.txt
398 
Group11-33.txt
98 300 326 336 404 
Group11-34.txt
73 95 268 282 303 
Group11-35.txt
293 364 373 419 
Group11-36.txt
328 
Group11-37.txt
347 432 482 550 709 719 
Group11-38.txt
248 442 
Group11-39.txt
229 499 
Group11-42.txt
405 
Group11-43.txt
106 
Group11-44.txt
146 271 380 445 801 849 
Group11-45.txt
309 369 408 420 519 651 717 772 
Group11-46.txt
156 298 402 407 471 619 781 811 1193 
Group11-47.txt
108 164 285 504 589 
Group11-48.txt
328 416 828 
Group11-50.txt
520 
Group12_01.txt
95 934 960 1077 1136 
Group12_02.txt
483 499 1335 1629 1755 
Group12_04.txt
844 1302 1443 
Group12_05.txt
115 412 464 573 
Group12_06.txt
71 1012 1188 
Group12_07.txt
126 449 603 1051 
Group12_08.txt
116 180 222 230 387 577 
Group12_09.txt
83 296 
Group12_10.txt
144 
Group12_11.txt
151 226 247 277 285 330 382 409 415 483 523 538 573 594 629 647 676 701 714 734 
Group12_12.txt
151 226 247 277 285 330 382 409 415 483 523 538 573 594 629 647 676 701 714 734 
Group12_13.txt
47 405 675 727 805 879 935 942 1140 1174 1391 1404 1497 1576 1602 1704 1777 2059 
Group12_14.txt
25 76 84 195 231 255 269 341 350 408 431 577 
Group12_15.txt
169 646 
Group12_16.txt
76 461 472 493 
Group12_17.txt
285 367 
Group12_18.txt
85 246 331 
Group12_19.txt
410 415 
Group12_21.txt
80 196 244 315 371 486 498 519 
Group12_22.txt
76 135 310 432 627 675 797 
Group12_24.txt
263 341 860 
Group12_25.txt
318 616 625 720 
Group12_26.txt
128 190 367 532 558 645 821 900 904 945 1064 1436 
Group12_27.txt
248 289 424 447 
Group12_29.txt
151 560 
Group12_30.txt
73 225 366 382 
Group12_32.txt
103 215 439 
Group12_33.txt
359 
Group12_35.txt
359 440 
Group12_36.txt
280 
Group12_40.txt
225 458 
Group12_41.txt
290 533 535 
Group12_42.txt
420 670 834 1013 1135 1288 
Group12_46.txt
545 
Group12_49.txt
514 640 1617 1717 1818 1903 1933 2126 
Group12_50.txt
551 
Group13_02.txt
69 200 244 361 379 573 686 720 1069 1277 1320 1331 1370 1430 1495 1696 1919 2373 
Group13_03.txt
382 425 574 595 680 
Group13_05.txt
707 
Group13_06.txt
118 642 981 1165 2441 
Group13_07.txt
349 
Group13_08.txt
374 487 568 
Group13_09.txt
666 
Group13_10.txt
141 325 398 422 706 734 860 
Group13_12.txt
95 687 
Group13_14.txt
271 291 
Group13_18.txt
476 519 547 
Group13_21.txt
854 953 
Group13_22.txt
226 469 514 1013 1403 1453 1516 1540 1596 1618 1636 1757 1774 1797 1820 1957 2089 2431 2456 2530 2791 2811 2975 3028 3763 3809 3826 3839 3843 3874 3885 3920 3949 3954 4041 4074 4082 4319 4364 4571 4634 4649 4753 4777 4804 4945 5008 5017 5108 5301 5391 5459 5520 5548 5618 5784 6071 6120 6135 6140 6265 6542 6639 6675 6727 6731 6738 6796 6841 6845 6862 6946 7060 7242 7247 7560 7577 7608 7669 7754 7788 7825 7833 7839 7845 7913 7945 7953 7966 7981 7998 8007 8060 8068 8160 8206 8336 8354 8399 8443 8506 8551 8584 8640 8802 8830 8853 9003 9045 9131 9140 9207 9257 9270 9416 9472 9504 9575 9685 9736 9881 9936 9969 9977 9995 10023 10102 10195 10335 10398 10402 10431 10485 10550 10640 10676 10792 10843 10936 10972 10989 11000 11012 11053 11164 11183 11228 11297 11312 11429 11521 11568 11861 12029 12050 12084 12101 12124 12129 12194 12313 12325 12328 12360 12393 12404 12541 12553 12605 12640 12719 12806 12825 12857 12929 12981 13018 13081 13091 13178 13246 13257 13286 13301 13318 13343 13436 13443 13451 13462 13508 13552 13574 13597 13612 13807 13819 13873 13892 13909 13916 14130 14229 14240 14360 14457 14486 14546 14590 14599 14610 14635 14654 14665 14716 14757 14772 14779 14840 14891 14915 14933 14953 14974 15000 15045 15164 15225 15322 15344 15366 15389 15424 15429 15434 15449 15627 15697 15712 15719 15751 15763 15787 15829 15859 15932 15960 15998 16060 16114 16136 16159 16196 16209 16256 16271 16295 16350 16383 16451 16459 16572 
Group13_23.txt
625 3503 
Group13_24.txt
39 123 175 261 293 509 681 693 708 732 780 930 1034 1053 1067 1082 1475 1502 1516 1757 2179 2216 2233 2292 2314 2346 2350 2417 2824 3904 4021 5221 5382 
Group13_25.txt
376 562 914 951 983 1092 1129 1130 1176 1199 1862 1871 2095 2541 
Group13_26.txt
571 2032 2081 2460 2484 2530 2622 2908 2918 2955 2985 3010 3118 3159 3184 3286 3370 3717 3760 3868 4179 4221 4250 4262 4481 4677 4859 4973 5029 5133 5228 5244 5440 5454 5469 5527 5675 5711 5925 5936 6347 6364 6709 6803 7309 8161 8177 8195 8297 8349 8475 8569 8730 8775 8789 8919 8957 8973 9106 9292 9430 9441 9524 9565 9577 9637 9654 9678 9701 9718 9788 9896 10033 10088 
Group13_27.txt
1185 2469 2988 3451 
Group13_28.txt
50 157 250 304 393 408 443 470 476 1894 1910 1914 2047 2055 2077 2183 2225 2246 2369 2556 2664 2673 3349 
Group13_29.txt
584 600 1684 1706 1750 1792 1806 1833 1936 2006 2050 2141 2158 2188 2212 2268 2322 2364 2599 2624 2644 2791 3110 3291 3326 3344 3366 3381 3703 3735 3752 3801 3861 3924 3999 4050 4199 4207 4338 4365 4384 4427 4434 4440 4490 4552 4628 4643 4685 4696 4757 5222 5326 
Group13_30.txt
105 214 215 252 628 1334 1923 2197 2240 2461 2887 2937 3041 3796 3822 
Group13_31.txt
253 547 767 
Group13_32.txt
921 935 1114 1123 1234 1301 
Group13_33.txt
22 340 377 411 417 461 604 812 825 989 1434 1489 1656 1864 
Group13_35.txt
1188 
Group13_36.txt
125 163 180 181 227 326 376 474 750 1194 
Group13_37.txt
461 497 1017 
Group13_38.txt
831 838 1293 
Group13_39.txt
955 1066 1166 1429 
Group13_40.txt
191 
Group13_41.txt
169 925 982 1006 1027 1140 1151 1669 
Group13_42.txt
1258 
Group13_43.txt
786 
Group13_44.txt
82 138 179 915 1657 3685 3762 
Group13_45.txt
506 
Group13_46.txt
232 
Group13_47.txt
317 1059 1516 
Group13_48.txt
1262 
Group13_49.txt
159 225 279 330 1808 
Group13_50.txt
897 
Group14_01.txt
51 58 
Group14_04.txt
64 158 196 
Group14_06.txt
501 
Group14_08.txt
238 
Group14_12.txt
521 
Group14_14.txt
297 314 
Group14_16.txt
112 
Group14_21.txt
140 170 
Group14_22.txt
294 305 472 
Group14_28.txt
288 
Group14_31.txt
466 
Group14_32.txt
941 1013 
Group14_37.txt
231 
Group14_44.txt
619 
Group14_47.txt
70 338 
Group14_49.txt
754 
