Group01_01.txt
122 136 193 275 561 
Group01_02.txt
195 326 
Group01_03.txt
463 741 1093 
Group01_04.txt
186 249 258 
Group01_05.txt
80 150 
Group01_06.txt
13 182 476 773 992 
Group01_08.txt
28 554 
Group01_09.txt
33 346 
Group01_10.txt
820 
Group01_11.txt
761 808 
Group01_12.txt
244 535 
Group01_14.txt
26 419 604 
Group01_15.txt
53 
Group01_16.txt
395 
Group01_17.txt
16 100 256 
Group01_19.txt
17 398 496 
Group01_20.txt
6 25 500 523 615 
Group01_21.txt
15 170 216 382 
Group01_22.txt
129 245 
Group01_23.txt
1 86 96 141 152 165 215 223 243 257 291 350 416 
Group01_24.txt
186 249 258 
Group01_25.txt
536 726 
Group01_26.txt
88 
Group01_27.txt
85 215 
Group01_29.txt
421 454 510 696 704 738 782 
Group01_30.txt
601 660 
Group01_32.txt
182 304 475 479 700 779 916 1093 
Group01_33.txt
30 86 125 175 210 219 226 312 351 371 383 507 521 541 619 669 
Group01_34.txt
174 
Group01_35.txt
133 344 689 956 985 1047 1163 
Group01_36.txt
63 521 
Group01_38.txt
15 169 214 380 
Group01_39.txt
24 126 251 
Group01_40.txt
19 134 212 343 354 376 698 717 
Group01_41.txt
108 183 248 309 
Group01_42.txt
230 
Group01_44.txt
57 236 
Group01_45.txt
123 331 
Group01_46.txt
205 222 250 
Group01_48.txt
57 
Group01_49.txt
87 135 334 432 
Group01_50.txt
355 561 
Group02_02.txt
61 172 597 609 685 834 893 911 937 
Group02_03.txt
82 122 165 446 950 1016 
Group02_04.txt
544 598 
Group02_05.txt
506 
Group02_06.txt
389 
Group02_07.txt
25 124 299 352 653 
Group02_08.txt
526 
Group02_09.txt
372 625 767 
Group02_10.txt
649 
Group02_11.txt
744 871 
Group02_12.txt
424 
Group02_13.txt
60 374 771 
Group02_14.txt
141 154 771 
Group02_15.txt
400 
Group02_16.txt
227 281 907 
Group02_18.txt
972 1527 1563 2084 2184 2202 2382 2477 2690 2909 
Group02_19.txt
10 572 
Group02_20.txt
983 990 1005 1906 2166 2400 2627 2639 3138 3899 
Group02_22.txt
654 3550 
Group02_23.txt
1151 1174 1186 
Group02_24.txt
535 578 672 
Group02_26.txt
386 404 
Group02_27.txt
109 289 808 815 1150 1165 1172 1364 1761 1788 
Group02_28.txt
281 457 492 1164 1547 2004 
Group02_29.txt
55 262 443 
Group02_30.txt
102 227 472 485 977 1141 1417 1578 2057 2346 2451 2500 3598 3660 
Group02_31.txt
705 1134 1347 1566 2019 2200 
Group02_32.txt
1231 1589 
Group02_33.txt
2618 2625 2638 
Group02_34.txt
1271 
Group02_35.txt
193 860 
Group02_36.txt
32 68 484 
Group02_37.txt
3 173 1281 
Group02_38.txt
259 572 804 1382 1490 1656 1934 2025 2507 2632 2929 
Group02_39.txt
97 167 756 856 1005 1041 1181 
Group02_40.txt
363 374 
Group02_41.txt
814 1252 1402 
Group02_42.txt
159 
Group02_43.txt
269 570 1385 
Group02_44.txt
15 
Group02_45.txt
280 339 364 390 398 436 514 771 785 801 977 1133 1168 1210 1280 1318 1335 1345 1399 1408 
Group02_46.txt
932 1250 1328 1362 2173 
Group02_47.txt
68 284 
Group02_49.txt
186 492 504 756 1554 1898 2205 2211 2232 2767 4203 
Group02_50.txt
1385 1392 
Group03_01.txt
10 213 
Group03_02.txt
44 226 376 
Group03_03.txt
355 434 810 819 855 897 914 1102 1224 
Group03_04.txt
548 618 647 674 1040 1533 1937 2163 
Group03_05.txt
55 312 557 767 840 851 984 
Group03_06.txt
464 657 1341 1624 1873 1915 1999 2649 
Group03_07.txt
795 2469 
Group03_08.txt
31 570 
Group03_09.txt
449 
Group03_10.txt
196 296 562 
Group03_11.txt
145 162 346 523 541 
Group03_12.txt
1220 
Group03_13.txt
327 471 486 1002 1014 1314 1395 1448 1469 
Group03_14.txt
152 610 975 
Group03_15.txt
46 80 211 404 738 
Group03_16.txt
154 258 313 665 803 880 
Group03_17.txt
223 683 
Group03_18.txt
133 182 519 636 646 720 841 888 959 1013 1235 
Group03_19.txt
141 433 549 591 846 897 
Group03_20.txt
980 
Group03_21.txt
10 114 127 156 1102 1112 1118 1392 1962 2040 
Group03_22.txt
171 312 381 960 976 1009 
Group03_23.txt
51 543 
Group03_24.txt
554 
Group03_25.txt
257 593 
Group03_26.txt
186 
Group03_28.txt
172 190 264 545 
Group03_29.txt
212 311 458 1116 1772 
Group03_30.txt
524 534 1039 1497 1600 
Group03_31.txt
212 259 1129 1230 1263 1305 1333 1342 2052 2703 2781 
Group03_32.txt
140 296 610 665 671 713 763 778 827 1040 1224 1496 
Group03_33.txt
299 798 1427 
Group03_34.txt
237 810 906 1204 1227 1427 1563 1923 2659 
Group03_35.txt
571 
Group03_36.txt
287 452 698 1451 1457 1620 
Group03_37.txt
512 742 1073 1747 
Group03_38.txt
94 486 587 
Group03_39.txt
123 279 593 648 654 696 746 761 810 
Group03_40.txt
278 777 
Group03_42.txt
193 295 442 1113 
Group03_43.txt
65 75 120 338 468 541 
Group03_44.txt
285 321 1270 
Group03_45.txt
48 370 
Group03_46.txt
380 431 
Group03_47.txt
193 
Group03_48.txt
46 211 224 485 565 586 744 779 806 
Group03_49.txt
152 274 294 318 649 661 747 762 781 
Group03_50.txt
934 
Group04_01.txt
216 649 668 724 
Group04_02.txt
235 606 
Group04_04.txt
34 228 430 517 
Group04_05.txt
123 508 588 635 
Group04_06.txt
108 192 250 274 
Group04_07.txt
150 244 
Group04_08.txt
533 
Group04_09.txt
33 466 608 
Group04_10.txt
18 349 449 1051 
Group04_12.txt
501 
Group04_13.txt
0 264 604 743 1096 
Group04_14.txt
37 434 622 
Group04_15.txt
398 1156 
Group04_17.txt
104 209 
Group04_18.txt
93 
Group04_20.txt
372 
Group04_22.txt
133 571 
Group04_23.txt
244 315 328 358 604 
Group04_24.txt
244 396 461 560 
Group04_25.txt
32 122 
Group04_26.txt
292 336 517 543 559 624 632 845 
Group04_27.txt
623 
Group04_29.txt
363 584 
Group04_30.txt
1002 
Group04_31.txt
572 
Group04_34.txt
789 795 
Group04_35.txt
500 
Group04_36.txt
608 
Group04_38.txt
341 
Group04_39.txt
106 481 702 979 
Group04_40.txt
381 
Group04_41.txt
131 265 299 370 403 409 469 562 734 760 987 
Group04_43.txt
306 509 686 
Group04_46.txt
57 126 185 271 731 1121 
Group04_47.txt
497 
Group04_48.txt
32 
Group04_49.txt
413 577 590 
Group05_02.txt
16 120 1132 
Group05_03.txt
82 224 258 
Group05_04.txt
214 322 347 1037 
Group05_05.txt
418 473 
Group05_06.txt
25 171 409 625 1085 
Group05_07.txt
82 100 205 275 304 403 
Group05_08.txt
173 209 
Group05_09.txt
329 343 370 397 514 820 869 897 918 926 
Group05_10.txt
18 260 574 596 669 676 686 
Group05_11.txt
61 217 237 269 322 524 
Group05_12.txt
109 
Group05_13.txt
15 124 137 142 893 1058 
Group05_14.txt
45 406 585 663 869 
Group05_15.txt
398 467 
Group05_16.txt
91 388 
Group05_17.txt
14 365 1029 1109 
Group05_18.txt
184 216 368 394 660 697 
Group05_19.txt
103 214 341 710 
Group05_20.txt
431 533 718 722 1106 
Group05_21.txt
124 140 170 223 442 454 494 819 895 
Group05_22.txt
186 287 454 
Group05_23.txt
35 285 1140 
Group05_24.txt
571 
Group05_25.txt
719 729 790 864 924 961 1087 1131 
Group05_26.txt
232 566 
Group05_27.txt
197 796 814 1001 1010 1061 1332 
Group05_28.txt
53 376 
Group05_29.txt
68 75 127 
Group05_30.txt
262 525 560 911 
Group05_31.txt
11 80 223 
Group05_32.txt
335 364 735 
Group05_34.txt
169 184 
Group05_35.txt
150 
Group05_36.txt
56 153 
Group05_38.txt
93 182 321 339 
Group05_39.txt
88 141 165 278 
Group05_40.txt
46 256 272 360 426 
Group05_41.txt
41 189 204 239 261 
Group05_42.txt
96 
Group05_43.txt
299 521 533 
Group05_44.txt
848 1042 
Group05_45.txt
15 416 619 741 1135 1151 
Group05_46.txt
196 215 233 
Group05_47.txt
71 
Group05_48.txt
314 469 
Group05_49.txt
369 486 736 775 
Group05_50.txt
432 507 
Group06_01.txt
25 243 281 418 431 
Group06_03.txt
497 744 
Group06_04.txt
283 518 534 
Group06_05.txt
109 567 585 
Group06_06.txt
277 309 
Group06_08.txt
14 
Group06_10.txt
36 688 
Group06_12.txt
118 157 
Group06_13.txt
622 
Group06_14.txt
82 551 
Group06_15.txt
617 876 
Group06_16.txt
252 261 1017 
Group06_17.txt
134 151 
Group06_18.txt
509 
Group06_19.txt
53 87 
Group06_20.txt
477 645 
Group06_22.txt
48 160 270 517 
Group06_23.txt
213 542 699 
Group06_26.txt
260 336 375 
Group06_27.txt
197 
Group06_28.txt
44 
Group06_29.txt
400 456 464 
Group06_31.txt
134 151 
Group06_32.txt
86 
Group06_33.txt
322 393 479 
Group06_35.txt
86 
Group06_36.txt
283 
Group06_37.txt
490 
Group06_38.txt
49 181 771 
Group06_39.txt
39 
Group06_41.txt
404 
Group06_42.txt
50 89 
Group06_43.txt
536 
Group06_44.txt
262 557 
Group06_48.txt
435 468 
Group06_50.txt
594 
Group07_01.txt
443 786 
Group07_03.txt
1214 2666 
Group07_04.txt
666 
Group07_05.txt
107 128 354 549 
Group07_06.txt
242 448 
Group07_07.txt
95 121 181 186 196 361 402 698 982 1055 1243 
Group07_08.txt
489 
Group07_09.txt
542 
Group07_10.txt
83 
Group07_11.txt
307 537 641 
Group07_12.txt
250 283 336 349 533 569 651 923 
Group07_14.txt
326 
Group07_16.txt
214 502 605 719 729 762 
Group07_17.txt
448 
Group07_18.txt
311 320 402 559 636 649 675 744 977 1192 
Group07_19.txt
450 491 552 786 981 
Group07_20.txt
104 
Group07_21.txt
325 483 534 544 612 734 
Group07_22.txt
118 486 
Group07_24.txt
263 323 701 1102 1438 1590 1609 1647 1771 1774 1981 2048 2099 
Group07_26.txt
102 
Group07_28.txt
408 
Group07_29.txt
213 499 
Group07_30.txt
198 216 
Group07_31.txt
1 184 290 895 1219 1761 1934 1978 
Group07_32.txt
58 338 352 
Group07_34.txt
148 376 454 514 629 
Group07_35.txt
447 557 
Group07_36.txt
40 504 
Group07_37.txt
97 321 338 473 829 997 1195 1325 1349 
Group07_38.txt
344 838 1094 1257 1297 1329 1535 1747 1831 1854 
Group07_39.txt
30 76 92 128 139 398 
Group07_40.txt
492 
Group07_42.txt
21 426 452 
Group07_43.txt
414 
Group07_44.txt
93 274 294 798 802 812 834 
Group07_46.txt
629 
Group07_47.txt
68 112 362 420 595 625 
Group07_48.txt
87 187 787 
Group07_49.txt
775 1055 1348 2015 2130 2307 2315 2608 
Group08_01.txt
413 540 
Group08_02.txt
266 403 442 505 551 
Group08_03.txt
357 
Group08_06.txt
755 1107 
Group08_07.txt
120 
Group08_09.txt
295 493 616 624 763 
Group08_10.txt
512 639 
Group08_11.txt
33 68 
Group08_12.txt
297 300 395 481 895 
Group08_15.txt
175 200 
Group08_16.txt
490 1528 
Group08_17.txt
338 362 489 561 611 1108 
Group08_18.txt
249 305 
Group08_19.txt
760 823 
Group08_20.txt
1506 
Group08_24.txt
2 967 
Group08_25.txt
169 914 1069 
Group08_27.txt
43 176 
Group08_28.txt
17 36 261 434 509 520 545 
Group08_29.txt
753 1138 1149 1166 1303 1458 
Group08_30.txt
57 156 754 790 819 1099 1236 1253 
Group08_31.txt
72 109 343 619 637 677 788 867 897 
Group08_33.txt
166 198 258 
Group08_34.txt
63 107 130 188 237 359 439 502 513 
Group08_35.txt
85 140 222 270 327 
Group08_36.txt
91 169 
Group08_37.txt
35 47 202 
Group08_38.txt
139 147 192 
Group08_39.txt
198 371 
Group08_40.txt
371 390 498 
Group08_41.txt
163 
Group08_42.txt
133 310 
Group08_43.txt
352 464 477 529 571 608 
Group08_45.txt
157 209 
Group08_46.txt
38 77 94 
Group08_47.txt
29 360 371 379 471 
Group08_49.txt
93 
Group08_50.txt
324 379 560 
Group09_01.txt
509 
Group09_02.txt
37 326 
Group09_03.txt
236 551 
Group09_05.txt
17 64 345 803 
Group09_07.txt
676 
Group09_08.txt
217 
Group09_10.txt
234 495 
Group09_11.txt
51 
Group09_16.txt
41 
Group09_18.txt
248 
Group09_19.txt
36 
Group09_20.txt
487 
Group09_21.txt
60 971 
Group09_22.txt
40 448 637 
Group09_23.txt
460 
Group09_24.txt
477 
Group09_25.txt
94 256 
Group09_26.txt
374 1003 
Group09_27.txt
153 
Group09_29.txt
178 412 
Group09_30.txt
307 424 436 456 536 
Group09_31.txt
420 
Group09_33.txt
235 515 
Group09_34.txt
464 
Group09_35.txt
130 271 
Group09_37.txt
105 194 228 825 
Group09_38.txt
33 405 
Group09_42.txt
136 294 549 571 622 639 
Group09_43.txt
22 53 96 104 
Group09_44.txt
5 
Group09_47.txt
105 115 388 405 
Group09_48.txt
30 180 298 479 635 686 
Group09_49.txt
17 99 155 233 426 431 708 773 
Group10_01.txt
22 128 308 388 530 706 
Group10_02.txt
24 53 449 
Group10_03.txt
13 28 216 307 315 350 361 659 670 749 772 
Group10_04.txt
107 145 153 214 257 295 302 385 431 477 483 538 589 591 
Group10_05.txt
84 203 309 702 713 
Group10_06.txt
26 
Group10_07.txt
192 302 391 
Group10_09.txt
425 535 566 657 
Group10_10.txt
13 75 486 815 915 
Group10_11.txt
315 1128 1272 
Group10_12.txt
31 44 281 520 
Group10_13.txt
551 633 
Group10_14.txt
30 409 516 
Group10_15.txt
43 59 85 364 
Group10_16.txt
75 144 323 366 385 524 615 625 732 757 791 891 983 
Group10_18.txt
108 
Group10_20.txt
181 215 555 574 
Group10_21.txt
99 438 618 635 650 730 
Group10_22.txt
64 
Group10_23.txt
245 635 
Group10_25.txt
526 865 
Group10_26.txt
24 53 449 
Group10_27.txt
31 620 793 829 901 931 
Group10_28.txt
145 708 810 
Group10_30.txt
172 
Group10_32.txt
140 188 713 
Group10_33.txt
1272 
Group10_34.txt
32 144 
Group10_35.txt
447 503 1030 1320 1366 
Group10_36.txt
14 32 133 379 582 659 
Group10_37.txt
116 338 
Group10_38.txt
895 944 
Group10_39.txt
190 479 497 530 624 
Group10_41.txt
213 
Group10_42.txt
36 74 360 490 502 
Group10_43.txt
302 419 
Group10_44.txt
98 193 423 
Group10_45.txt
502 
Group10_46.txt
518 543 595 
Group10_47.txt
143 149 216 700 764 807 869 922 934 980 
Group10_48.txt
561 594 
Group10_50.txt
183 207 217 
Group11-01.txt
158 313 605 
Group11-02.txt
161 237 593 718 731 811 847 926 1254 
Group11-03.txt
53 533 536 
Group11-04.txt
57 
Group11-05.txt
221 383 490 542 566 729 757 1038 1201 1218 2241 2284 2341 2401 
Group11-06.txt
112 
Group11-07.txt
32 51 76 238 271 722 
Group11-08.txt
92 
Group11-09.txt
136 193 241 265 295 348 366 428 
Group11-10.txt
69 131 196 263 463 530 
Group11-11.txt
35 182 266 522 
Group11-12.txt
126 161 223 258 436 490 
Group11-13.txt
331 340 384 416 608 623 679 
Group11-14.txt
1001 1167 
Group11-15.txt
6 469 1063 1489 1582 2366 2408 
Group11-16.txt
68 227 679 806 1013 1065 1837 2480 2636 2847 2893 3279 
Group11-17.txt
654 
Group11-19.txt
41 44 366 
Group11-20.txt
437 825 1193 1227 
Group11-21.txt
208 265 273 782 
Group11-23.txt
24 641 704 
Group11-24.txt
835 1071 1933 
Group11-25.txt
293 464 563 
Group11-26.txt
32 100 210 242 284 364 
Group11-27.txt
31 98 170 
Group11-28.txt
59 678 
Group11-29.txt
30 68 443 532 
Group11-30.txt
61 
Group11-31.txt
186 394 423 562 
Group11-32.txt
248 267 332 392 423 610 
Group11-33.txt
26 63 81 89 229 309 435 744 782 1051 
Group11-34.txt
34 123 128 217 236 
Group11-35.txt
28 240 
Group11-36.txt
234 294 384 
Group11-37.txt
379 537 793 
Group11-38.txt
303 528 696 764 
Group11-40.txt
458 
Group11-41.txt
392 422 
Group11-42.txt
117 138 284 292 310 335 517 521 605 
Group11-43.txt
50 112 153 
Group11-44.txt
28 32 207 499 659 848 
Group11-45.txt
131 734 928 1016 
Group11-46.txt
74 215 448 493 817 896 1021 1077 1147 1275 1325 1404 1425 
Group11-47.txt
178 626 773 776 
Group11-48.txt
44 360 
Group11-49.txt
150 173 352 428 
Group11-50.txt
49 145 210 294 343 495 698 
Group12_01.txt
144 382 678 906 1583 
Group12_02.txt
70 214 285 363 455 524 580 1513 
Group12_03.txt
280 519 559 805 1452 
Group12_04.txt
257 1026 1821 1906 1970 2253 2394 
Group12_06.txt
111 124 158 181 424 991 
Group12_07.txt
347 409 504 562 585 750 981 1042 1054 1209 1314 
Group12_08.txt
294 365 
Group12_09.txt
194 928 
Group12_10.txt
79 137 360 463 545 823 
Group12_11.txt
119 
Group12_12.txt
119 
Group12_13.txt
101 290 318 332 343 395 518 613 1488 1509 2069 
Group12_14.txt
794 
Group12_15.txt
227 317 379 384 408 431 591 679 
Group12_17.txt
172 340 511 
Group12_18.txt
84 132 375 
Group12_19.txt
189 251 306 346 491 537 725 843 1051 1108 1140 
Group12_20.txt
553 
Group12_21.txt
134 628 
Group12_22.txt
469 
Group12_23.txt
278 402 
Group12_24.txt
687 702 
Group12_26.txt
212 544 686 807 1263 
Group12_27.txt
83 105 192 423 
Group12_28.txt
182 
Group12_29.txt
139 604 
Group12_30.txt
423 562 
Group12_31.txt
87 183 
Group12_33.txt
116 238 260 
Group12_34.txt
66 104 336 
Group12_35.txt
58 635 
Group12_36.txt
48 102 117 259 279 346 
Group12_37.txt
34 80 99 172 315 512 541 
Group12_38.txt
83 305 321 340 439 
Group12_40.txt
126 288 559 
Group12_41.txt
417 
Group12_42.txt
362 1346 1381 
Group12_43.txt
228 505 670 872 903 909 
Group12_44.txt
341 
Group12_45.txt
19 31 102 585 
Group12_46.txt
620 643 680 709 
Group12_47.txt
62 376 385 410 448 
Group12_48.txt
188 
Group12_49.txt
80 201 445 608 630 649 839 1305 1570 2346 2530 2541 2670 
Group13_01.txt
53 151 199 359 574 602 
Group13_04.txt
191 947 952 957 963 1122 1137 
Group13_05.txt
6 25 76 148 518 640 1017 1240 1264 1358 1674 1735 1843 
Group13_06.txt
166 257 439 569 739 929 1061 1409 1954 2386 2423 2619 2622 
Group13_07.txt
197 590 604 
Group13_08.txt
1168 
Group13_09.txt
1128 1237 1380 
Group13_10.txt
190 467 516 814 825 837 
Group13_11.txt
77 194 207 242 602 
Group13_13.txt
93 
Group13_14.txt
106 132 229 
Group13_15.txt
85 325 
Group13_16.txt
248 255 
Group13_17.txt
109 133 520 
Group13_18.txt
891 908 
Group13_19.txt
138 335 
Group13_20.txt
104 435 470 
Group13_21.txt
247 266 319 470 598 638 1227 1259 1355 1729 1961 2030 
Group13_22.txt
81 320 580 1161 1240 2304 2355 5587 11346 14026 14167 14345 15496 15504 15519 16486 16528 16534 16614 
Group13_23.txt
308 316 2219 2594 2610 2986 3049 3078 3588 
Group13_24.txt
369 515 559 1767 2150 2153 2405 2428 2433 2440 2445 2744 2773 3390 3563 3893 4106 4462 4664 4715 4894 
Group13_25.txt
200 214 234 448 1649 1818 2105 2247 2338 
Group13_26.txt
227 371 394 512 717 728 1032 1045 1094 1182 1302 1436 1698 1740 1938 3086 4297 4423 4513 4621 5149 5159 5987 6242 6526 6536 6559 6665 7181 7421 7880 8020 8760 9130 9967 10032 10087 
Group13_27.txt
356 364 405 685 926 1920 1936 2135 2229 2599 2674 3324 3347 
Group13_28.txt
1008 1147 1554 2546 2719 
Group13_29.txt
80 265 293 404 563 707 773 1052 1071 1089 1204 1997 2720 2818 3523 4546 4886 5009 5046 5103 5179 5197 5208 5270 5372 5465 5501 
Group13_30.txt
394 434 853 1526 3206 3341 3747 3875 4040 
Group13_31.txt
140 
Group13_32.txt
361 613 778 845 1101 
Group13_33.txt
666 1314 2141 
Group13_34.txt
27 56 
Group13_35.txt
138 601 805 
Group13_37.txt
203 226 340 388 459 526 564 638 772 912 1003 1053 1076 1324 
Group13_38.txt
970 1100 1507 
Group13_39.txt
188 361 783 1955 
Group13_40.txt
86 152 162 209 372 387 514 857 875 
Group13_41.txt
131 435 481 1296 1458 1517 1549 
Group13_42.txt
642 1097 
Group13_43.txt
48 477 1159 1193 1223 1382 1645 
Group13_44.txt
318 742 913 1640 2028 2310 2340 2473 2484 
Group13_45.txt
211 324 931 1169 1421 1527 
Group13_46.txt
32 409 432 574 1259 1272 2028 2447 
Group13_47.txt
277 850 
Group13_48.txt
706 714 903 1128 1378 1466 1552 1714 1723 1750 1794 1836 1873 2207 2245 
Group13_49.txt
14 444 472 479 545 773 785 962 971 993 1001 1129 1205 1242 1377 1699 1887 1902 1996 2026 2214 2238 
Group13_50.txt
77 174 296 336 1225 1269 
Group14_02.txt
216 240 300 
Group14_03.txt
6 312 520 
Group14_04.txt
350 
Group14_05.txt
491 
Group14_06.txt
6 
Group14_08.txt
145 352 
Group14_09.txt
463 
Group14_10.txt
12 250 
Group14_12.txt
140 366 
Group14_13.txt
212 246 378 
Group14_15.txt
20 296 360 
Group14_16.txt
280 316 
Group14_17.txt
377 519 
Group14_19.txt
167 201 716 764 
Group14_20.txt
290 600 
Group14_21.txt
346 402 494 635 
Group14_23.txt
37 
Group14_24.txt
84 273 489 
Group14_25.txt
357 
Group14_26.txt
429 746 
Group14_27.txt
213 257 658 
Group14_28.txt
221 247 816 
Group14_29.txt
414 
Group14_30.txt
124 303 
Group14_31.txt
107 356 
Group14_32.txt
544 614 
Group14_33.txt
399 995 
Group14_34.txt
15 297 
Group14_35.txt
38 997 1472 
Group14_37.txt
83 
Group14_39.txt
155 
Group14_40.txt
58 623 919 937 
Group14_41.txt
55 125 140 159 601 
Group14_43.txt
66 
Group14_45.txt
185 
Group14_46.txt
47 455 
Group14_47.txt
12 37 318 
Group14_49.txt
488 570 
Group14_50.txt
669 
