Group01_01.txt
299 318 
Group01_02.txt
302 
Group01_03.txt
182 430 643 670 753 962 968 
Group01_04.txt
192 
Group01_06.txt
75 222 902 1193 
Group01_07.txt
132 155 232 
Group01_08.txt
196 324 993 1161 
Group01_09.txt
50 773 
Group01_10.txt
146 673 
Group01_11.txt
251 268 323 429 736 854 
Group01_12.txt
159 211 
Group01_13.txt
21 202 
Group01_14.txt
88 239 339 524 
Group01_15.txt
115 145 186 
Group01_16.txt
250 305 
Group01_17.txt
70 
Group01_18.txt
19 76 115 241 255 279 
Group01_19.txt
130 258 531 589 707 
Group01_20.txt
114 196 337 
Group01_21.txt
467 498 
Group01_23.txt
33 179 186 335 645 
Group01_24.txt
192 
Group01_25.txt
118 315 383 444 463 522 1020 1028 
Group01_26.txt
13 31 582 646 
Group01_29.txt
299 313 727 
Group01_30.txt
288 
Group01_31.txt
219 273 335 368 
Group01_32.txt
293 397 494 
Group01_33.txt
149 
Group01_34.txt
201 286 295 346 397 418 487 620 
Group01_35.txt
181 324 380 409 741 1302 
Group01_36.txt
31 590 
Group01_37.txt
24 149 262 287 359 412 
Group01_38.txt
495 
Group01_40.txt
69 88 393 407 
Group01_41.txt
191 270 395 414 
Group01_42.txt
239 603 
Group01_43.txt
503 
Group01_44.txt
188 441 
Group01_45.txt
137 151 382 424 434 
Group01_46.txt
193 361 
Group01_47.txt
30 407 429 
Group01_48.txt
326 
Group01_49.txt
360 
Group01_50.txt
317 370 
Group02_01.txt
104 344 673 
Group02_02.txt
135 145 368 484 526 917 
Group02_03.txt
51 173 245 269 355 434 775 805 1003 
Group02_04.txt
10 23 61 142 384 
Group02_05.txt
549 
Group02_06.txt
223 242 329 435 
Group02_07.txt
184 
Group02_08.txt
168 203 288 307 329 387 450 
Group02_09.txt
128 220 424 448 817 
Group02_10.txt
858 870 934 971 
Group02_11.txt
201 661 
Group02_12.txt
8 110 128 147 164 236 340 361 494 595 726 973 1069 
Group02_13.txt
333 670 825 857 973 
Group02_14.txt
267 315 431 570 680 801 888 
Group02_15.txt
75 252 257 349 
Group02_16.txt
31 392 816 
Group02_17.txt
295 707 
Group02_18.txt
338 735 744 810 855 1556 1796 2093 2155 2659 2685 2730 2832 2840 2985 
Group02_19.txt
94 300 375 764 779 962 1086 1111 1121 1134 1152 1422 1491 1570 1580 1667 1757 1763 
Group02_20.txt
37 284 441 1399 1418 1468 1611 2120 2279 2305 2488 2538 2629 3236 3263 3349 3397 3426 3462 3553 3749 3760 3932 4134 4141 
Group02_21.txt
182 408 422 583 723 924 937 1598 1637 1827 2622 2690 2809 2824 
Group02_22.txt
163 602 944 1042 1275 1388 1396 1695 1819 1946 2360 2640 3058 3186 3498 
Group02_23.txt
5 361 457 682 799 806 884 1100 1263 1284 1446 1655 
Group02_24.txt
221 862 
Group02_25.txt
79 216 345 1155 1196 1336 
Group02_26.txt
40 94 177 458 753 
Group02_27.txt
436 553 1009 1210 1243 1337 1391 1474 1503 1521 1545 1608 1660 1835 
Group02_28.txt
23 546 588 747 770 1223 1406 1663 1859 1871 1900 1922 1945 1964 2010 2113 
Group02_29.txt
397 426 546 595 626 765 843 861 871 888 897 926 975 
Group02_30.txt
161 246 312 376 432 519 531 705 827 839 927 940 984 1131 1528 1733 1813 1831 1926 2025 2113 2200 2255 2298 2385 2408 2422 2524 2538 2699 2763 3140 3226 3244 3268 3297 3441 3647 3674 3796 3923 4200 
Group02_31.txt
137 381 452 515 530 642 715 824 1222 1311 1679 1740 1742 1884 1938 2029 2061 2678 2703 2899 
Group02_32.txt
150 222 520 1099 1599 1900 2655 2673 2686 2718 
Group02_33.txt
361 1162 1337 1414 1847 2468 2695 3459 
Group02_34.txt
19 989 1015 1188 
Group02_35.txt
93 906 
Group02_36.txt
1015 1232 
Group02_37.txt
29 62 228 523 567 758 917 1077 1086 1113 1256 1331 1399 
Group02_38.txt
175 302 476 518 754 960 1166 1337 1727 1835 2099 2157 2182 2293 3103 3382 
Group02_39.txt
627 974 1351 1443 1569 
Group02_40.txt
303 1033 2076 
Group02_41.txt
868 882 1187 1378 1619 1649 
Group02_42.txt
87 146 697 708 772 
Group02_43.txt
102 202 598 1052 1245 1314 1406 1576 
Group02_44.txt
45 50 69 110 152 208 494 536 850 982 1120 1221 1348 1381 1441 
Group02_45.txt
263 776 827 835 
Group02_46.txt
263 279 514 520 532 767 1446 2045 2058 2125 2552 2566 
Group02_47.txt
61 336 1463 
Group02_48.txt
303 360 535 881 965 996 1158 1224 1233 1252 1262 1358 1652 1740 1867 1886 1997 2068 2175 2645 2894 
Group02_49.txt
156 436 2143 2223 2245 2292 2815 2986 3604 3704 3724 3795 
Group02_50.txt
83 321 533 1282 1380 
Group03_01.txt
157 179 429 
Group03_02.txt
140 553 789 820 
Group03_03.txt
177 219 266 280 314 325 460 551 627 975 1034 1125 1167 1250 1254 
Group03_04.txt
14 337 502 654 718 846 988 1013 1022 1066 1195 1255 1275 1511 1585 1624 1900 2000 2038 2296 
Group03_05.txt
265 371 1016 
Group03_06.txt
23 640 747 979 1080 1514 2386 2716 
Group03_07.txt
235 418 967 996 1238 1350 1656 2217 2474 2591 2618 
Group03_08.txt
772 790 
Group03_09.txt
130 190 324 377 670 869 
Group03_10.txt
50 213 671 
Group03_12.txt
1 91 121 138 623 790 1126 1329 1352 1399 
Group03_13.txt
194 627 734 831 1057 1072 1453 
Group03_14.txt
438 1045 1104 
Group03_15.txt
97 392 
Group03_16.txt
460 487 679 748 
Group03_17.txt
150 697 
Group03_18.txt
497 781 1092 
Group03_19.txt
323 714 
Group03_20.txt
16 118 402 
Group03_21.txt
137 196 266 1688 
Group03_22.txt
801 
Group03_23.txt
83 
Group03_24.txt
720 928 1386 
Group03_25.txt
686 
Group03_26.txt
555 602 1037 
Group03_27.txt
104 236 340 402 1005 1406 
Group03_28.txt
386 
Group03_29.txt
202 620 710 742 803 1427 1455 1848 2173 
Group03_30.txt
121 202 377 492 601 1242 1448 1517 1620 
Group03_31.txt
345 772 1322 2217 2349 2433 2877 
Group03_32.txt
555 574 649 741 1106 1446 
Group03_33.txt
1396 
Group03_34.txt
111 119 148 327 891 927 1069 1273 1431 1449 1606 1938 2100 2160 2166 2572 2710 
Group03_35.txt
240 1153 1187 
Group03_36.txt
52 67 80 214 416 432 547 975 988 1022 1038 1064 1084 1399 1468 1483 1498 
Group03_37.txt
108 135 732 1618 1826 1936 2154 2173 2197 2209 2217 2329 
Group03_38.txt
52 103 266 276 300 616 630 
Group03_39.txt
538 557 632 724 
Group03_41.txt
119 
Group03_42.txt
183 610 700 732 793 1445 1473 
Group03_43.txt
44 532 
Group03_44.txt
369 553 784 882 1061 1100 1193 1222 
Group03_45.txt
164 
Group03_47.txt
318 732 1001 1029 
Group03_48.txt
170 336 359 414 638 845 
Group03_49.txt
532 849 
Group03_50.txt
446 1508 
Group04_01.txt
38 245 270 482 
Group04_02.txt
14 348 
Group04_03.txt
100 120 310 395 559 
Group04_04.txt
4 18 113 167 190 289 490 
Group04_05.txt
168 537 
Group04_06.txt
5 22 
Group04_07.txt
601 682 1016 
Group04_08.txt
153 361 447 
Group04_09.txt
317 400 505 
Group04_10.txt
925 
Group04_11.txt
168 396 
Group04_12.txt
33 87 374 
Group04_13.txt
139 332 611 649 874 953 1074 
Group04_15.txt
233 243 894 912 
Group04_16.txt
319 323 328 
Group04_17.txt
175 399 545 1022 1147 
Group04_18.txt
435 560 
Group04_20.txt
32 453 
Group04_21.txt
958 
Group04_22.txt
330 
Group04_23.txt
45 384 516 527 
Group04_24.txt
167 723 
Group04_25.txt
319 497 
Group04_26.txt
8 51 506 609 646 707 
Group04_27.txt
263 336 345 411 729 
Group04_28.txt
277 
Group04_29.txt
332 377 388 456 520 
Group04_30.txt
78 159 264 361 467 525 668 826 938 1033 1049 
Group04_31.txt
501 593 
Group04_32.txt
98 225 274 278 398 522 692 709 809 
Group04_33.txt
388 
Group04_34.txt
17 87 511 542 752 
Group04_35.txt
72 220 355 533 
Group04_36.txt
461 534 731 807 
Group04_37.txt
125 483 500 
Group04_38.txt
87 482 
Group04_39.txt
548 559 562 685 871 940 983 
Group04_40.txt
26 87 206 411 
Group04_42.txt
217 382 559 
Group04_43.txt
16 497 
Group04_44.txt
228 420 
Group04_46.txt
158 352 467 534 551 578 598 812 829 857 915 976 1005 1046 1179 1192 
Group04_47.txt
39 82 161 436 537 571 655 673 
Group04_48.txt
464 491 
Group04_49.txt
274 601 
Group04_50.txt
152 327 434 493 506 584 754 
Group05_02.txt
485 496 683 1257 1263 1271 
Group05_03.txt
130 
Group05_04.txt
262 1067 1125 
Group05_05.txt
37 78 98 
Group05_06.txt
19 116 471 893 
Group05_07.txt
170 434 
Group05_08.txt
181 227 393 
Group05_09.txt
401 686 
Group05_10.txt
128 287 645 
Group05_11.txt
225 256 
Group05_13.txt
51 171 273 401 474 492 549 581 713 926 991 
Group05_14.txt
202 473 
Group05_15.txt
248 
Group05_16.txt
201 224 295 545 744 825 914 988 
Group05_17.txt
89 108 177 424 888 1060 1092 
Group05_18.txt
75 245 255 348 422 854 
Group05_19.txt
260 379 593 615 642 
Group05_20.txt
143 277 393 547 846 913 
Group05_21.txt
240 
Group05_22.txt
241 
Group05_24.txt
19 488 500 601 
Group05_25.txt
501 537 565 591 595 1110 1121 1143 1211 
Group05_26.txt
22 93 604 628 645 
Group05_27.txt
209 361 441 511 749 855 878 963 1023 1043 1454 
Group05_28.txt
152 499 528 
Group05_29.txt
369 
Group05_30.txt
445 853 
Group05_31.txt
136 140 184 
Group05_32.txt
221 231 309 563 
Group05_34.txt
242 
Group05_35.txt
165 511 
Group05_38.txt
46 148 
Group05_40.txt
121 209 
Group05_41.txt
310 342 
Group05_42.txt
196 
Group05_43.txt
138 343 638 
Group05_44.txt
60 83 243 349 740 783 1099 
Group05_45.txt
237 327 558 707 940 1258 
Group05_46.txt
417 
Group05_48.txt
155 
Group05_49.txt
92 188 355 553 669 
Group05_50.txt
89 144 281 
Group06_01.txt
328 447 471 
Group06_02.txt
177 314 417 711 
Group06_03.txt
242 
Group06_04.txt
37 200 305 313 345 357 369 434 616 761 
Group06_05.txt
41 79 656 
Group06_06.txt
66 
Group06_07.txt
220 228 
Group06_08.txt
503 525 
Group06_09.txt
179 251 281 
Group06_10.txt
169 
Group06_11.txt
16 33 49 59 208 233 292 397 437 795 835 
Group06_12.txt
16 28 191 204 221 245 448 562 
Group06_13.txt
79 293 519 555 
Group06_14.txt
245 637 
Group06_15.txt
110 377 529 575 822 
Group06_16.txt
71 392 
Group06_17.txt
273 762 932 
Group06_18.txt
198 271 312 376 424 460 
Group06_20.txt
278 400 
Group06_21.txt
134 162 196 674 
Group06_22.txt
376 482 542 614 
Group06_23.txt
58 79 100 231 394 463 511 566 713 
Group06_24.txt
369 
Group06_25.txt
43 249 635 
Group06_26.txt
620 646 
Group06_27.txt
19 244 
Group06_28.txt
82 397 
Group06_29.txt
12 30 449 
Group06_30.txt
242 
Group06_31.txt
273 762 932 
Group06_32.txt
56 209 464 594 
Group06_33.txt
58 142 419 
Group06_35.txt
302 
Group06_36.txt
25 
Group06_37.txt
233 472 
Group06_38.txt
187 214 243 354 548 728 
Group06_39.txt
2 74 179 292 308 318 347 357 382 390 
Group06_40.txt
131 
Group06_41.txt
15 
Group06_42.txt
330 
Group06_43.txt
130 283 341 
Group06_44.txt
72 
Group06_45.txt
18 28 45 75 214 335 643 
Group06_46.txt
481 727 
Group06_47.txt
310 428 
Group06_48.txt
220 
Group06_49.txt
33 
Group06_50.txt
242 
Group07_01.txt
618 687 
Group07_02.txt
48 100 134 184 327 615 
Group07_03.txt
78 103 855 1009 1049 1089 1229 1471 1493 1627 1740 2163 2259 2778 
Group07_04.txt
575 654 813 895 
Group07_05.txt
256 470 521 525 668 849 
Group07_06.txt
28 42 174 377 391 610 
Group07_07.txt
1140 1207 
Group07_08.txt
123 459 509 526 
Group07_09.txt
118 150 195 461 
Group07_10.txt
56 89 488 609 
Group07_12.txt
505 522 627 775 1018 
Group07_14.txt
198 243 312 429 
Group07_15.txt
63 156 326 340 396 400 404 417 440 
Group07_16.txt
427 618 682 699 
Group07_17.txt
308 
Group07_18.txt
45 75 105 137 267 325 620 700 788 960 1004 1160 1185 1211 1407 1414 
Group07_20.txt
85 130 395 426 444 453 488 
Group07_21.txt
109 312 334 374 924 
Group07_22.txt
25 51 68 458 573 578 635 747 
Group07_23.txt
79 83 308 435 456 468 
Group07_24.txt
252 499 521 1215 1815 
Group07_25.txt
162 
Group07_26.txt
244 257 398 533 561 710 
Group07_27.txt
450 
Group07_28.txt
129 136 501 
Group07_30.txt
364 956 
Group07_31.txt
82 166 249 435 466 476 518 710 734 909 1187 1409 1585 1747 
Group07_32.txt
25 438 
Group07_33.txt
683 694 701 
Group07_34.txt
329 404 422 429 545 
Group07_35.txt
40 140 237 352 439 566 
Group07_36.txt
217 532 843 970 
Group07_37.txt
407 967 1266 1298 1496 
Group07_38.txt
552 649 708 774 884 957 980 1085 1208 1374 1381 1648 1690 1911 
Group07_39.txt
587 624 
Group07_40.txt
115 620 741 
Group07_41.txt
167 175 180 187 649 
Group07_42.txt
500 566 575 608 611 658 
Group07_43.txt
158 170 174 450 468 478 486 507 
Group07_44.txt
548 567 651 660 675 713 
Group07_46.txt
62 83 603 686 
Group07_47.txt
244 304 499 502 516 526 
Group07_48.txt
77 85 170 214 392 885 939 952 987 1081 1085 
Group07_49.txt
108 232 528 1182 1183 1191 1591 2116 2164 2437 2523 2574 2613 2615 
Group07_50.txt
569 
Group08_02.txt
275 328 477 
Group08_04.txt
150 179 
Group08_06.txt
368 788 1089 1129 1154 
Group08_07.txt
368 
Group08_08.txt
272 327 
Group08_09.txt
543 556 630 
Group08_11.txt
583 644 803 822 834 
Group08_12.txt
654 679 713 
Group08_13.txt
647 741 899 
Group08_15.txt
253 509 863 875 
Group08_16.txt
200 445 462 953 1106 
Group08_17.txt
1086 
Group08_18.txt
641 709 
Group08_19.txt
437 782 
Group08_20.txt
755 1394 1407 
Group08_21.txt
170 416 
Group08_22.txt
370 396 784 
Group08_23.txt
150 179 
Group08_24.txt
198 575 
Group08_25.txt
95 307 315 520 800 805 952 1291 
Group08_26.txt
15 145 154 
Group08_27.txt
112 138 149 347 439 
Group08_28.txt
2 55 151 170 342 
Group08_29.txt
180 601 642 657 779 909 950 1217 1333 1376 1391 
Group08_30.txt
581 619 1025 1139 1167 1176 1189 1601 
Group08_31.txt
13 55 138 148 166 170 185 331 819 970 
Group08_32.txt
19 52 
Group08_34.txt
82 190 
Group08_36.txt
129 151 
Group08_37.txt
295 
Group08_38.txt
94 128 
Group08_39.txt
53 87 113 138 453 
Group08_40.txt
116 344 
Group08_41.txt
153 
Group08_42.txt
222 
Group08_43.txt
42 400 541 645 656 665 678 
Group08_45.txt
69 84 
Group08_46.txt
264 317 
Group08_47.txt
72 101 176 201 387 
Group08_48.txt
261 297 
Group08_50.txt
430 578 
Group09_01.txt
41 169 325 529 591 
Group09_02.txt
31 248 354 393 
Group09_03.txt
197 
Group09_04.txt
550 
Group09_05.txt
845 1009 
Group09_06.txt
10 94 116 177 275 349 457 
Group09_07.txt
150 654 912 
Group09_08.txt
17 314 379 514 549 
Group09_09.txt
31 289 
Group09_10.txt
2 60 144 318 627 634 690 832 
Group09_11.txt
91 296 
Group09_13.txt
11 575 
Group09_14.txt
14 201 220 247 294 563 571 673 843 
Group09_15.txt
239 288 464 
Group09_16.txt
203 235 300 
Group09_17.txt
16 412 781 
Group09_18.txt
13 65 89 205 
Group09_19.txt
336 375 
Group09_20.txt
54 208 316 
Group09_21.txt
296 466 598 671 705 719 731 765 1008 1154 
Group09_23.txt
465 
Group09_24.txt
509 
Group09_25.txt
360 
Group09_26.txt
332 557 1067 
Group09_27.txt
476 
Group09_28.txt
289 352 422 439 
Group09_29.txt
556 
Group09_31.txt
19 101 139 169 401 448 471 577 594 
Group09_32.txt
75 116 200 438 472 536 
Group09_33.txt
90 212 218 482 
Group09_34.txt
125 154 368 422 451 
Group09_35.txt
78 570 704 
Group09_36.txt
131 162 209 396 413 
Group09_37.txt
19 269 378 512 608 717 774 976 1017 1119 1197 
Group09_38.txt
52 86 309 479 485 523 565 590 
Group09_39.txt
20 44 53 119 306 444 498 726 
Group09_40.txt
283 670 
Group09_41.txt
227 481 
Group09_42.txt
385 
Group09_43.txt
164 
Group09_44.txt
306 328 482 505 
Group09_45.txt
25 512 
Group09_46.txt
464 505 513 599 
Group09_47.txt
124 517 562 572 
Group09_48.txt
117 141 246 469 611 705 
Group09_49.txt
130 222 446 501 629 895 
Group09_50.txt
158 196 420 429 465 572 
Group10_01.txt
33 357 448 601 632 
Group10_02.txt
6 161 183 262 396 456 
Group10_03.txt
548 589 713 876 
Group10_04.txt
17 172 281 449 487 
Group10_05.txt
64 128 813 894 921 929 
Group10_06.txt
153 177 305 463 
Group10_07.txt
39 63 75 139 
Group10_08.txt
205 317 333 370 441 
Group10_09.txt
379 
Group10_10.txt
508 532 797 
Group10_11.txt
929 941 952 1146 
Group10_12.txt
56 209 228 240 313 
Group10_13.txt
118 283 701 719 726 
Group10_15.txt
129 184 633 
Group10_16.txt
44 91 913 
Group10_17.txt
146 165 186 231 272 414 574 650 749 763 772 799 928 1009 1029 
Group10_19.txt
140 288 470 
Group10_20.txt
162 274 341 527 654 
Group10_21.txt
139 155 209 229 355 497 782 851 900 
Group10_22.txt
186 434 644 
Group10_24.txt
116 222 580 604 662 934 1221 
Group10_25.txt
105 306 596 645 935 1062 1134 
Group10_26.txt
6 161 183 262 396 456 
Group10_27.txt
85 296 343 650 995 
Group10_28.txt
102 204 468 617 747 
Group10_29.txt
210 438 692 800 972 
Group10_30.txt
84 148 350 362 472 
Group10_31.txt
36 211 404 470 506 
Group10_32.txt
55 98 155 450 506 556 625 
Group10_33.txt
479 529 621 758 1305 
Group10_34.txt
437 
Group10_35.txt
603 669 1239 1259 1595 1699 1701 1711 
Group10_36.txt
518 541 842 857 
Group10_37.txt
17 88 244 539 
Group10_38.txt
159 374 994 
Group10_39.txt
62 431 451 
Group10_40.txt
68 
Group10_41.txt
19 106 186 197 219 455 529 
Group10_42.txt
50 85 134 205 223 348 377 404 420 553 589 612 639 643 667 
Group10_43.txt
134 145 444 480 617 683 766 843 885 
Group10_44.txt
40 126 141 163 458 485 538 664 669 677 784 
Group10_46.txt
90 457 
Group10_47.txt
26 94 225 232 305 400 635 926 
Group10_48.txt
20 263 398 407 527 541 655 
Group10_49.txt
122 706 760 
Group10_50.txt
15 187 283 335 375 425 449 
Group11-01.txt
69 188 776 819 
Group11-02.txt
179 662 670 1068 1238 
Group11-03.txt
104 287 709 
Group11-04.txt
674 713 
Group11-05.txt
429 600 650 668 868 1169 1445 1496 1612 1660 1705 1772 2133 2198 
Group11-06.txt
262 
Group11-07.txt
528 624 
Group11-08.txt
264 430 565 571 
Group11-09.txt
474 
Group11-10.txt
336 373 
Group11-11.txt
86 352 487 526 
Group11-12.txt
108 120 132 249 408 454 600 611 718 728 
Group11-13.txt
125 167 373 
Group11-14.txt
12 291 430 793 1102 
Group11-15.txt
408 438 527 617 718 909 1561 1711 1900 2338 
Group11-16.txt
540 577 628 642 1034 1224 1655 1795 2047 2199 2320 2357 2610 2628 3127 
Group11-17.txt
14 209 514 
Group11-18.txt
552 
Group11-19.txt
583 621 654 
Group11-20.txt
455 657 673 788 864 968 1203 1332 
Group11-21.txt
478 864 
Group11-22.txt
45 158 380 694 
Group11-24.txt
669 714 1256 1475 1974 2412 2475 
Group11-25.txt
200 419 475 483 603 
Group11-26.txt
235 
Group11-27.txt
108 
Group11-28.txt
223 344 746 890 1024 
Group11-29.txt
237 266 332 372 423 586 592 653 677 811 
Group11-30.txt
193 307 359 553 687 
Group11-31.txt
346 
Group11-32.txt
82 282 293 476 726 860 
Group11-33.txt
529 633 731 851 
Group11-34.txt
439 
Group11-35.txt
219 446 
Group11-36.txt
274 
Group11-37.txt
197 415 554 830 
Group11-38.txt
90 163 543 604 
Group11-39.txt
79 414 435 651 
Group11-41.txt
37 44 59 216 302 
Group11-43.txt
14 32 193 368 
Group11-44.txt
3 198 
Group11-45.txt
17 947 1074 1288 
Group11-46.txt
165 684 874 887 951 1106 1125 1132 1192 
Group11-47.txt
353 668 685 871 
Group11-48.txt
238 673 709 
Group11-49.txt
194 327 340 
Group11-50.txt
279 361 389 649 749 833 950 
Group12_01.txt
1035 1149 
Group12_02.txt
304 426 714 1455 1474 1560 
Group12_03.txt
286 793 897 
Group12_04.txt
442 554 591 799 1043 1291 1345 1771 1957 2181 2225 2234 2380 2525 2551 2736 2851 
Group12_05.txt
541 
Group12_06.txt
270 333 352 413 626 637 654 736 949 
Group12_07.txt
701 896 1122 1148 1384 
Group12_08.txt
470 
Group12_09.txt
250 832 838 869 
Group12_10.txt
121 143 808 
Group12_11.txt
270 318 335 414 768 822 854 862 
Group12_12.txt
270 318 335 414 768 822 854 862 
Group12_13.txt
69 308 470 582 603 817 1745 2021 
Group12_14.txt
304 709 807 836 845 916 925 997 1008 1026 
Group12_15.txt
39 66 109 130 247 304 528 602 611 695 
Group12_16.txt
221 304 
Group12_17.txt
366 438 
Group12_18.txt
524 
Group12_19.txt
462 596 613 836 855 1093 1103 1260 1362 1369 
Group12_20.txt
47 180 
Group12_22.txt
172 294 534 582 662 
Group12_23.txt
26 65 124 190 213 464 565 577 605 
Group12_24.txt
293 503 625 
Group12_26.txt
28 278 781 1225 1359 1499 1570 1615 1650 
Group12_27.txt
293 303 310 329 413 531 
Group12_28.txt
237 260 482 571 
Group12_29.txt
77 559 
Group12_30.txt
147 
Group12_33.txt
317 339 358 491 512 
Group12_34.txt
476 
Group12_37.txt
387 
Group12_38.txt
491 517 
Group12_39.txt
124 
Group12_40.txt
111 192 638 
Group12_41.txt
560 714 
Group12_42.txt
34 122 189 754 1205 1466 
Group12_43.txt
456 527 
Group12_45.txt
132 179 219 265 
Group12_46.txt
55 146 561 664 719 
Group12_48.txt
71 644 
Group12_49.txt
94 131 304 343 377 392 457 577 785 905 1141 1185 1248 1686 1809 1872 1881 2009 2224 2489 2507 2521 2552 2586 2621 2705 
Group12_50.txt
15 
Group13_01.txt
284 527 
Group13_02.txt
401 582 1254 1364 1484 1521 1528 1615 1749 
Group13_03.txt
448 484 
Group13_04.txt
144 245 261 267 511 864 893 
Group13_05.txt
692 699 722 1222 1405 1868 1950 1977 1985 2013 2141 2168 
Group13_06.txt
127 323 331 442 1126 1787 1897 1911 1930 2027 2136 2472 2526 2598 2776 
Group13_07.txt
17 111 165 
Group13_08.txt
31 339 437 475 497 522 
Group13_09.txt
386 463 726 1391 1811 1831 
Group13_10.txt
24 288 313 339 477 531 572 886 
Group13_12.txt
275 460 533 767 
Group13_13.txt
105 
Group13_14.txt
41 65 651 
Group13_15.txt
164 
Group13_16.txt
174 323 
Group13_17.txt
249 579 
Group13_19.txt
132 247 
Group13_20.txt
158 197 335 575 
Group13_21.txt
153 160 561 1187 1194 1204 1498 
Group13_22.txt
46 542 594 682 758 837 1046 1051 1204 1256 1805 1870 1899 2001 2030 2058 2363 3152 3158 3281 3443 3590 3645 3770 4181 4860 5072 6032 6752 7259 7273 7391 7407 7459 7509 8273 8473 8890 9173 9240 9779 10027 10069 10088 10247 10286 10294 11244 11333 11578 11605 12460 12691 13953 14002 14202 14265 14741 15082 15149 15159 15214 15538 15821 16007 16046 16154 16234 16290 16399 
Group13_23.txt
572 745 1174 1417 1638 1797 1872 2656 3484 3502 3605 3671 
Group13_24.txt
502 795 811 1255 2528 2696 2752 2787 2917 3015 3346 3399 3415 3426 3480 3579 3679 4368 4647 5161 
Group13_25.txt
280 1626 2278 2317 
Group13_26.txt
181 229 336 440 489 698 1074 1208 1471 1615 1636 1953 1977 1986 2191 2818 3643 4544 5059 5747 6105 6426 6553 6583 6638 6920 6985 7389 7512 7566 7669 7679 7713 7749 7762 8884 8985 9162 9166 9189 9302 9609 9848 9984 
Group13_27.txt
155 206 1889 2650 2707 2872 2917 3313 3500 
Group13_28.txt
312 1229 1298 1675 2513 2623 2786 2818 2965 2994 3007 3115 3222 3298 3314 3324 3360 
Group13_29.txt
14 192 329 341 464 615 626 948 1353 1867 1872 3454 3458 4222 4226 4234 4280 4303 4469 4535 4660 4670 4820 5249 5457 
Group13_30.txt
186 501 763 782 1301 1452 1543 2128 2164 2274 2605 2832 3348 3765 3787 
Group13_31.txt
185 327 
Group13_32.txt
6 210 221 601 766 
Group13_33.txt
2 682 1054 1058 1064 1072 1076 1082 1136 1297 1386 1460 1507 1559 1627 1637 1643 1679 1734 1740 1761 1959 2025 2076 
Group13_34.txt
407 
Group13_35.txt
1503 
Group13_36.txt
385 466 1203 
Group13_37.txt
48 435 496 602 613 734 1198 1413 
Group13_38.txt
625 1149 
Group13_39.txt
388 423 648 742 840 
Group13_40.txt
36 235 573 629 777 914 944 
Group13_41.txt
446 451 454 467 560 615 637 1529 1681 
Group13_42.txt
23 544 745 806 1053 1144 1271 1282 1383 
Group13_43.txt
70 271 316 860 971 1104 1333 1579 
Group13_44.txt
130 358 809 1731 1813 2101 2599 2861 2903 2965 2997 3090 3227 3266 3757 3768 
Group13_45.txt
310 413 1065 1669 
Group13_46.txt
864 884 2210 
Group13_47.txt
186 529 583 1213 1233 1391 1494 
Group13_48.txt
754 1014 1454 1789 2036 2574 
Group13_49.txt
428 645 821 1295 1350 1621 1919 1972 2119 
Group13_50.txt
397 1193 
Group14_02.txt
431 519 
Group14_03.txt
130 190 236 407 445 479 
Group14_04.txt
375 
Group14_05.txt
410 
Group14_06.txt
128 
Group14_08.txt
113 125 447 526 537 
Group14_09.txt
227 
Group14_10.txt
96 174 452 
Group14_13.txt
54 384 
Group14_14.txt
111 
Group14_15.txt
346 
Group14_16.txt
106 
Group14_17.txt
91 468 485 
Group14_18.txt
23 32 
Group14_20.txt
353 464 652 
Group14_21.txt
350 477 569 606 
Group14_22.txt
136 
Group14_23.txt
160 319 470 
Group14_25.txt
367 
Group14_26.txt
461 776 
Group14_27.txt
284 781 857 
Group14_28.txt
193 534 561 660 776 810 906 
Group14_29.txt
134 191 350 372 379 443 447 
Group14_31.txt
131 516 550 795 
Group14_33.txt
9 74 199 384 663 704 917 1020 1026 1035 
Group14_34.txt
321 
Group14_35.txt
801 832 1346 
Group14_36.txt
498 
Group14_37.txt
18 
Group14_38.txt
428 
Group14_39.txt
142 519 
Group14_40.txt
200 358 
Group14_41.txt
362 438 554 724 781 
Group14_42.txt
740 850 
Group14_43.txt
143 298 624 
Group14_45.txt
284 311 
Group14_46.txt
819 
Group14_47.txt
188 
Group14_48.txt
338 394 487 
Group14_49.txt
241 
Group14_50.txt
562 
