Group01_01.txt
493 504 552 
Group01_02.txt
248 287 
Group01_05.txt
11 138 241 
Group01_07.txt
528 
Group01_16.txt
73 243 299 317 416 418 431 
Group01_19.txt
474 574 
Group01_20.txt
150 193 349 407 
Group01_27.txt
353 
Group01_29.txt
658 665 718 754 804 
Group01_31.txt
287 375 
Group01_32.txt
855 1249 
Group01_37.txt
324 336 365 
Group01_39.txt
463 
Group01_40.txt
243 695 
Group01_41.txt
521 524 
Group01_44.txt
287 301 
Group01_49.txt
452 
Group01_50.txt
360 368 419 
Group02_09.txt
637 648 
Group02_10.txt
51 294 304 313 
Group02_13.txt
750 
Group02_16.txt
346 
Group02_18.txt
1372 1393 
Group02_20.txt
982 
Group02_27.txt
295 
Group02_30.txt
8 15 24 78 138 140 187 191 198 206 216 238 266 270 471 484 516 529 763 773 785 1343 1348 3191 3235 
Group02_32.txt
174 189 
Group02_33.txt
2097 
Group02_34.txt
1097 
Group02_38.txt
873 
Group02_40.txt
1696 
Group02_47.txt
172 240 271 309 357 376 498 516 834 1220 1279 1399 
Group03_02.txt
225 329 340 351 459 801 
Group03_04.txt
57 77 122 208 398 1175 1223 1350 1377 1431 1524 1629 1776 1809 1822 1831 
Group03_05.txt
537 594 616 622 630 802 850 899 937 1032 
Group03_06.txt
482 788 1070 1101 1880 2658 2697 
Group03_07.txt
109 136 146 161 168 182 219 259 283 292 433 466 500 512 581 685 689 701 738 780 786 1059 1088 1147 1170 1179 1185 1209 1223 1236 1314 1329 1336 1578 1628 1632 1691 1744 1753 1789 1811 1862 1866 1888 1919 1951 1953 1961 2000 2053 2093 2387 2405 2441 2500 2548 2554 2587 2597 2664 2671 2684 2704 2708 
Group03_08.txt
737 838 857 
Group03_09.txt
369 500 827 862 903 
Group03_10.txt
484 803 
Group03_11.txt
400 
Group03_12.txt
1278 
Group03_13.txt
679 712 
Group03_14.txt
509 511 524 561 781 881 1186 
Group03_15.txt
40 54 396 520 
Group03_16.txt
547 
Group03_18.txt
306 348 360 366 457 467 640 662 815 916 950 
Group03_19.txt
603 705 
Group03_20.txt
19 94 114 176 198 575 622 649 
Group03_21.txt
74 275 1098 
Group03_22.txt
48 236 619 1008 
Group03_23.txt
77 86 136 185 404 619 
Group03_24.txt
605 
Group03_25.txt
464 538 592 596 
Group03_26.txt
131 142 486 514 537 680 698 1038 1129 1175 1207 1214 1264 1283 
Group03_27.txt
1167 1174 1181 
Group03_28.txt
123 263 353 360 383 408 426 495 544 551 816 853 
Group03_29.txt
895 970 998 1447 1693 1713 
Group03_30.txt
1112 
Group03_31.txt
2281 2733 
Group03_32.txt
163 
Group03_33.txt
656 
Group03_34.txt
222 267 301 321 1594 1597 1614 1833 1933 2002 2039 
Group03_35.txt
522 688 954 984 1048 1234 1254 
Group03_36.txt
1174 1252 1266 1290 
Group03_37.txt
1674 1684 1875 2002 
Group03_38.txt
27 162 344 350 359 479 570 586 769 
Group03_39.txt
146 
Group03_40.txt
635 
Group03_42.txt
888 963 991 1465 1719 
Group03_44.txt
27 36 893 1034 1138 1170 1185 1284 1351 
Group03_46.txt
474 
Group03_48.txt
651 700 720 765 840 883 923 
Group03_49.txt
465 514 542 
Group03_50.txt
196 804 1203 1215 1374 
Group04_01.txt
907 
Group04_02.txt
149 498 575 
Group04_04.txt
165 300 315 323 
Group04_05.txt
164 166 639 
Group04_06.txt
876 901 927 
Group04_07.txt
28 70 90 105 179 255 293 472 477 501 507 539 543 559 599 630 638 664 693 731 739 749 765 843 854 856 885 938 993 1008 1064 
Group04_08.txt
330 354 455 554 596 
Group04_09.txt
175 185 201 268 379 420 447 626 664 
Group04_10.txt
83 789 1062 
Group04_11.txt
353 361 
Group04_12.txt
159 266 339 346 355 359 407 431 487 609 614 638 644 662 669 
Group04_13.txt
641 674 687 921 1095 
Group04_14.txt
61 394 433 570 636 
Group04_15.txt
660 918 959 1196 
Group04_17.txt
408 819 918 
Group04_18.txt
63 122 147 153 160 236 354 379 513 534 547 
Group04_20.txt
273 286 297 310 485 
Group04_21.txt
55 64 240 283 318 320 485 528 546 624 651 768 822 872 883 
Group04_22.txt
73 151 338 570 
Group04_24.txt
151 165 418 545 571 584 589 639 642 733 
Group04_25.txt
40 215 284 449 461 489 516 550 565 587 651 698 
Group04_26.txt
494 
Group04_27.txt
90 93 104 196 214 233 237 260 271 301 389 400 433 466 517 537 593 609 622 633 654 754 801 
Group04_33.txt
475 
Group04_34.txt
907 919 
Group04_37.txt
476 496 556 
Group04_39.txt
24 28 66 70 115 144 155 180 186 196 336 361 364 450 582 591 646 692 711 765 818 881 899 907 909 
Group04_41.txt
33 130 166 185 190 501 568 611 759 772 795 814 
Group04_42.txt
328 394 
Group04_43.txt
326 366 786 
Group04_44.txt
224 250 272 296 310 441 479 
Group04_46.txt
360 368 378 438 453 584 
Group04_47.txt
414 
Group05_01.txt
37 
Group05_02.txt
90 154 512 1147 
Group05_03.txt
123 
Group05_04.txt
42 45 58 84 100 213 236 260 277 302 321 365 382 463 663 672 693 696 770 791 809 823 825 843 864 882 891 895 897 918 934 938 949 976 1002 1010 1016 1108 1117 1122 
Group05_05.txt
35 229 415 417 430 472 
Group05_06.txt
76 157 830 
Group05_07.txt
485 
Group05_09.txt
10 614 771 939 
Group05_10.txt
228 
Group05_11.txt
60 240 308 321 335 373 394 419 431 467 481 492 
Group05_12.txt
118 
Group05_13.txt
630 1016 1019 1053 1234 
Group05_16.txt
100 346 349 352 371 427 470 495 
Group05_17.txt
53 359 513 596 879 
Group05_19.txt
443 463 585 739 762 
Group05_20.txt
39 517 682 1055 1105 
Group05_21.txt
29 709 711 894 923 
Group05_22.txt
268 278 303 
Group05_24.txt
304 483 
Group05_25.txt
487 643 752 807 
Group05_26.txt
265 719 765 829 844 879 
Group05_27.txt
1279 1299 1421 1423 1429 1449 1475 
Group05_30.txt
893 
Group05_32.txt
749 
Group05_33.txt
98 116 
Group05_35.txt
14 305 347 467 504 
Group05_37.txt
47 
Group05_38.txt
92 320 
Group05_41.txt
104 171 194 344 
Group05_43.txt
355 383 486 
Group05_44.txt
249 284 338 447 461 554 628 679 685 698 753 979 1013 1041 1050 
Group05_45.txt
109 153 183 
Group05_46.txt
252 308 
Group06_03.txt
265 309 395 434 714 747 
Group06_04.txt
39 626 
Group06_05.txt
458 
Group06_07.txt
364 437 443 
Group06_10.txt
730 780 
Group06_11.txt
379 507 527 
Group06_13.txt
621 
Group06_14.txt
387 
Group06_20.txt
257 616 
Group06_21.txt
91 
Group06_23.txt
166 172 178 290 364 740 747 
Group06_26.txt
342 523 533 642 
Group06_27.txt
192 334 346 
Group06_29.txt
252 268 557 
Group06_42.txt
191 376 
Group06_47.txt
573 
Group06_49.txt
140 483 
Group07_02.txt
448 460 587 635 660 
Group07_03.txt
129 162 248 318 365 392 466 568 593 685 698 895 902 1070 1236 1245 1279 1296 1307 1309 1334 1354 1362 1384 1396 1427 1583 1624 1702 1973 1996 2019 2151 2179 2199 2216 2228 2276 2281 2345 2431 2434 2438 2440 2454 2622 2635 2696 2712 2734 2834 
Group07_04.txt
1016 
Group07_06.txt
455 
Group07_08.txt
134 
Group07_09.txt
192 223 244 345 380 417 605 697 
Group07_12.txt
179 249 376 566 706 744 856 1002 
Group07_13.txt
247 255 282 330 348 350 375 391 397 421 427 438 444 449 465 538 563 565 590 594 601 610 619 631 652 670 
Group07_14.txt
481 
Group07_16.txt
78 750 
Group07_17.txt
188 524 536 557 
Group07_18.txt
950 964 1002 1209 
Group07_19.txt
140 162 351 412 420 461 545 577 633 650 653 894 898 907 920 925 930 942 954 
Group07_20.txt
263 288 339 402 
Group07_22.txt
45 54 161 174 195 243 249 259 271 311 336 390 405 485 540 567 618 622 695 702 791 818 839 842 
Group07_23.txt
136 145 244 251 293 351 
Group07_26.txt
705 730 
Group07_29.txt
85 281 302 413 471 
Group07_30.txt
40 46 62 79 155 534 695 
Group07_31.txt
355 608 647 680 696 704 875 1126 1214 1387 1654 1838 1850 1895 1955 1968 
Group07_32.txt
195 211 221 230 344 376 393 
Group07_33.txt
167 247 276 353 375 386 411 464 513 542 623 675 
Group07_34.txt
453 
Group07_35.txt
102 281 289 348 350 358 388 556 560 
Group07_37.txt
1359 1362 1373 1379 1387 1402 1410 1583 1612 1745 1761 
Group07_38.txt
74 101 107 231 252 283 936 1008 1281 1317 1328 1534 1814 1830 1853 
Group07_39.txt
341 407 421 
Group07_40.txt
200 
Group07_41.txt
276 284 
Group07_43.txt
42 59 64 86 100 128 177 255 263 283 306 316 363 366 376 393 407 417 
Group07_45.txt
237 378 384 392 
Group07_46.txt
554 628 
Group07_48.txt
456 670 672 722 1076 
Group07_49.txt
1133 
Group08_01.txt
563 636 
Group08_02.txt
87 222 306 326 388 550 593 
Group08_03.txt
495 
Group08_04.txt
213 246 356 684 693 721 736 
Group08_06.txt
442 942 1006 
Group08_07.txt
146 182 
Group08_09.txt
503 
Group08_10.txt
662 735 
Group08_11.txt
339 416 661 703 
Group08_12.txt
483 630 647 
Group08_13.txt
499 602 1000 
Group08_15.txt
187 447 645 
Group08_16.txt
820 913 1249 1565 1587 1663 
Group08_17.txt
907 
Group08_19.txt
469 626 719 723 735 743 
Group08_20.txt
401 404 1019 1032 1044 1301 
Group08_21.txt
137 385 521 556 642 651 
Group08_22.txt
336 471 695 698 
Group08_23.txt
213 246 356 685 694 722 737 
Group08_25.txt
28 54 884 929 931 1207 1250 1257 1282 1324 
Group08_26.txt
92 
Group08_27.txt
248 419 
Group08_28.txt
260 277 326 491 508 
Group08_29.txt
55 119 124 475 990 1232 1244 1531 
Group08_30.txt
494 630 1403 
Group08_31.txt
181 229 774 
Group08_33.txt
257 
Group08_38.txt
199 248 
Group08_39.txt
222 459 
Group08_42.txt
238 253 286 
Group08_43.txt
158 446 463 
Group08_44.txt
163 
Group08_46.txt
229 
Group09_06.txt
240 
Group09_07.txt
335 572 945 
Group09_08.txt
462 
Group09_09.txt
476 478 489 509 519 574 587 692 728 896 
Group09_10.txt
670 824 847 
Group09_12.txt
278 284 292 349 
Group09_13.txt
200 
Group09_14.txt
816 
Group09_17.txt
473 711 
Group09_18.txt
436 510 544 638 
Group09_21.txt
643 791 884 
Group09_22.txt
64 408 447 585 651 
Group09_23.txt
632 
Group09_25.txt
162 389 400 405 
Group09_28.txt
203 500 508 
Group09_29.txt
268 411 451 548 
Group09_30.txt
85 126 517 530 
Group09_33.txt
392 
Group09_34.txt
109 557 
Group09_35.txt
455 
Group09_37.txt
641 979 988 1000 1007 
Group09_38.txt
550 587 
Group09_39.txt
281 
Group09_41.txt
557 
Group09_42.txt
225 309 
Group09_43.txt
301 329 346 385 439 458 544 575 
Group09_44.txt
97 112 
Group09_48.txt
157 198 312 350 400 495 520 699 750 
Group09_49.txt
507 659 790 936 
Group09_50.txt
435 437 
Group10_08.txt
172 
Group10_10.txt
605 
Group10_11.txt
150 303 387 451 480 1126 1132 
Group10_13.txt
141 178 182 234 333 353 368 550 579 680 689 
Group10_14.txt
331 395 
Group10_15.txt
107 113 122 363 431 554 
Group10_20.txt
299 394 
Group10_21.txt
342 383 649 659 753 767 794 829 849 923 
Group10_22.txt
334 
Group10_24.txt
708 
Group10_25.txt
103 398 528 737 867 
Group10_27.txt
979 
Group10_32.txt
182 270 299 583 622 
Group10_33.txt
238 257 359 426 459 472 474 971 
Group10_34.txt
102 540 
Group10_35.txt
633 690 1325 1676 1727 
Group10_36.txt
461 894 
Group10_39.txt
30 247 251 307 552 569 818 820 833 873 
Group10_43.txt
360 641 691 840 981 1107 
Group10_46.txt
380 
Group10_47.txt
573 710 754 
Group10_48.txt
146 161 196 348 372 434 687 
Group10_49.txt
59 165 555 559 593 621 633 
Group10_50.txt
254 279 
Group11-01.txt
684 816 
Group11-02.txt
987 999 1014 1027 1035 1059 1127 1148 1178 1202 1236 1253 1256 1265 
Group11-03.txt
31 139 150 367 416 422 430 437 535 725 
Group11-04.txt
3 19 168 330 337 360 402 598 610 663 721 828 877 
Group11-07.txt
456 554 603 
Group11-10.txt
218 489 
Group11-11.txt
123 
Group11-14.txt
388 1000 1023 
Group11-15.txt
279 344 395 448 566 636 644 669 755 779 830 861 937 944 951 987 1014 1100 1109 1126 1130 1143 1291 1332 1345 1385 1454 1468 1543 1581 1600 1709 1716 1795 1843 1955 2018 2027 2034 2037 2074 2095 2249 2257 2295 2313 2318 2329 2373 2432 2435 2446 2473 
Group11-16.txt
1718 
Group11-17.txt
469 
Group11-18.txt
508 514 
Group11-19.txt
140 146 187 310 344 441 465 472 499 514 516 580 
Group11-20.txt
79 149 165 359 386 388 416 518 549 551 595 647 654 706 716 840 853 859 870 926 1111 1120 1146 1160 1208 1212 1235 1275 1296 1368 
Group11-21.txt
31 106 121 152 160 357 378 414 423 583 684 686 747 758 774 781 881 
Group11-22.txt
427 723 941 946 
Group11-23.txt
98 176 250 256 276 289 302 357 438 453 494 499 623 656 663 690 720 
Group11-24.txt
21 28 164 247 268 284 517 638 644 743 803 814 834 866 908 913 961 963 970 1088 1124 1333 1451 1581 1588 1752 1772 1789 1798 1866 1981 2368 2384 2467 2471 2497 2501 
Group11-25.txt
6 40 64 96 185 189 249 304 591 
Group11-29.txt
327 
Group11-31.txt
174 207 243 288 338 344 380 397 413 416 441 478 492 
Group11-32.txt
342 718 
Group11-33.txt
306 308 470 479 554 718 758 868 1031 
Group11-37.txt
558 561 647 
Group11-38.txt
835 
Group11-41.txt
135 183 219 408 
Group11-42.txt
110 317 339 
Group11-43.txt
152 162 
Group11-44.txt
8 27 31 90 112 180 270 309 372 416 425 432 439 444 456 476 658 664 707 768 807 847 
Group11-45.txt
157 176 308 333 446 682 716 733 1093 
Group11-46.txt
11 47 56 70 73 88 91 124 130 144 168 171 191 202 214 227 254 272 274 282 289 297 336 347 364 370 380 385 392 400 406 421 424 430 435 447 456 483 485 492 511 575 599 618 636 735 743 748 765 774 779 793 800 810 816 819 831 895 943 1020 1064 1076 1121 1274 1301 1307 1311 1316 1324 1348 1356 1361 1370 1393 1403 1418 1420 1431 1436 1440 1475 1531 
Group11-47.txt
42 122 148 224 268 392 484 534 611 722 775 817 821 840 
Group11-48.txt
43 298 656 712 
Group11-49.txt
183 601 622 
Group11-50.txt
214 378 460 761 
Group12_01.txt
59 71 94 110 118 183 197 230 321 336 361 365 371 413 427 435 447 476 480 499 613 761 845 860 885 889 895 941 967 997 1076 1135 1382 1388 1415 1427 
Group12_02.txt
419 438 482 881 1325 1334 1837 1844 
Group12_04.txt
1014 1020 1264 1497 1511 1544 1582 1633 1716 2067 2255 2282 2504 
Group12_05.txt
49 144 164 179 336 353 367 428 664 680 
Group12_06.txt
723 1021 
Group12_07.txt
381 385 516 518 527 576 592 602 609 647 682 697 714 749 783 848 980 1010 1263 1276 1291 1301 1303 1313 
Group12_08.txt
229 238 290 554 
Group12_09.txt
68 70 77 82 85 93 754 819 1099 
Group12_10.txt
58 97 328 368 394 554 561 574 587 684 876 885 
Group12_11.txt
50 150 213 266 268 276 284 310 316 325 329 333 339 355 363 378 381 388 396 404 408 412 421 430 482 499 511 557 562 572 607 640 669 713 766 
Group12_12.txt
50 150 213 266 268 276 284 310 316 325 329 333 339 355 363 378 381 388 396 404 408 412 421 430 482 499 511 557 562 572 607 640 669 713 766 
Group12_13.txt
401 404 767 773 804 1099 1109 1156 1403 1474 1601 1666 1703 1976 2001 2017 
Group12_14.txt
24 49 75 81 92 141 161 268 282 319 321 328 349 355 458 521 576 603 651 660 682 725 753 760 812 817 823 828 834 849 921 971 994 
Group12_15.txt
774 
Group12_16.txt
75 155 292 312 488 506 
Group12_18.txt
205 210 216 364 432 454 
Group12_19.txt
36 107 155 195 209 285 628 639 798 800 862 896 934 998 1083 1085 1155 1175 1182 1192 1267 1269 1304 1325 1328 1357 1364 
Group12_20.txt
112 126 317 391 462 
Group12_21.txt
321 568 
Group12_22.txt
649 731 745 
Group12_23.txt
397 
Group12_25.txt
82 317 328 547 615 684 719 
Group12_26.txt
127 169 174 366 410 524 531 660 714 820 918 944 950 991 1002 1106 1108 1132 1147 1271 1290 1380 1454 
Group12_27.txt
46 204 422 430 439 
Group12_28.txt
575 577 
Group12_29.txt
18 36 43 50 71 221 291 329 336 363 365 375 415 419 473 507 526 591 603 618 
Group12_30.txt
0 23 45 168 176 182 203 209 224 238 243 332 355 365 381 518 559 
Group12_32.txt
59 214 253 474 
Group12_33.txt
91 379 
Group12_34.txt
174 446 
Group12_36.txt
215 428 443 
Group12_40.txt
578 612 
Group12_41.txt
46 127 165 289 304 364 377 521 542 544 816 
Group12_42.txt
1116 1336 1373 1380 1449 
Group12_43.txt
727 
Group12_46.txt
501 
Group12_47.txt
288 300 320 332 
Group12_48.txt
554 585 
Group12_49.txt
530 665 682 687 1116 1137 1181 1244 1313 1394 1461 1630 1738 1801 1851 1994 2194 2233 2294 2387 2435 2561 
Group12_50.txt
392 
Group13_01.txt
134 530 716 
Group13_02.txt
68 227 315 350 360 395 437 444 501 532 674 690 696 704 714 717 719 782 800 807 811 893 904 909 941 951 1122 1137 1145 1207 1239 1252 1289 1330 1349 1362 1399 1475 1494 1536 1668 1770 1774 1852 1869 1874 1890 1994 2032 2047 2054 2080 2090 2108 2120 2134 2137 2140 2152 2198 2224 2342 2388 2395 2402 
Group13_03.txt
628 636 672 
Group13_04.txt
20 50 192 221 408 482 648 667 1020 1027 
Group13_05.txt
1215 
Group13_06.txt
641 1042 
Group13_07.txt
75 134 229 334 464 478 496 536 572 600 
Group13_08.txt
306 347 904 
Group13_10.txt
413 
Group13_11.txt
336 396 528 
Group13_12.txt
326 395 539 563 
Group13_14.txt
580 
Group13_15.txt
642 
Group13_17.txt
246 
Group13_18.txt
18 215 328 599 629 
Group13_20.txt
658 
Group13_21.txt
78 94 132 142 219 246 327 347 418 447 486 513 551 759 763 776 791 826 912 939 952 964 979 1031 1037 1058 1078 1106 1128 1136 1278 1649 1708 2045 
Group13_22.txt
237 260 513 639 1277 1345 1365 1388 1515 1795 1857 1915 1981 2016 2715 2740 2767 2774 2784 2810 2892 2908 3008 3064 3639 3672 3739 3838 3873 3889 3953 3964 4073 4282 4294 4306 4379 4719 4744 4776 5007 5107 5198 5276 5335 5367 5408 5440 5481 5547 5593 5617 5656 5694 5792 5872 5914 5970 5984 6001 6003 6018 6159 6187 6195 6280 6298 6379 6412 6448 6541 6726 6751 6840 6874 6894 6904 6928 6945 6991 7010 7055 7111 7304 7388 7500 7559 7692 7710 7727 7787 7802 7824 7832 7838 7854 7858 7861 7866 7873 7886 7892 7906 7997 8006 8067 8089 8185 8200 8205 8221 8402 8442 8512 8524 8583 8607 8719 8829 8947 9020 9044 9415 9422 9735 9743 9782 9801 9900 9994 9997 9999 10040 10268 10278 10307 10312 10317 10319 10359 10370 10372 10391 10414 10416 10430 10477 10564 10569 10588 10630 10655 10661 10702 10717 10729 10774 10791 10842 10900 10988 11071 11136 11163 11192 11226 11309 11329 11601 11619 11631 11643 11763 11783 11805 11860 11929 12193 12216 12458 12836 12851 12856 12926 12928 12994 13013 13109 13155 13169 13233 13256 13285 13292 13300 13442 13450 13507 13629 13821 13851 13863 13891 13927 14019 14098 14100 14129 14165 14278 14290 14365 14379 14456 14604 14609 14715 14739 14836 14839 14846 14973 14999 15080 15093 15163 15212 15224 15399 15405 15428 15495 15503 15718 15733 15735 15748 15750 15802 15828 15839 15845 15959 15974 16090 16129 16135 16140 16149 16186 16349 16415 
Group13_23.txt
172 256 479 1435 1771 1955 1978 1997 2007 2199 2336 2410 2454 2697 2784 2795 2812 2870 2925 2935 3011 3016 3025 3027 3051 3067 3080 3218 
Group13_24.txt
260 292 314 318 378 1557 1716 1856 1867 2653 2712 2772 2791 3098 4289 4320 4689 4902 5016 5046 
Group13_25.txt
111 119 183 233 291 593 746 757 793 881 982 997 1003 1091 1104 1169 1180 1188 1209 1381 1413 1467 1489 1498 1523 1528 1708 2332 2405 2513 2517 
Group13_26.txt
551 944 1416 1551 1579 2170 2178 2188 2295 2546 2564 2584 2833 2935 3088 3285 3427 3646 3705 4284 4575 4596 4743 4978 5009 5140 5148 5216 5706 5725 5738 5957 6052 6054 6130 6157 6188 6476 6481 6664 6708 6756 6860 7247 7259 7291 7303 7307 7320 7338 7449 7953 8024 8125 8172 8256 8260 8277 8363 8378 8402 8488 8930 8972 9353 9424 9455 9486 9709 9711 9741 10048 10099 10161 10170 10184 10221 10309 
Group13_27.txt
5 130 491 1053 1105 1261 1321 1351 1751 1989 2412 2435 2480 2488 2568 2913 2948 2956 2973 3243 3286 3296 3305 
Group13_28.txt
123 176 298 300 320 334 442 456 460 469 1219 1254 1310 1322 1520 1583 1668 1802 1809 1877 1949 2019 2023 2105 2117 2146 2154 2916 2980 2998 3100 3102 3105 3118 3166 3172 3191 3200 3203 3208 3218 3228 3236 3240 3248 3312 3330 
Group13_29.txt
311 2429 2448 2485 3039 3049 3055 3325 3336 3343 3373 3380 3998 4046 4075 4103 4282 4285 4360 4402 4489 4521 5024 5045 5158 
Group13_30.txt
104 184 213 219 918 957 962 1250 1252 1509 1646 1658 1660 1691 1701 1716 1720 1830 1859 1886 1897 1920 1986 2021 2029 2036 2053 2056 2062 2089 2169 2237 2239 2246 2249 2262 2279 2296 2298 2308 2366 2368 2386 2437 2444 2465 2475 2760 2770 2787 2848 2981 3025 3048 3437 3448 3784 3799 3805 3813 3821 3825 3834 3839 3855 3860 3874 3880 3886 3972 4001 4007 4017 4031 4056 4065 4073 4078 4084 
Group13_31.txt
215 793 807 
Group13_32.txt
57 70 93 101 836 
Group13_34.txt
72 107 119 239 249 259 316 
Group13_37.txt
52 82 148 167 378 637 720 765 771 780 791 812 832 835 872 916 941 947 955 1075 1136 1601 1666 1672 
Group13_39.txt
708 
Group13_40.txt
161 386 398 478 747 769 
Group13_41.txt
262 315 325 382 395 410 527 556 580 632 1063 1161 1443 1566 
Group13_42.txt
641 1094 
Group13_43.txt
121 361 367 432 437 492 500 530 607 669 836 1100 1103 1177 1256 1292 1356 1366 1378 1381 1387 1605 1651 1664 1684 1692 
Group13_44.txt
462 627 1332 1402 1411 1426 1898 1974 2372 2377 2448 2452 
Group13_45.txt
220 438 479 505 538 542 573 622 1063 1206 1265 1392 1574 
Group13_46.txt
375 
Group13_47.txt
125 151 177 970 1706 
Group13_48.txt
1281 1353 1362 1377 1387 1452 1465 1479 1626 1639 1777 2019 2050 
Group13_49.txt
847 934 948 1070 1538 1614 2201 
Group13_50.txt
712 755 866 881 1322 1328 1375 
Group14_02.txt
170 202 252 268 278 524 
Group14_04.txt
34 57 109 180 184 195 236 253 278 381 452 
Group14_06.txt
302 365 416 457 535 
Group14_09.txt
234 273 391 
Group14_11.txt
42 51 62 243 
Group14_12.txt
50 113 122 145 148 337 
Group14_13.txt
267 
Group14_14.txt
305 
Group14_19.txt
626 
Group14_20.txt
254 320 454 913 
Group14_21.txt
2 19 157 169 175 185 228 239 253 261 296 315 410 463 465 493 542 562 633 
Group14_22.txt
214 324 569 575 
Group14_25.txt
543 603 
Group14_28.txt
755 
Group14_30.txt
301 592 702 749 790 
Group14_31.txt
489 837 888 896 
Group14_33.txt
52 626 673 
Group14_39.txt
284 
Group14_41.txt
47 54 
Group14_46.txt
443 482 
Group14_49.txt
126 363 
Group14_50.txt
53 320 
