Group01_04.txt
68 
Group01_05.txt
182 190 198 213 318 
Group01_07.txt
130 153 590 
Group01_15.txt
8 50 213 339 350 378 382 
Group01_19.txt
305 
Group01_24.txt
68 
Group01_30.txt
366 
Group01_39.txt
41 
Group01_44.txt
64 283 
Group01_45.txt
309 
Group02_09.txt
775 
Group02_43.txt
961 1472 1545 
Group02_50.txt
419 
Group03_02.txt
435 
Group03_06.txt
1155 1335 1550 1650 1706 2428 2441 2474 2516 2530 2537 
Group03_07.txt
902 1316 2156 
Group03_08.txt
304 
Group03_11.txt
446 
Group03_13.txt
649 1075 1324 
Group03_16.txt
88 
Group03_17.txt
21 87 148 207 231 235 238 259 273 281 343 367 504 613 692 
Group03_19.txt
882 
Group03_20.txt
434 508 538 578 580 755 778 
Group03_21.txt
49 123 169 182 201 215 348 371 391 548 661 770 800 810 826 840 1103 1107 1109 1136 1144 1385 1512 1693 1929 1936 1951 1957 1967 1997 2013 2021 2046 
Group03_22.txt
442 665 710 720 824 890 893 972 
Group03_23.txt
491 
Group03_24.txt
375 710 712 913 1484 
Group03_25.txt
102 154 183 347 359 372 403 404 410 498 
Group03_26.txt
57 111 125 402 420 897 1122 1133 1249 1456 
Group03_27.txt
18 118 159 217 247 462 490 510 513 590 673 685 733 743 952 962 1002 1215 1223 1229 1293 1294 1308 1319 1324 1355 1361 1365 1372 1487 1628 1643 1655 1672 1674 1697 1756 1773 1776 1778 1782 1788 1901 1912 
Group03_37.txt
36 210 
Group04_07.txt
366 
Group04_10.txt
786 
Group04_11.txt
339 
Group04_12.txt
329 392 399 402 454 
Group04_22.txt
565 
Group04_23.txt
16 75 90 100 124 248 582 
Group04_25.txt
380 
Group04_28.txt
640 
Group04_30.txt
637 
Group04_39.txt
31 859 
Group04_46.txt
343 374 512 1067 
Group05_14.txt
354 922 
Group05_20.txt
588 594 731 
Group05_23.txt
34 
Group05_28.txt
461 
Group05_32.txt
143 
Group05_37.txt
63 66 84 
Group05_45.txt
1205 1224 
Group06_04.txt
259 
Group06_07.txt
274 
Group06_16.txt
666 
Group06_21.txt
339 392 
Group06_22.txt
105 108 581 
Group06_23.txt
689 
Group06_30.txt
164 
Group06_50.txt
172 
Group07_01.txt
508 560 756 
Group07_02.txt
259 419 549 822 842 852 
Group07_03.txt
920 1084 1188 1934 1937 
Group07_05.txt
7 9 50 85 95 226 236 325 411 438 457 554 593 672 694 810 823 834 857 868 875 897 913 
Group07_06.txt
229 246 271 416 
Group07_07.txt
32 61 97 130 177 190 205 241 270 287 296 351 355 388 390 404 497 736 752 773 844 850 853 896 906 976 1045 1057 1105 1202 1221 1255 1320 1335 1349 1409 1424 
Group07_08.txt
231 299 337 341 379 428 517 
Group07_10.txt
179 205 216 233 317 626 633 639 
Group07_11.txt
5 31 64 75 79 91 118 121 125 252 255 313 363 380 391 394 415 423 643 
Group07_13.txt
224 
Group07_14.txt
29 47 354 516 527 
Group07_15.txt
7 28 36 53 213 361 
Group07_16.txt
55 191 322 339 347 
Group07_17.txt
7 54 78 182 198 206 280 422 
Group07_18.txt
591 652 673 678 696 735 1026 1042 1052 1059 1317 1357 
Group07_19.txt
704 713 873 
Group07_21.txt
32 207 234 269 297 434 507 588 597 603 672 698 706 749 769 893 
Group07_23.txt
377 
Group07_24.txt
112 150 253 324 352 432 627 636 929 936 1012 1022 1091 1110 1118 1146 1202 1365 1383 1400 1432 1539 1597 1602 1664 1702 1713 1775 1799 1847 1959 1988 2042 
Group07_26.txt
25 69 191 273 309 350 364 374 506 
Group07_28.txt
107 184 232 236 265 277 283 412 425 
Group07_29.txt
223 
Group07_30.txt
174 313 389 434 442 475 481 495 516 638 643 645 648 659 737 746 754 785 867 928 
Group07_31.txt
268 282 979 1281 1285 
Group07_32.txt
241 350 364 380 482 
Group07_33.txt
132 291 297 321 335 348 371 526 556 570 637 719 
Group07_34.txt
9 72 100 113 138 192 203 273 276 297 311 371 380 384 531 580 583 
Group07_35.txt
114 197 356 
Group07_36.txt
9 50 61 98 107 220 396 629 643 896 1014 1050 1093 1108 1152 1157 1164 1183 1267 1271 1275 1277 1303 1343 1383 1422 
Group07_37.txt
82 166 174 186 233 289 294 311 323 564 583 586 602 672 684 716 723 816 925 1020 1154 1240 1260 1332 1651 1668 1715 1770 1776 
Group07_38.txt
68 98 1873 1876 1906 
Group07_39.txt
81 112 122 165 232 255 267 275 289 441 451 526 536 
Group07_40.txt
184 275 323 344 365 501 596 654 660 666 676 679 685 700 
Group07_41.txt
52 146 206 358 429 443 526 595 603 633 
Group07_42.txt
27 34 153 156 251 292 361 560 641 
Group07_44.txt
10 61 81 103 130 217 257 301 318 343 483 490 498 523 534 631 742 809 824 
Group07_46.txt
126 219 224 236 747 
Group07_47.txt
6 44 49 101 159 228 326 340 372 404 410 415 449 494 564 601 
Group07_48.txt
50 122 129 211 228 350 899 
Group07_49.txt
1086 1399 
Group08_01.txt
438 
Group08_02.txt
147 243 318 373 378 
Group08_04.txt
373 
Group08_10.txt
537 
Group08_16.txt
132 
Group08_20.txt
285 293 300 
Group08_22.txt
835 851 
Group08_23.txt
373 
Group08_24.txt
893 
Group08_25.txt
197 1177 1344 
Group08_30.txt
280 305 
Group08_33.txt
244 
Group09_05.txt
1012 
Group09_10.txt
111 272 373 
Group09_12.txt
66 229 276 334 405 426 436 465 518 
Group09_29.txt
79 
Group09_37.txt
1052 
Group09_39.txt
106 112 127 131 
Group09_40.txt
494 555 
Group09_49.txt
930 
Group10_03.txt
432 523 
Group10_05.txt
7 13 38 93 104 112 119 122 136 143 212 300 511 522 533 583 592 619 630 645 681 777 834 843 851 878 936 
Group10_12.txt
396 415 450 466 469 483 504 567 576 579 610 636 643 677 685 710 727 730 738 745 
Group10_14.txt
333 
Group10_15.txt
416 
Group10_17.txt
629 
Group10_20.txt
28 38 124 133 137 425 469 508 591 632 
Group10_23.txt
317 
Group10_24.txt
194 
Group10_27.txt
537 551 908 
Group10_28.txt
1114 
Group10_34.txt
116 137 
Group10_38.txt
146 
Group10_40.txt
151 184 193 230 232 481 579 
Group10_43.txt
257 977 1030 
Group10_44.txt
629 
Group10_46.txt
34 54 58 103 223 332 598 
Group10_48.txt
276 
Group10_49.txt
483 
Group11-15.txt
1121 2186 
Group11-16.txt
23 83 89 92 107 111 114 121 162 199 214 224 279 315 331 347 368 373 405 465 652 676 688 724 734 743 751 765 828 873 953 997 1024 1081 1106 1158 1179 1342 1346 1376 1386 1395 1466 1482 1763 1778 1826 1941 1996 2014 2258 2307 2477 2537 2748 3011 3017 3047 3172 3177 3321 
Group11-17.txt
166 
Group11-18.txt
141 
Group11-19.txt
510 512 
Group11-21.txt
142 193 201 212 220 253 261 267 275 291 317 334 
Group11-24.txt
424 
Group11-26.txt
34 63 94 137 147 179 182 275 
Group11-30.txt
389 409 
Group11-31.txt
277 
Group11-33.txt
953 1030 
Group11-40.txt
13 19 
Group12_02.txt
1906 
Group12_03.txt
1360 1417 
Group12_04.txt
202 662 813 823 854 894 970 988 1931 2482 
Group12_06.txt
167 436 501 510 521 563 587 614 620 762 971 
Group12_08.txt
96 119 134 168 183 220 327 336 
Group12_09.txt
406 504 729 
Group12_10.txt
520 621 642 664 736 842 
Group12_11.txt
23 38 48 115 166 199 272 338 395 420 445 617 626 645 790 
Group12_12.txt
23 38 48 115 166 199 272 338 395 420 445 617 626 645 790 
Group12_13.txt
41 45 55 111 134 150 153 164 173 184 219 221 225 260 274 310 440 550 565 625 640 661 666 669 692 715 899 911 1031 1045 1163 1218 1236 1344 1501 1624 1628 1775 1781 1787 1803 1968 2071 
Group12_15.txt
725 
Group12_16.txt
16 21 34 47 60 80 123 175 178 180 208 250 281 294 314 316 324 332 358 366 379 383 397 438 445 486 
Group12_18.txt
13 27 59 95 111 114 137 158 191 224 261 346 371 380 456 
Group12_19.txt
226 319 422 846 860 
Group12_21.txt
71 76 192 311 362 391 573 633 641 649 718 725 
Group12_22.txt
189 200 207 
Group12_24.txt
685 
Group12_25.txt
353 436 
Group12_26.txt
324 326 556 
Group12_32.txt
11 46 95 110 132 162 189 
Group12_33.txt
83 227 318 365 
Group12_36.txt
0 33 56 87 107 119 146 165 199 226 329 379 392 395 413 423 458 
Group12_38.txt
11 15 28 33 47 63 114 137 147 162 200 208 214 263 282 323 355 397 415 429 436 485 528 551 605 615 640 650 
Group12_41.txt
124 129 162 167 345 361 366 527 539 759 786 
Group12_43.txt
352 430 
Group12_46.txt
182 197 278 
Group12_48.txt
52 162 302 325 334 343 406 418 423 454 462 501 
Group12_49.txt
76 189 196 236 239 258 324 652 935 939 1334 1346 1356 1516 1539 1547 1555 1559 1589 1774 1806 1939 2143 2327 2331 2335 2355 2359 2366 2659 2718 
Group13_01.txt
343 
Group13_02.txt
387 561 1291 1293 1318 1414 1418 1516 1538 1854 2357 
Group13_03.txt
224 
Group13_04.txt
778 
Group13_05.txt
310 326 480 500 520 556 607 731 810 1320 1376 1607 1663 1668 1676 1737 2146 2162 
Group13_06.txt
13 15 17 20 28 107 111 187 201 223 574 668 711 787 862 1200 1224 1256 1264 1281 1285 1322 1340 1857 1963 1983 2038 2117 2146 2153 2164 2234 2339 2449 2473 2767 2770 
Group13_11.txt
403 
Group13_17.txt
566 593 689 
Group13_21.txt
1417 1423 1568 2036 
Group13_22.txt
1159 1171 1238 3254 4113 5283 7239 7245 7261 8092 10649 10657 10704 11682 11932 11947 11951 11981 12014 12074 12250 12273 12308 12352 12363 13572 13811 14192 14337 14358 14364 14406 14651 14683 14689 14691 14845 14848 14853 
Group13_23.txt
150 177 1245 1250 1425 1755 2052 2193 2439 2443 2452 2866 3184 3606 3758 3784 
Group13_24.txt
18 33 104 156 643 866 897 975 986 1020 1028 1047 1151 1372 1422 1986 2018 2131 2148 2184 2211 2218 2252 2261 2308 2352 2367 2398 2483 2495 2725 2728 2839 2860 2866 3038 3089 3100 3114 3521 3549 3615 3623 3638 3732 3735 3766 3785 3789 3828 3856 3868 3873 3877 3885 4042 4079 4084 4191 4292 4299 4328 4399 4405 4512 4599 4667 4682 4687 4696 4711 4718 4981 4986 4990 5071 5135 5194 5275 5406 5461 5465 5469 5480 5485 5487 5504 5507 5549 5589 5609 5615 
Group13_25.txt
123 130 146 157 247 323 394 430 434 438 446 542 993 999 1021 1031 1038 1069 1099 1109 1111 1114 1136 1190 1211 1356 1401 1415 1423 1545 1564 1575 1624 1659 1710 1739 1770 1849 1859 1885 1893 2351 2515 2522 2524 2527 2537 
Group13_26.txt
3569 4934 4936 4944 4961 5087 5099 5109 5123 5234 5252 5258 5270 5765 6620 6636 6731 
Group13_28.txt
146 151 161 174 180 208 210 231 323 336 354 406 418 436 492 874 884 890 895 1196 1203 1211 1216 1224 1232 1243 1264 1270 1296 1312 1324 1328 1343 1425 1585 1764 1774 1790 1805 1819 1826 1917 2041 2111 2114 2159 2185 2201 2209 2215 2233 2249 2658 2668 2708 3050 3109 
Group13_30.txt
822 847 871 1343 3003 3011 3074 3106 3374 3723 3731 
Group13_32.txt
47 165 552 603 623 768 782 804 854 881 1121 1131 
Group13_33.txt
524 1463 1771 1800 1825 1828 
Group13_35.txt
309 932 1013 1133 1259 1382 
Group13_36.txt
857 915 1015 
Group13_38.txt
15 73 106 116 157 265 268 271 322 582 693 694 699 759 862 1095 1155 1162 1171 1236 1424 1439 1499 1501 1503 
Group13_39.txt
10 141 184 190 195 204 215 226 233 258 262 274 299 325 339 344 352 358 364 443 470 541 550 560 563 600 607 611 631 814 838 866 871 912 988 998 1002 1006 1009 1014 1072 1094 1186 1226 1271 1289 1355 1362 1368 1390 1406 1435 1443 1451 1455 1477 1479 1513 1536 1561 1641 1691 1711 1716 1724 1726 1752 1772 1789 1812 1824 1963 1966 2016 2055 2058 2070 2169 2172 2176 2179 2203 2220 2224 2258 2263 
Group13_41.txt
1066 
Group13_42.txt
307 314 1314 
Group13_43.txt
528 532 571 575 586 671 674 685 715 734 829 833 855 897 954 975 991 1020 1031 1050 1258 1554 1559 1564 
Group13_44.txt
101 107 114 120 135 150 529 1334 1339 1343 1350 1360 1377 1410 1480 1502 1670 1914 1930 2151 2155 2202 2212 2215 2286 2343 2365 2418 2504 2827 2953 2959 3037 3054 3062 3074 
Group13_45.txt
202 494 838 933 953 983 1046 1072 1120 1204 1209 1218 1357 1363 1406 
Group13_46.txt
1509 1516 1571 1584 1876 1901 1911 2377 2403 2420 
Group13_48.txt
153 
Group13_49.txt
1008 1011 1024 1045 1237 1861 1866 1923 1928 
Group14_03.txt
429 
Group14_05.txt
246 521 
Group14_12.txt
536 544 
Group14_16.txt
127 342 
Group14_18.txt
62 
Group14_23.txt
192 291 
Group14_25.txt
28 57 343 378 
Group14_26.txt
553 556 719 756 772 798 826 840 896 
Group14_28.txt
265 
Group14_29.txt
217 
Group14_33.txt
672 
Group14_35.txt
172 206 469 475 632 
Group14_36.txt
111 
Group14_44.txt
300 
Group14_46.txt
252 256 269 417 
