Group01_29.txt
770 
Group01_41.txt
8 
Group02_30.txt
178 245 3230 3634 
Group02_35.txt
118 
Group02_43.txt
1270 1330 
Group03_05.txt
577 
Group03_07.txt
572 688 730 1098 1424 1711 1751 1849 2324 2379 2449 2566 2579 
Group03_14.txt
623 756 
Group03_16.txt
267 
Group03_18.txt
95 374 727 939 1084 
Group03_19.txt
592 823 
Group03_20.txt
107 213 573 
Group03_22.txt
153 918 
Group03_23.txt
191 
Group03_25.txt
557 584 
Group03_26.txt
545 658 1143 
Group03_27.txt
1201 1235 1239 
Group03_28.txt
199 276 372 374 394 963 
Group03_29.txt
917 
Group03_31.txt
2293 2511 
Group03_35.txt
972 1007 1019 1201 1247 
Group03_38.txt
578 
Group03_42.txt
910 
Group03_49.txt
40 414 486 555 566 
Group03_50.txt
1187 
Group04_07.txt
129 133 270 282 717 907 973 976 983 1055 
Group04_12.txt
593 667 
Group04_21.txt
389 
Group04_22.txt
562 
Group04_24.txt
199 473 
Group04_25.txt
118 133 167 687 
Group04_27.txt
395 531 543 
Group04_39.txt
35 150 
Group04_41.txt
27 31 48 65 856 
Group05_02.txt
472 
Group05_04.txt
251 315 400 451 717 838 929 1075 
Group05_11.txt
343 551 
Group05_20.txt
68 
Group05_21.txt
40 
Group05_22.txt
26 
Group05_38.txt
362 
Group05_43.txt
473 
Group05_44.txt
265 
Group06_04.txt
193 
Group06_17.txt
651 
Group06_23.txt
136 282 
Group06_31.txt
651 
Group07_02.txt
173 519 825 
Group07_03.txt
359 612 823 1457 1714 1729 1745 1749 1774 2800 
Group07_08.txt
426 
Group07_09.txt
344 465 469 527 568 662 
Group07_13.txt
200 220 366 387 587 
Group07_18.txt
931 936 949 987 
Group07_20.txt
80 282 
Group07_22.txt
98 105 438 480 498 
Group07_23.txt
134 398 
Group07_29.txt
186 
Group07_30.txt
65 
Group07_31.txt
547 657 726 1092 1467 1859 1893 1917 
Group07_34.txt
464 
Group07_35.txt
272 342 
Group07_37.txt
1337 1419 
Group07_38.txt
256 264 273 389 947 1238 1287 1299 1341 1480 1827 
Group07_40.txt
270 
Group07_41.txt
264 
Group07_43.txt
350 402 
Group07_45.txt
245 
Group07_46.txt
425 
Group07_49.txt
413 1734 
Group08_06.txt
996 
Group08_07.txt
433 
Group08_13.txt
497 1084 
Group08_19.txt
254 
Group08_22.txt
409 430 611 
Group08_25.txt
1242 1342 
Group08_26.txt
113 
Group08_28.txt
675 
Group08_31.txt
965 
Group08_32.txt
67 
Group08_42.txt
332 
Group09_08.txt
289 
Group09_09.txt
874 
Group09_37.txt
632 1157 
Group09_43.txt
525 
Group10_13.txt
611 
Group10_20.txt
351 
Group10_21.txt
287 790 865 872 880 
Group10_22.txt
26 42 57 430 
Group10_23.txt
680 
Group10_34.txt
22 224 413 516 549 
Group10_43.txt
92 
Group10_46.txt
404 
Group10_48.txt
206 
Group10_49.txt
611 617 631 654 
Group10_50.txt
464 
Group11-02.txt
891 
Group11-03.txt
121 359 547 
Group11-10.txt
52 83 
Group11-14.txt
368 386 
Group11-15.txt
475 1506 1706 2327 2407 2483 
Group11-17.txt
449 465 
Group11-20.txt
112 270 506 
Group11-22.txt
650 721 904 
Group11-23.txt
157 
Group11-24.txt
705 800 841 1082 1611 1667 1761 1813 1833 2125 
Group11-25.txt
17 168 183 229 381 488 
Group11-31.txt
109 117 274 337 
Group11-33.txt
519 755 767 
Group11-41.txt
147 
Group11-44.txt
167 353 828 
Group11-45.txt
404 726 1018 
Group11-46.txt
80 142 198 308 316 329 505 554 556 647 660 719 727 1416 
Group11-47.txt
223 254 809 
Group11-49.txt
238 315 
Group11-50.txt
753 
Group12_01.txt
236 384 459 908 1018 1100 1245 1331 1344 1423 
Group12_04.txt
2040 2099 2451 
Group12_05.txt
153 232 382 
Group12_06.txt
552 
Group12_07.txt
513 834 
Group12_08.txt
14 44 56 107 128 250 408 413 
Group12_09.txt
592 610 
Group12_10.txt
892 
Group12_11.txt
587 760 775 
Group12_12.txt
587 760 775 
Group12_13.txt
779 824 1692 1731 1991 
Group12_14.txt
135 147 240 301 312 433 451 454 457 542 597 600 647 657 676 746 749 810 847 
Group12_18.txt
155 395 
Group12_19.txt
44 134 219 1095 1278 1321 
Group12_20.txt
190 
Group12_21.txt
22 74 190 309 395 464 
Group12_25.txt
12 565 
Group12_26.txt
1306 1378 
Group12_29.txt
493 519 
Group12_30.txt
158 174 240 
Group12_32.txt
310 
Group12_33.txt
68 86 190 194 323 417 421 
Group12_36.txt
368 
Group12_41.txt
8 316 321 396 
Group12_42.txt
1103 1153 1306 
Group12_48.txt
540 
Group12_49.txt
1113 
Group13_01.txt
87 346 
Group13_02.txt
26 107 113 233 280 411 428 1051 1864 1886 1959 2159 2378 
Group13_04.txt
171 402 931 
Group13_06.txt
1041 
Group13_07.txt
503 
Group13_08.txt
173 287 304 
Group13_21.txt
193 698 700 784 969 1004 1127 1289 1318 1900 
Group13_22.txt
1405 1800 2528 2589 3007 3911 4220 4561 4846 5220 5238 5246 5377 5401 5434 5493 5577 5859 5882 5911 6008 6213 6345 6911 7275 7373 7445 7666 7732 8465 8760 9701 9713 9768 9910 9971 10009 10442 10493 10501 10894 11108 11111 11187 11299 11672 11685 11736 11882 12140 12408 12508 12744 13037 13250 13391 13418 13465 14516 15289 15648 15699 15747 15765 15795 15905 16005 16101 16494 16577 
Group13_23.txt
954 1424 2184 2345 2407 2710 3266 3283 3411 3594 
Group13_24.txt
602 1097 1105 2636 2704 2789 3258 3460 5568 
Group13_25.txt
25 536 1010 1056 1123 1134 1380 1903 
Group13_26.txt
4694 4707 6454 6698 7798 8222 9726 10079 
Group13_27.txt
1796 2194 
Group13_28.txt
155 246 1306 1528 1876 2137 2189 3096 3377 
Group13_29.txt
651 4557 5064 
Group13_30.txt
148 1952 1980 2043 2076 2087 2276 2281 2435 2463 2487 2777 4064 4101 
Group13_31.txt
685 
Group13_32.txt
119 
Group13_37.txt
422 1399 
Group13_39.txt
530 1768 
Group13_40.txt
98 364 382 445 
Group13_41.txt
214 613 
Group13_42.txt
139 
Group13_43.txt
187 356 606 1279 1289 1319 1851 
Group13_44.txt
2434 2464 
Group13_45.txt
533 
Group13_47.txt
169 189 
Group13_48.txt
1039 1520 
Group13_49.txt
973 1590 1813 
Group14_04.txt
316 
Group14_06.txt
264 
Group14_08.txt
101 
Group14_21.txt
47 76 
Group14_36.txt
274 
Group14_37.txt
598 
Group14_41.txt
861 
Group14_42.txt
708 
Group14_46.txt
479 
