Group01_01.txt
495 
Group01_02.txt
230 306 
Group01_03.txt
6 
Group01_07.txt
475 490 534 
Group01_08.txt
1115 
Group01_16.txt
9 36 149 210 
Group01_17.txt
166 
Group01_26.txt
280 
Group01_28.txt
403 
Group01_31.txt
299 348 
Group01_33.txt
217 
Group01_35.txt
640 
Group01_41.txt
11 158 331 409 456 528 
Group01_42.txt
153 386 
Group01_49.txt
133 311 
Group01_50.txt
365 418 
Group02_02.txt
692 
Group02_09.txt
618 627 
Group02_13.txt
743 
Group02_16.txt
467 
Group02_20.txt
987 
Group02_23.txt
816 
Group02_27.txt
293 300 305 
Group02_30.txt
31 40 73 98 110 150 165 189 203 225 368 460 465 795 
Group02_42.txt
475 
Group02_47.txt
331 1256 
Group02_49.txt
2131 
Group02_50.txt
417 
Group03_02.txt
344 664 
Group03_04.txt
429 1294 1312 1380 1826 
Group03_05.txt
455 600 609 
Group03_06.txt
796 971 999 1043 1072 2572 2661 
Group03_07.txt
97 277 599 716 789 1075 1103 1144 1154 1164 1173 1198 1309 1338 1543 1550 1568 1587 1619 1668 1794 1821 1826 1857 1964 2095 2326 2334 2382 2443 2487 2525 2643 2648 
Group03_09.txt
371 502 839 
Group03_10.txt
669 
Group03_11.txt
452 473 684 
Group03_14.txt
40 108 262 502 526 721 792 876 1241 
Group03_15.txt
322 376 418 480 533 
Group03_16.txt
256 
Group03_18.txt
42 58 163 356 422 440 553 593 603 628 667 712 717 803 892 1101 1119 
Group03_19.txt
197 201 227 234 266 276 294 326 471 482 530 605 717 
Group03_20.txt
353 651 803 813 
Group03_21.txt
298 326 939 
Group03_22.txt
45 111 137 186 210 213 242 
Group03_23.txt
349 356 364 
Group03_24.txt
16 608 
Group03_25.txt
468 627 728 778 
Group03_26.txt
66 474 615 783 790 1078 1202 1219 1273 
Group03_27.txt
1197 
Group03_28.txt
4 64 187 193 223 245 389 434 438 442 488 492 515 572 612 671 680 695 778 868 886 983 
Group03_29.txt
912 975 1001 1009 1730 
Group03_30.txt
1313 
Group03_31.txt
307 971 2289 2519 
Group03_34.txt
224 1601 2244 
Group03_35.txt
947 1012 1022 1238 1267 
Group03_36.txt
1247 1278 1313 1455 
Group03_37.txt
1736 
Group03_38.txt
29 347 517 589 773 
Group03_42.txt
905 968 994 1002 
Group03_44.txt
29 263 332 761 871 
Group03_45.txt
204 412 499 
Group03_46.txt
88 305 421 449 
Group03_47.txt
349 580 720 730 
Group03_48.txt
571 583 
Group03_49.txt
31 69 431 453 479 
Group03_50.txt
348 775 1261 
Group04_03.txt
191 199 
Group04_04.txt
265 414 
Group04_05.txt
396 
Group04_06.txt
116 247 256 386 897 916 924 929 
Group04_07.txt
141 186 237 241 266 373 396 433 447 463 525 657 702 776 1221 
Group04_08.txt
359 
Group04_09.txt
174 602 
Group04_10.txt
76 182 473 514 736 885 
Group04_11.txt
138 350 359 
Group04_12.txt
59 203 362 546 557 583 596 652 
Group04_13.txt
30 472 
Group04_14.txt
3 39 316 
Group04_15.txt
148 520 552 
Group04_17.txt
315 1166 
Group04_18.txt
125 
Group04_20.txt
79 
Group04_21.txt
45 78 84 144 158 219 432 778 789 830 937 991 
Group04_22.txt
171 573 577 
Group04_24.txt
87 136 149 350 355 366 421 429 510 615 633 708 
Group04_25.txt
21 48 60 103 148 162 217 271 365 371 452 468 518 571 592 640 645 677 711 
Group04_27.txt
45 79 221 227 246 392 460 615 
Group04_34.txt
787 
Group04_37.txt
166 
Group04_39.txt
14 63 78 119 161 200 203 208 212 224 316 328 389 393 397 567 577 587 649 663 768 783 903 912 
Group04_41.txt
61 491 571 721 751 756 849 852 
Group04_44.txt
269 
Group04_46.txt
442 611 
Group05_01.txt
53 181 
Group05_02.txt
62 158 166 239 1211 1234 
Group05_04.txt
9 66 97 109 190 207 224 288 335 408 436 460 466 754 827 994 1034 
Group05_05.txt
54 215 220 240 459 469 
Group05_06.txt
96 
Group05_07.txt
177 
Group05_11.txt
34 311 496 505 514 546 556 
Group05_12.txt
125 
Group05_13.txt
161 452 1005 1079 1243 
Group05_16.txt
512 
Group05_17.txt
23 30 
Group05_20.txt
32 712 800 1075 1089 1102 
Group05_21.txt
31 120 512 515 526 550 883 
Group05_22.txt
118 143 298 407 424 
Group05_26.txt
273 450 767 854 
Group05_27.txt
1269 1447 
Group05_29.txt
276 
Group05_33.txt
29 142 
Group05_35.txt
29 140 195 274 
Group05_38.txt
365 
Group05_41.txt
226 249 259 263 267 366 
Group05_44.txt
272 340 473 528 586 926 935 972 
Group05_45.txt
84 142 
Group05_46.txt
377 
Group06_04.txt
27 82 131 136 165 281 293 640 
Group06_05.txt
605 
Group06_07.txt
309 
Group06_09.txt
428 614 
Group06_10.txt
200 430 
Group06_12.txt
268 
Group06_14.txt
358 
Group06_15.txt
463 
Group06_16.txt
702 957 1135 
Group06_17.txt
472 
Group06_18.txt
252 350 
Group06_20.txt
420 530 
Group06_21.txt
93 452 
Group06_23.txt
381 728 833 
Group06_24.txt
147 
Group06_26.txt
214 568 644 
Group06_29.txt
466 513 
Group06_31.txt
472 
Group06_33.txt
228 
Group06_35.txt
158 
Group07_02.txt
433 578 
Group07_03.txt
8 19 196 250 256 293 343 351 574 578 634 664 706 726 746 755 765 793 1054 1072 1221 1250 1266 1273 1319 1332 1368 1438 1448 1567 1576 1646 1959 1968 1975 1978 2086 2090 2127 2224 2273 2347 2391 2428 2491 2627 
Group07_09.txt
29 73 239 608 670 
Group07_12.txt
138 217 230 239 370 938 1007 
Group07_13.txt
31 77 113 143 154 162 177 212 235 321 344 372 378 382 406 446 453 482 498 518 522 550 557 573 608 654 665 673 
Group07_14.txt
144 154 218 468 
Group07_17.txt
48 488 506 515 522 526 565 
Group07_18.txt
914 933 
Group07_19.txt
72 147 164 265 281 325 341 377 541 579 582 643 913 923 987 
Group07_20.txt
6 62 110 193 254 258 274 
Group07_22.txt
82 121 142 251 434 468 473 491 624 629 655 689 824 
Group07_23.txt
254 267 355 523 
Group07_29.txt
66 123 257 292 316 323 368 442 491 
Group07_30.txt
84 144 236 674 698 710 978 
Group07_31.txt
341 533 664 912 947 1845 1965 
Group07_32.txt
491 
Group07_33.txt
105 135 211 367 
Group07_35.txt
201 207 277 337 
Group07_37.txt
1381 1397 1428 1763 
Group07_38.txt
266 269 291 299 358 379 397 844 1333 1401 1406 1484 
Group07_39.txt
334 337 389 
Group07_40.txt
572 615 636 639 642 
Group07_42.txt
456 
Group07_43.txt
78 249 266 299 340 381 423 498 
Group07_46.txt
418 
Group07_48.txt
348 897 
Group07_49.txt
456 460 2325 
Group07_50.txt
605 685 
Group08_01.txt
341 351 
Group08_02.txt
103 240 
Group08_03.txt
166 
Group08_04.txt
215 249 362 688 695 
Group08_06.txt
71 134 999 
Group08_07.txt
184 435 
Group08_09.txt
474 
Group08_10.txt
440 450 
Group08_12.txt
21 54 74 107 774 
Group08_13.txt
194 235 458 956 1086 1115 
Group08_15.txt
220 496 624 841 
Group08_19.txt
233 240 284 646 774 778 799 
Group08_20.txt
393 408 425 698 990 1021 1057 1318 1428 1470 1475 1484 
Group08_21.txt
387 476 481 
Group08_22.txt
50 97 147 176 180 209 238 242 281 288 490 494 548 583 607 629 644 665 716 811 
Group08_23.txt
215 249 362 689 696 
Group08_24.txt
816 
Group08_25.txt
1271 1320 1328 
Group08_26.txt
73 82 
Group08_28.txt
59 299 695 709 720 
Group08_29.txt
61 95 106 260 1001 1005 1018 1242 
Group08_31.txt
245 307 
Group08_32.txt
121 
Group08_33.txt
268 276 
Group08_38.txt
190 
Group08_39.txt
186 196 210 227 267 279 
Group08_42.txt
59 
Group08_43.txt
88 160 451 460 466 
Group08_47.txt
335 
Group09_04.txt
295 
Group09_05.txt
1010 
Group09_07.txt
322 
Group09_09.txt
336 610 746 778 855 912 940 962 
Group09_12.txt
254 
Group09_13.txt
164 191 274 370 401 
Group09_14.txt
345 684 837 
Group09_15.txt
421 
Group09_17.txt
199 
Group09_21.txt
801 895 
Group09_22.txt
42 328 
Group09_23.txt
156 
Group09_25.txt
225 
Group09_29.txt
75 
Group09_30.txt
430 
Group09_34.txt
173 351 469 
Group09_37.txt
562 849 
Group09_38.txt
552 
Group09_39.txt
710 
Group09_43.txt
275 354 412 589 
Group09_44.txt
196 
Group09_45.txt
287 
Group09_47.txt
401 
Group09_48.txt
286 368 
Group10_03.txt
235 
Group10_07.txt
461 
Group10_10.txt
15 
Group10_11.txt
410 497 841 851 1049 1115 
Group10_13.txt
119 143 317 348 356 358 372 531 553 584 593 620 
Group10_14.txt
78 306 334 381 383 390 392 
Group10_15.txt
157 409 525 
Group10_18.txt
104 171 296 449 
Group10_20.txt
243 336 344 
Group10_21.txt
270 298 392 424 647 654 736 761 815 927 
Group10_22.txt
84 234 262 312 328 339 439 590 595 806 
Group10_23.txt
60 148 
Group10_24.txt
80 
Group10_25.txt
88 122 222 1223 1283 
Group10_27.txt
498 1050 1054 
Group10_28.txt
1112 
Group10_32.txt
83 
Group10_33.txt
222 704 1641 
Group10_34.txt
15 240 434 511 523 531 551 
Group10_35.txt
638 1114 
Group10_39.txt
667 
Group10_43.txt
297 476 745 1065 1144 
Group10_46.txt
366 
Group10_47.txt
712 729 
Group10_48.txt
156 168 170 188 318 327 
Group10_49.txt
147 601 
Group10_50.txt
281 
Group11-02.txt
881 943 984 1037 1241 
Group11-03.txt
27 50 57 125 418 575 
Group11-04.txt
8 21 59 66 91 709 733 799 812 
Group11-09.txt
38 142 
Group11-11.txt
148 464 
Group11-15.txt
33 38 110 190 207 317 547 733 748 781 856 872 946 1017 1036 1113 1133 1195 1293 1311 1458 1536 1547 1658 1799 1845 1963 1982 1997 2288 2316 2320 2367 2428 2448 
Group11-16.txt
1721 
Group11-17.txt
238 431 456 460 481 
Group11-18.txt
202 521 
Group11-19.txt
458 
Group11-20.txt
30 81 95 129 311 352 370 447 493 560 728 902 910 1072 1087 1278 1313 1342 
Group11-21.txt
147 284 
Group11-22.txt
112 165 347 438 440 582 636 757 782 923 958 
Group11-23.txt
49 145 166 187 237 272 294 306 447 457 467 483 638 798 855 
Group11-24.txt
43 150 610 648 699 763 788 831 916 1002 1059 1092 1096 1111 1122 1310 1322 1366 1382 1423 1662 1669 1769 1784 2505 2530 
Group11-25.txt
19 82 155 264 385 404 572 
Group11-26.txt
343 
Group11-31.txt
28 73 131 167 195 205 220 257 280 375 408 468 555 574 
Group11-33.txt
375 388 413 454 486 501 721 777 
Group11-39.txt
172 
Group11-41.txt
126 207 342 403 
Group11-42.txt
114 181 386 494 
Group11-43.txt
195 328 357 
Group11-44.txt
834 839 
Group11-45.txt
162 331 579 1108 
Group11-46.txt
19 82 103 188 212 301 340 366 796 859 863 1018 1123 1176 1207 1350 1395 
Group11-47.txt
85 116 194 237 323 335 428 452 479 506 570 681 753 782 797 
Group11-48.txt
24 49 60 301 372 461 666 685 692 780 846 
Group11-49.txt
372 391 475 510 527 598 630 
Group11-50.txt
454 
Group12_01.txt
85 88 97 103 124 167 207 219 242 245 258 298 348 357 508 513 517 636 680 685 784 872 881 932 958 977 983 1010 1096 1188 1195 1206 1300 1319 1324 1335 1361 1451 1475 1511 
Group12_02.txt
854 889 927 1003 1329 
Group12_04.txt
69 1005 1008 1242 1268 1519 2076 
Group12_05.txt
361 503 
Group12_06.txt
726 1003 1158 
Group12_07.txt
362 472 566 644 810 823 1270 1309 1317 
Group12_08.txt
33 59 320 373 
Group12_09.txt
438 450 740 806 
Group12_10.txt
331 382 531 771 776 852 
Group12_11.txt
155 220 252 360 375 384 577 615 633 709 721 739 
Group12_12.txt
155 220 252 360 375 384 577 615 633 709 721 739 
Group12_13.txt
1565 1605 1614 1621 
Group12_14.txt
192 220 289 308 353 365 419 421 507 583 722 774 778 785 900 938 
Group12_15.txt
770 
Group12_18.txt
20 55 107 187 212 220 
Group12_19.txt
28 47 129 137 214 222 244 255 275 278 375 395 504 649 673 729 749 752 809 937 967 1056 1081 1090 1150 1169 1185 1284 1330 
Group12_20.txt
202 408 
Group12_21.txt
562 
Group12_22.txt
397 625 655 724 726 738 
Group12_24.txt
722 
Group12_25.txt
14 153 220 507 514 553 558 574 697 
Group12_26.txt
171 177 716 901 906 1017 1138 1215 
Group12_27.txt
171 419 436 443 
Group12_29.txt
131 227 248 253 333 348 357 447 521 
Group12_30.txt
63 150 241 385 457 521 
Group12_32.txt
53 211 
Group12_33.txt
13 21 79 129 154 208 273 297 435 
Group12_34.txt
353 
Group12_41.txt
216 337 388 851 
Group12_42.txt
701 704 1028 1114 1236 1316 1432 1436 
Group12_43.txt
820 
Group12_46.txt
336 616 
Group12_47.txt
65 71 107 159 330 
Group12_48.txt
574 600 639 
Group12_49.txt
516 520 528 635 2114 2186 2196 
Group12_50.txt
288 
Group13_01.txt
159 674 692 
Group13_02.txt
121 193 202 210 338 341 598 710 757 1041 1311 1692 2103 2114 2124 2146 2186 2385 
Group13_03.txt
564 
Group13_04.txt
331 414 915 
Group13_06.txt
1670 
Group13_07.txt
3 56 61 276 392 430 443 581 
Group13_08.txt
167 182 219 284 340 493 498 892 895 982 
Group13_10.txt
710 716 746 783 
Group13_15.txt
23 109 166 262 404 
Group13_16.txt
231 
Group13_17.txt
563 669 
Group13_18.txt
53 233 302 314 387 466 900 
Group13_21.txt
68 206 257 451 495 505 528 594 641 647 657 690 942 1041 1064 1087 1094 1097 1109 1114 1169 1285 1312 1359 1382 1390 1801 1852 1857 1884 1895 2068 
Group13_22.txt
35 250 282 294 539 623 642 1518 2544 2554 2573 2582 2611 2619 2651 2655 2677 2688 2712 2737 2771 2787 2901 2921 2987 3563 3751 3754 3853 3864 3879 3931 3947 4004 4019 4080 4189 4196 4203 4261 4276 4400 4418 4500 4657 4660 4667 4757 4771 4850 4864 4901 5136 5151 5209 5221 5224 5330 5645 5747 5752 5780 5885 5965 6237 6486 6723 6761 6772 6829 6952 7297 7672 7766 7850 7856 7923 7978 8057 8071 8182 8197 8218 8237 8250 8253 8265 8267 8344 8362 8408 8721 8746 8769 9032 9077 9091 9095 9151 9163 9279 9284 9393 9540 9665 9687 9709 9771 9775 9895 10002 10454 10457 10576 10607 10638 10643 10693 10698 10710 10725 10845 10872 10909 10916 10945 11056 11062 11081 11087 11127 11143 11154 11196 11202 11221 11249 11307 11380 11400 11633 11656 11662 11679 11710 11768 11801 11830 11848 11878 11891 11922 12065 12557 12567 12673 12679 12785 12808 12819 12848 13006 13015 13030 13048 13193 13203 13211 13235 13242 13254 13263 13274 13393 13399 13420 13426 13438 13486 13502 13554 13743 13761 13907 14082 14112 14143 14153 14462 14493 14964 15065 15068 15292 15345 15395 15642 15708 15761 15874 15900 15939 15951 16189 16346 16362 16408 16461 16567 16592 
Group13_23.txt
109 221 259 394 488 505 511 514 699 961 980 1363 1577 1604 1925 2000 2103 2108 2133 2222 2227 2269 2391 2413 2418 2433 2705 2886 2890 2905 2957 2996 3003 3090 3248 3268 3271 3370 3387 3585 
Group13_24.txt
762 1110 1551 1837 1858 3230 4185 4800 5573 
Group13_25.txt
11 58 178 217 230 239 588 912 1044 1193 1315 1778 
Group13_26.txt
557 2030 2040 2245 2251 2292 2533 2539 3083 3377 3681 3727 3845 3852 4248 4578 4992 5000 5137 5152 5157 5166 5182 5202 5209 5218 5673 5709 6018 6662 6673 6678 6687 7340 7433 7456 8170 8265 8275 8361 8387 8926 9000 9355 9738 10012 10022 10270 
Group13_27.txt
34 75 477 487 637 1818 2049 2179 2473 2953 2963 2984 3006 3015 
Group13_28.txt
184 213 251 272 327 516 1207 1267 1512 1522 1746 1823 1870 2045 2757 3128 3225 3263 
Group13_29.txt
303 320 653 705 3062 4201 5053 
Group13_30.txt
88 154 231 1239 1676 1732 1835 1856 1901 1997 2000 2050 2064 2082 2096 2233 2301 2375 2379 2388 2421 2446 2452 2764 2789 3201 3831 3852 3980 4053 
Group13_31.txt
217 687 738 810 
Group13_34.txt
16 22 89 126 133 158 241 282 301 303 321 329 
Group13_36.txt
69 
Group13_37.txt
39 125 154 403 669 677 727 788 815 853 933 1091 1109 1126 1432 1439 1491 1606 1610 
Group13_39.txt
466 477 701 1199 1230 1337 1340 
Group13_40.txt
92 120 391 474 499 561 680 688 703 713 723 860 877 
Group13_41.txt
95 180 268 424 497 595 602 711 875 992 995 1412 1571 
Group13_42.txt
135 141 
Group13_43.txt
66 160 387 396 439 481 495 596 659 665 1014 1155 1183 1251 1343 1375 1610 1613 1642 1658 
Group13_44.txt
459 624 1424 1531 1849 
Group13_45.txt
151 165 240 336 389 473 544 681 702 823 916 1036 1171 1181 1310 1409 1642 1655 
Group13_46.txt
84 102 133 153 235 287 294 338 342 353 357 777 792 811 
Group13_47.txt
166 183 218 223 1696 1750 
Group13_48.txt
135 147 1035 1350 1370 1555 1655 1690 1729 1744 1757 1772 1786 1792 1799 1801 1805 1807 1862 1889 1997 
Group13_49.txt
685 783 956 964 980 999 1072 1087 1351 1501 1603 1803 1822 2030 2067 2071 2075 2198 
Group13_50.txt
382 763 869 966 973 1316 
Group14_01.txt
17 107 117 131 148 164 197 225 270 280 
Group14_02.txt
237 261 402 410 
Group14_04.txt
31 187 234 243 247 266 334 
Group14_06.txt
306 378 395 
Group14_08.txt
93 
Group14_09.txt
197 276 343 
Group14_11.txt
38 49 54 443 
Group14_12.txt
143 152 465 505 511 
Group14_13.txt
247 
Group14_14.txt
337 
Group14_15.txt
361 
Group14_17.txt
392 401 446 
Group14_18.txt
64 377 
Group14_19.txt
556 609 
Group14_20.txt
183 277 322 496 616 737 
Group14_21.txt
24 377 454 472 
Group14_22.txt
219 
Group14_24.txt
236 
Group14_25.txt
87 370 442 465 502 507 516 
Group14_27.txt
631 
Group14_30.txt
176 279 366 563 
Group14_31.txt
9 175 278 463 630 
Group14_33.txt
153 166 265 
Group14_38.txt
855 
Group14_41.txt
50 78 856 
Group14_42.txt
234 925 
Group14_44.txt
316 
Group14_46.txt
433 
Group14_49.txt
370 
Group14_50.txt
347 
