Group04_01.txt
112 
Group05_08.txt
27 89 106 361 370 
Group05_13.txt
1123 
Group05_19.txt
119 336 575 784 
Group05_36.txt
23 51 
Group06_22.txt
221 315 407 431 441 461 522 534 587 633 640 
Group07_09.txt
402 
Group08_16.txt
5 14 40 956 1006 1125 1150 1184 1270 1540 
Group10_16.txt
868 
Group10_24.txt
104 427 461 519 645 1016 
Group11-20.txt
736 793 801 811 
Group11-32.txt
13 569 607 698 
Group12_13.txt
1341 
Group12_14.txt
933 
Group13_21.txt
1421 
Group13_22.txt
1934 
Group13_26.txt
2741 3230 4019 4033 
Group13_29.txt
2342 2392 2412 3256 
