Group01_01.txt
254 
Group01_05.txt
10 
Group01_06.txt
878 
Group01_07.txt
175 527 
Group01_08.txt
320 829 
Group01_11.txt
503 
Group01_12.txt
4 
Group01_14.txt
93 
Group01_15.txt
31 353 
Group01_17.txt
95 
Group01_18.txt
15 
Group01_19.txt
205 444 479 
Group01_20.txt
184 221 
Group01_26.txt
205 702 
Group01_30.txt
741 
Group01_31.txt
210 
Group01_32.txt
42 224 812 
Group01_40.txt
649 
Group01_45.txt
0 188 
Group01_47.txt
142 
Group01_49.txt
4 43 172 
Group01_50.txt
246 286 
Group02_01.txt
312 
Group02_02.txt
29 876 
Group02_03.txt
582 663 
Group02_04.txt
73 139 785 
Group02_05.txt
0 62 96 
Group02_06.txt
0 616 
Group02_07.txt
734 
Group02_09.txt
431 
Group02_10.txt
528 
Group02_12.txt
852 959 965 977 
Group02_13.txt
230 659 
Group02_14.txt
0 
Group02_15.txt
203 329 
Group02_16.txt
2 323 604 
Group02_18.txt
194 258 461 489 876 1130 1374 1390 1669 2014 2528 2756 
Group02_19.txt
0 7 86 364 370 1527 1588 1639 
Group02_20.txt
0 131 1561 2609 
Group02_21.txt
472 499 534 576 701 1288 1421 2067 2075 2121 2154 2356 2457 2888 
Group02_22.txt
614 913 928 990 1017 1021 1053 1702 1725 1739 2868 2891 2898 2907 3064 3078 3092 3229 3238 3393 3506 
Group02_23.txt
1629 
Group02_24.txt
1119 
Group02_25.txt
13 27 187 484 709 1180 
Group02_27.txt
490 997 
Group02_28.txt
25 
Group02_29.txt
1286 1294 
Group02_30.txt
3055 3112 3735 4277 
Group02_31.txt
46 99 355 841 1228 1267 1299 1386 1608 2964 
Group02_32.txt
266 667 716 1013 1722 1765 2675 2707 
Group02_33.txt
580 1771 2228 3345 
Group02_34.txt
1253 1430 
Group02_35.txt
22 
Group02_37.txt
178 668 1041 1504 1525 
Group02_38.txt
35 43 200 307 368 1323 1327 2125 2438 2677 3287 3511 3550 
Group02_39.txt
488 871 1092 1152 1531 1741 
Group02_40.txt
224 1445 1630 1662 2026 
Group02_41.txt
803 1660 
Group02_43.txt
31 757 858 896 919 941 955 1042 1097 1102 1202 1430 1506 1657 
Group02_44.txt
81 859 
Group02_45.txt
147 740 1489 1796 1912 
Group02_46.txt
1081 1380 2149 
Group02_47.txt
100 441 918 
Group02_48.txt
926 
Group02_49.txt
4036 
Group02_50.txt
261 362 572 904 992 1109 1139 1360 1421 1675 2048 
Group03_01.txt
240 
Group03_03.txt
661 
Group03_04.txt
323 499 541 1209 1575 1755 1762 1991 
Group03_05.txt
585 590 777 915 
Group03_06.txt
0 299 405 883 950 1899 2515 
Group03_07.txt
5 
Group03_08.txt
317 326 555 822 866 
Group03_09.txt
82 121 327 511 770 
Group03_10.txt
288 348 546 988 1002 1007 
Group03_11.txt
419 443 929 
Group03_12.txt
778 
Group03_13.txt
46 155 677 
Group03_14.txt
261 
Group03_17.txt
37 122 200 210 264 653 689 
Group03_19.txt
519 
Group03_21.txt
152 311 
Group03_22.txt
993 1063 
Group03_23.txt
664 
Group03_24.txt
100 107 271 497 569 577 689 1016 1139 1147 1912 1919 
Group03_25.txt
355 
Group03_26.txt
92 1610 
Group03_27.txt
1115 1618 
Group03_29.txt
858 958 1137 1668 1820 2099 
Group03_30.txt
25 1384 1443 
Group03_31.txt
1805 2674 
Group03_34.txt
71 334 421 427 432 449 827 1316 1510 1790 2797 2847 2850 2853 2857 2863 
Group03_35.txt
157 590 1065 1098 
Group03_36.txt
156 1088 
Group03_37.txt
0 638 852 1311 
Group03_38.txt
317 
Group03_41.txt
245 294 318 
Group03_42.txt
848 951 1134 1694 
Group03_43.txt
219 678 
Group03_44.txt
115 1155 
Group03_45.txt
335 
Group03_46.txt
441 
Group03_47.txt
54 523 702 908 
Group03_48.txt
148 155 246 255 404 
Group03_50.txt
392 562 
Group04_01.txt
934 
Group04_02.txt
460 
Group04_03.txt
233 460 477 
Group04_06.txt
3 270 624 
Group04_07.txt
384 
Group04_08.txt
296 466 482 628 
Group04_09.txt
389 
Group04_10.txt
570 581 1049 
Group04_13.txt
189 462 
Group04_16.txt
424 
Group04_17.txt
91 
Group04_19.txt
358 
Group04_21.txt
619 
Group04_23.txt
119 408 
Group04_24.txt
135 
Group04_26.txt
701 
Group04_27.txt
87 383 595 631 649 709 776 803 
Group04_30.txt
198 369 475 
Group04_31.txt
242 
Group04_32.txt
801 
Group04_33.txt
164 
Group04_34.txt
470 680 
Group04_35.txt
291 546 558 
Group04_36.txt
15 640 
Group04_38.txt
397 470 474 480 
Group04_39.txt
0 705 824 
Group04_40.txt
0 548 
Group04_41.txt
23 429 
Group04_42.txt
29 432 448 
Group04_43.txt
136 
Group04_44.txt
115 
Group04_46.txt
153 
Group05_01.txt
190 
Group05_02.txt
348 533 756 1230 
Group05_06.txt
146 825 995 
Group05_08.txt
103 117 
Group05_09.txt
5 537 
Group05_10.txt
544 
Group05_12.txt
11 124 
Group05_13.txt
58 254 
Group05_14.txt
78 363 380 
Group05_17.txt
34 63 158 409 960 
Group05_19.txt
533 646 
Group05_20.txt
232 953 959 
Group05_23.txt
613 656 718 
Group05_24.txt
30 253 543 569 
Group05_25.txt
14 107 306 624 773 
Group05_26.txt
165 697 
Group05_27.txt
426 
Group05_29.txt
0 
Group05_31.txt
94 115 235 
Group05_32.txt
532 776 
Group05_34.txt
255 
Group05_35.txt
13 
Group05_41.txt
90 294 
Group05_43.txt
0 
Group05_45.txt
0 19 252 1166 1221 
Group05_47.txt
14 
Group05_48.txt
517 
Group05_49.txt
120 242 362 607 
Group06_01.txt
145 
Group06_02.txt
0 64 81 147 206 408 452 578 
Group06_04.txt
70 544 
Group06_05.txt
635 
Group06_06.txt
174 624 769 
Group06_08.txt
96 345 375 
Group06_09.txt
73 218 521 
Group06_12.txt
8 35 83 284 334 503 556 
Group06_14.txt
188 282 
Group06_15.txt
57 186 257 510 
Group06_16.txt
358 364 411 537 
Group06_17.txt
412 
Group06_18.txt
6 98 762 782 
Group06_19.txt
0 179 623 
Group06_20.txt
568 574 579 621 627 632 
Group06_21.txt
375 
Group06_23.txt
68 895 
Group06_26.txt
227 
Group06_27.txt
340 350 359 
Group06_31.txt
412 
Group06_32.txt
189 214 
Group06_33.txt
72 
Group06_36.txt
405 498 
Group06_38.txt
83 200 577 712 744 
Group06_39.txt
169 
Group06_42.txt
47 
Group06_44.txt
264 
Group06_45.txt
122 
Group06_48.txt
513 527 539 
Group06_50.txt
222 
Group07_01.txt
836 
Group07_02.txt
201 
Group07_03.txt
1160 1535 
Group07_04.txt
342 
Group07_05.txt
283 401 
Group07_06.txt
49 733 
Group07_07.txt
5 
Group07_08.txt
484 
Group07_09.txt
506 
Group07_10.txt
0 152 291 
Group07_11.txt
400 442 518 595 
Group07_14.txt
265 392 
Group07_15.txt
181 415 
Group07_17.txt
74 85 91 
Group07_20.txt
362 451 
Group07_22.txt
172 404 838 
Group07_24.txt
809 1045 
Group07_25.txt
0 37 239 
Group07_28.txt
357 467 
Group07_31.txt
1894 
Group07_34.txt
0 677 
Group07_35.txt
94 384 
Group07_36.txt
209 707 976 
Group07_37.txt
7 
Group07_38.txt
1473 1829 
Group07_39.txt
465 
Group07_41.txt
434 446 467 
Group07_43.txt
85 
Group07_44.txt
7 
Group07_47.txt
0 532 
Group07_48.txt
596 627 853 904 
Group07_49.txt
2420 2605 2618 2627 
Group07_50.txt
598 
Group08_06.txt
214 416 744 768 
Group08_08.txt
5 172 
Group08_09.txt
664 
Group08_13.txt
383 
Group08_16.txt
0 662 680 
Group08_17.txt
341 442 652 660 
Group08_20.txt
337 369 395 1217 
Group08_21.txt
383 
Group08_24.txt
369 497 1073 
Group08_25.txt
594 
Group08_27.txt
351 
Group08_28.txt
23 526 
Group08_31.txt
886 
Group09_02.txt
182 222 449 
Group09_04.txt
1 52 
Group09_05.txt
385 936 
Group09_07.txt
145 849 907 
Group09_08.txt
335 
Group09_09.txt
0 
Group09_10.txt
188 
Group09_16.txt
19 25 297 
Group09_17.txt
442 561 
Group09_21.txt
62 75 216 804 1172 
Group09_22.txt
4 
Group09_26.txt
779 1037 1094 
Group09_28.txt
140 262 
Group09_29.txt
276 
Group09_30.txt
238 
Group09_32.txt
65 375 
Group09_33.txt
24 
Group09_34.txt
492 
Group09_39.txt
557 
Group09_40.txt
12 102 154 412 
Group09_43.txt
179 
Group09_45.txt
298 618 656 
Group09_46.txt
486 547 
Group09_47.txt
259 578 
Group10_01.txt
0 
Group10_02.txt
3 50 
Group10_04.txt
332 467 558 
Group10_05.txt
196 576 
Group10_06.txt
290 
Group10_08.txt
353 579 650 
Group10_11.txt
43 386 593 1218 
Group10_12.txt
263 
Group10_13.txt
367 401 513 
Group10_14.txt
0 149 173 
Group10_15.txt
596 
Group10_17.txt
4 123 794 
Group10_18.txt
11 215 
Group10_20.txt
0 
Group10_22.txt
2 769 
Group10_23.txt
296 
Group10_24.txt
0 31 207 1053 
Group10_25.txt
59 
Group10_26.txt
3 50 
Group10_27.txt
0 
Group10_28.txt
269 308 
Group10_29.txt
39 699 981 
Group10_33.txt
309 1692 
Group10_35.txt
6 123 180 540 868 936 997 1014 1107 1194 1332 1377 1449 1481 1672 
Group10_37.txt
209 296 
Group10_38.txt
0 170 565 697 749 
Group10_39.txt
242 
Group10_43.txt
235 742 783 
Group10_45.txt
120 258 389 
Group10_46.txt
564 604 
Group10_47.txt
450 848 
Group10_48.txt
500 
Group11-02.txt
511 
Group11-04.txt
2 
Group11-05.txt
627 1211 1782 2092 2176 
Group11-07.txt
384 
Group11-10.txt
358 
Group11-14.txt
336 441 520 727 1008 
Group11-15.txt
277 606 1099 2076 2154 2188 
Group11-16.txt
1610 2710 2829 3241 
Group11-17.txt
53 661 
Group11-18.txt
57 154 423 
Group11-23.txt
498 
Group11-25.txt
4 92 458 
Group11-28.txt
214 238 601 
Group11-29.txt
666 
Group11-30.txt
313 530 
Group11-31.txt
440 
Group11-36.txt
159 
Group11-45.txt
47 
Group11-46.txt
589 842 1001 1012 
Group11-50.txt
88 175 928 
Group12_01.txt
1015 
Group12_02.txt
1211 1943 2008 
Group12_03.txt
0 839 
Group12_04.txt
1187 1300 2462 2513 
Group12_06.txt
1102 
Group12_07.txt
1071 
Group12_08.txt
435 
Group12_09.txt
276 662 
Group12_13.txt
3 500 725 1026 
Group12_14.txt
225 
Group12_16.txt
265 
Group12_17.txt
0 61 169 181 268 282 
Group12_19.txt
606 1154 
Group12_22.txt
541 
Group12_24.txt
534 
Group12_27.txt
149 287 
Group12_28.txt
0 9 501 595 
Group12_30.txt
555 
Group12_32.txt
471 
Group12_35.txt
678 
Group12_39.txt
326 406 671 
Group12_41.txt
640 
Group12_42.txt
478 1195 
Group12_46.txt
495 
Group12_49.txt
405 1470 1554 2059 2330 
Group13_02.txt
1011 1397 1939 2088 2093 2129 2210 2332 
Group13_04.txt
139 
Group13_05.txt
516 1731 
Group13_06.txt
122 1895 2087 2132 2196 2209 2771 
Group13_07.txt
462 
Group13_09.txt
904 
Group13_12.txt
373 660 
Group13_13.txt
186 197 
Group13_14.txt
2 138 280 289 
Group13_18.txt
240 
Group13_19.txt
191 
Group13_21.txt
869 874 2025 
Group13_22.txt
1138 3266 3622 4264 4751 4978 7339 7805 8499 14972 14998 15624 15958 16266 16456 16470 16473 16512 16515 
Group13_23.txt
487 2752 3280 
Group13_24.txt
635 678 812 1167 2920 3471 3514 3720 4294 5094 5202 
Group13_25.txt
3 2534 
Group13_26.txt
419 436 457 1648 2112 3598 3821 5494 6618 7547 7708 8140 8441 9224 
Group13_27.txt
27 353 949 1441 1676 1809 2790 
Group13_28.txt
248 664 673 726 945 955 1060 1253 1718 2362 3064 3289 
Group13_29.txt
3 1499 4212 4242 
Group13_30.txt
428 3405 3469 
Group13_32.txt
737 
Group13_33.txt
701 770 1202 1806 1877 
Group13_35.txt
207 
Group13_36.txt
0 380 1198 1346 
Group13_37.txt
584 763 945 
Group13_38.txt
1 964 1094 1471 
Group13_39.txt
449 1213 1242 1518 
Group13_40.txt
26 
Group13_41.txt
0 369 374 393 651 1639 1660 
Group13_42.txt
1 236 327 1064 1089 1107 1318 
Group13_43.txt
327 1003 
Group13_44.txt
129 987 1494 1558 1566 1572 1660 1759 1767 1773 2025 2033 2390 2399 2645 2651 3476 3520 3649 3682 3721 
Group13_45.txt
106 1495 1509 1525 1537 
Group13_46.txt
528 545 683 704 929 1032 1269 1733 1759 1801 1974 2134 2288 
Group13_47.txt
271 1312 1398 1407 1656 1665 
Group13_48.txt
24 334 990 1068 
Group13_49.txt
145 1277 1357 1606 
Group13_50.txt
0 
Group14_01.txt
0 
Group14_02.txt
530 
Group14_03.txt
482 
Group14_04.txt
317 419 
Group14_07.txt
140 
Group14_08.txt
293 
Group14_15.txt
172 184 
Group14_16.txt
42 
Group14_19.txt
298 435 
Group14_20.txt
9 478 656 
Group14_21.txt
184 462 
Group14_26.txt
163 
Group14_27.txt
2 848 
Group14_28.txt
37 988 1024 1040 1049 
Group14_29.txt
283 
Group14_32.txt
4 667 727 
Group14_33.txt
598 
Group14_34.txt
350 541 754 
Group14_35.txt
1115 1316 1490 1572 
Group14_36.txt
158 
Group14_38.txt
631 
Group14_40.txt
795 
Group14_42.txt
128 202 847 
Group14_43.txt
47 78 566 
Group14_45.txt
155 214 
Group14_47.txt
669 
