Group01_06.txt
94 168 200 245 289 318 329 342 345 372 394 402 406 420 429 514 543 557 567 611 622 631 672 700 705 901 956 960 
Group01_08.txt
119 126 171 273 328 334 466 471 478 486 508 512 528 537 547 588 617 631 647 662 694 699 716 760 785 796 894 900 930 941 950 957 978 1007 
Group01_10.txt
415 
Group01_11.txt
702 714 821 843 909 
Group01_14.txt
85 147 220 223 243 284 298 313 323 337 354 359 399 469 483 498 508 522 539 544 584 
Group01_15.txt
96 99 107 113 129 133 140 144 162 167 177 184 207 211 238 254 265 269 275 287 296 336 347 355 369 373 379 403 
Group01_19.txt
578 
Group01_20.txt
327 
Group01_22.txt
392 
Group01_23.txt
524 
Group01_25.txt
173 314 
Group01_27.txt
365 
Group01_29.txt
378 
Group01_32.txt
843 1223 
Group01_42.txt
592 600 609 615 
Group01_44.txt
307 424 
Group01_45.txt
369 390 
Group01_49.txt
269 
Group02_04.txt
313 532 
Group02_08.txt
473 
Group02_13.txt
523 
Group02_19.txt
478 
Group02_20.txt
1467 2877 3087 3732 
Group02_21.txt
90 231 913 922 2298 2496 2504 2823 2831 
Group02_22.txt
962 2261 2334 2370 2527 2618 2725 2796 2866 2998 
Group02_23.txt
4 25 30 37 248 328 506 1567 1654 
Group02_24.txt
15 1113 
Group02_25.txt
761 
Group02_26.txt
617 859 
Group02_27.txt
963 1672 1682 1689 
Group02_28.txt
804 995 
Group02_29.txt
181 230 479 1176 
Group02_30.txt
1484 1487 1491 1497 1523 1530 1560 1570 1584 1591 1596 1599 1608 2986 3029 
Group02_31.txt
38 296 304 319 342 354 406 936 1339 1370 1403 1410 1444 1488 1505 1775 1781 1929 1992 2047 2087 2737 2852 
Group02_32.txt
34 216 221 226 247 258 547 549 
Group02_33.txt
213 227 1558 3377 
Group02_34.txt
276 285 299 307 323 330 
Group02_35.txt
17 
Group02_36.txt
252 269 
Group02_38.txt
557 
Group02_40.txt
609 826 1670 
Group02_41.txt
1058 1060 1335 
Group02_42.txt
301 411 558 559 594 789 792 795 799 806 
Group02_46.txt
698 701 819 847 1332 2124 2551 
Group02_47.txt
453 
Group02_48.txt
2259 2319 2365 2373 2382 2398 2413 2429 
Group02_49.txt
211 224 384 410 1111 1218 1234 1249 1261 1390 1426 1454 1498 1539 1553 1578 1659 1817 2053 2944 2992 3008 3723 3794 3803 4273 4295 
Group02_50.txt
1198 
Group03_04.txt
352 422 514 1236 1268 1284 1306 1496 1588 1613 1773 2227 
Group03_05.txt
8 380 419 422 431 437 
Group03_06.txt
1307 1773 2120 2139 2144 2151 2545 2622 
Group03_07.txt
139 213 312 361 573 1318 1349 1356 1904 2043 2056 2066 2473 2602 2615 
Group03_09.txt
731 1078 
Group03_10.txt
999 
Group03_11.txt
333 512 
Group03_12.txt
922 1074 
Group03_13.txt
33 82 129 723 1032 1052 1061 1070 
Group03_15.txt
29 
Group03_17.txt
596 626 628 
Group03_19.txt
759 
Group03_20.txt
116 167 243 
Group03_22.txt
581 827 
Group03_23.txt
63 82 393 406 412 415 496 502 580 585 
Group03_24.txt
79 112 140 277 306 314 328 349 364 373 437 446 488 506 520 531 536 560 672 680 719 910 916 982 998 1011 1027 1039 1052 1076 1087 1168 1180 1191 1276 1310 1361 1388 1434 1442 1519 1523 1552 1573 1584 1601 1611 1644 1659 1677 1685 1690 1734 1738 1755 1762 1810 1876 1885 1892 1909 1913 1920 1976 
Group03_25.txt
253 438 642 
Group03_26.txt
94 161 449 1300 1612 
Group03_27.txt
7 34 39 68 87 98 114 124 185 215 254 337 374 381 391 454 503 542 559 604 615 618 627 633 642 662 690 763 815 840 855 868 883 1110 1111 1120 1248 1392 1646 1652 1660 1716 1749 1758 1903 1924 
Group03_29.txt
29 38 50 339 594 869 883 933 953 981 2017 2082 
Group03_31.txt
45 66 336 340 344 868 2716 
Group03_32.txt
481 1433 1458 
Group03_34.txt
126 201 630 1681 2610 
Group03_35.txt
32 48 73 131 159 425 445 513 528 536 542 551 559 891 1184 1199 1262 1350 
Group03_36.txt
274 477 594 1398 1544 1569 
Group03_37.txt
294 
Group03_38.txt
117 132 164 
Group03_39.txt
464 
Group03_41.txt
164 
Group03_42.txt
10 19 31 323 584 862 876 926 946 974 
Group03_43.txt
633 
Group03_44.txt
380 1012 1441 1526 
Group03_45.txt
183 188 
Group03_46.txt
318 321 329 
Group03_47.txt
383 560 585 
Group03_48.txt
553 703 
Group03_49.txt
437 488 502 507 519 527 
Group03_50.txt
45 87 101 106 116 123 128 451 460 495 650 660 662 793 807 810 1185 
Group04_05.txt
497 
Group04_07.txt
190 208 221 554 593 608 643 681 723 979 988 
Group04_09.txt
563 
Group04_10.txt
753 761 776 
Group04_11.txt
380 
Group04_12.txt
434 444 457 
Group04_13.txt
618 1152 
Group04_14.txt
638 
Group04_15.txt
648 694 927 
Group04_18.txt
372 519 
Group04_20.txt
175 
Group04_21.txt
128 131 137 139 222 267 286 289 465 469 941 962 964 
Group04_22.txt
12 17 32 46 51 91 102 114 187 311 359 463 535 
Group04_23.txt
187 192 217 265 278 497 508 578 642 652 707 718 729 
Group04_24.txt
34 338 565 586 
Group04_25.txt
277 318 
Group04_27.txt
108 120 156 164 171 184 281 283 318 340 349 358 365 371 385 485 490 503 576 643 651 660 671 703 711 727 766 
Group04_30.txt
709 1010 1032 1044 1047 1053 
Group04_32.txt
644 
Group04_33.txt
122 158 
Group04_34.txt
441 734 884 903 
Group04_37.txt
503 
Group04_38.txt
638 
Group04_39.txt
348 434 544 683 
Group04_40.txt
287 
Group04_43.txt
748 
Group04_44.txt
277 285 449 454 476 485 660 
Group04_46.txt
409 968 981 986 994 
Group05_02.txt
484 747 761 1261 
Group05_09.txt
64 77 86 
Group05_11.txt
542 
Group05_13.txt
1223 
Group05_16.txt
306 433 497 
Group05_17.txt
228 576 
Group05_20.txt
230 632 1047 
Group05_22.txt
344 
Group05_23.txt
9 25 59 66 80 87 116 130 134 137 182 300 334 341 449 484 622 770 780 943 969 1060 1213 1384 1403 1408 
Group05_27.txt
312 1326 1477 
Group05_44.txt
742 765 
Group05_45.txt
181 263 277 286 305 340 347 349 384 388 398 405 422 427 509 524 553 557 653 711 771 775 795 806 827 840 853 875 886 912 1059 1114 1121 1164 1172 1203 1211 1213 1218 1225 1293 
Group05_46.txt
270 287 338 358 468 
Group06_03.txt
455 
Group06_04.txt
302 522 698 741 
Group06_17.txt
494 506 
Group06_19.txt
582 596 718 
Group06_21.txt
306 402 
Group06_22.txt
66 72 79 
Group06_23.txt
157 180 187 590 592 762 781 795 
Group06_26.txt
571 582 
Group06_31.txt
494 506 
Group06_35.txt
250 
Group07_01.txt
321 403 432 
Group07_02.txt
185 203 315 494 515 524 553 575 653 834 848 
Group07_03.txt
430 433 436 439 445 452 460 476 483 491 496 500 505 518 520 526 529 532 548 550 555 558 641 650 776 779 963 982 998 1007 1018 1026 1468 1490 1532 1536 1650 1726 1739 1746 1878 2057 2063 2076 2109 2235 2258 2285 2293 2307 2321 2329 2335 2470 2476 2479 2502 2522 2533 2549 2555 2568 2575 2725 2736 
Group07_04.txt
244 
Group07_05.txt
138 144 150 162 179 186 196 208 219 241 261 271 284 299 310 468 474 481 501 588 659 669 724 756 770 844 929 
Group07_06.txt
304 360 376 567 624 711 
Group07_07.txt
452 1131 1173 
Group07_08.txt
525 536 
Group07_09.txt
183 231 248 261 271 316 324 360 419 517 574 586 622 
Group07_10.txt
242 260 298 
Group07_11.txt
8 128 147 180 261 429 444 477 488 490 544 552 555 570 592 606 614 624 
Group07_12.txt
504 
Group07_13.txt
13 48 149 242 312 688 
Group07_14.txt
147 156 166 171 182 193 221 263 302 368 370 378 394 400 407 434 458 471 476 489 506 530 
Group07_15.txt
114 129 260 280 298 305 339 426 506 512 525 556 
Group07_16.txt
677 698 711 776 
Group07_17.txt
87 130 138 142 160 253 335 345 354 374 442 
Group07_19.txt
966 975 
Group07_20.txt
123 125 152 304 328 333 392 434 471 484 521 536 
Group07_21.txt
454 460 
Group07_22.txt
264 572 577 586 743 759 761 765 
Group07_23.txt
128 173 179 
Group07_24.txt
176 353 429 707 1158 1274 1322 
Group07_25.txt
22 
Group07_26.txt
98 111 136 144 156 208 267 277 285 293 307 317 328 378 391 396 402 529 552 554 560 568 602 611 623 629 632 659 687 691 715 734 736 740 745 752 754 760 
Group07_27.txt
376 384 458 546 
Group07_30.txt
329 669 
Group07_31.txt
384 397 434 604 925 986 993 1003 1074 1090 1144 1232 1238 1256 1260 1293 1298 1302 1307 1352 1361 1649 1706 1735 
Group07_32.txt
389 407 410 423 432 440 446 461 470 
Group07_33.txt
181 312 319 446 448 607 638 657 669 
Group07_34.txt
210 213 216 234 246 674 678 681 
Group07_35.txt
360 408 438 442 527 531 547 
Group07_36.txt
211 216 224 297 315 322 339 638 673 724 771 821 825 841 849 854 858 899 908 911 1074 1091 1099 1103 1109 1114 1155 1159 1168 1175 1185 1198 1214 1221 1234 1237 1262 1269 
Group07_37.txt
154 243 1159 1169 1178 
Group07_38.txt
447 469 698 707 711 929 1024 1072 1119 1135 1188 1244 1279 1347 1354 1364 1372 1379 1385 1620 1635 1647 1666 1716 1730 1751 1779 1864 1868 1879 1888 1910 1953 1964 1970 
Group07_39.txt
343 457 463 467 481 486 538 546 558 581 585 610 
Group07_40.txt
220 232 449 533 541 558 740 766 800 
Group07_41.txt
157 227 234 249 311 366 371 457 461 479 628 
Group07_42.txt
307 565 574 591 
Group07_43.txt
95 97 108 154 165 269 277 
Group07_44.txt
34 161 170 177 186 350 370 423 431 543 562 566 
Group07_46.txt
144 161 167 179 212 221 225 234 244 322 337 344 359 362 451 552 595 609 633 635 664 677 706 
Group07_47.txt
161 187 243 258 311 465 491 498 501 506 512 520 525 534 537 572 587 608 
Group07_48.txt
92 262 467 832 
Group07_50.txt
81 258 599 635 
Group08_01.txt
686 696 
Group08_03.txt
592 601 
Group08_04.txt
261 267 293 298 308 
Group08_06.txt
690 1152 
Group08_10.txt
785 795 
Group08_11.txt
643 663 690 705 715 730 809 
Group08_15.txt
465 
Group08_16.txt
152 179 703 803 1198 1801 
Group08_17.txt
375 541 
Group08_21.txt
186 459 646 
Group08_22.txt
393 401 862 894 902 
Group08_23.txt
261 267 293 298 308 
Group08_24.txt
412 859 
Group08_25.txt
1001 1289 
Group08_27.txt
171 250 411 
Group08_29.txt
908 985 1040 1274 1403 1467 
Group08_30.txt
320 
Group08_31.txt
755 758 
Group08_39.txt
169 488 496 
Group09_03.txt
433 467 539 558 
Group09_05.txt
914 934 944 
Group09_07.txt
486 
Group09_09.txt
182 191 199 
Group09_11.txt
316 
Group09_12.txt
528 
Group09_13.txt
141 
Group09_17.txt
492 
Group09_20.txt
17 270 
Group09_22.txt
653 
Group09_25.txt
197 
Group09_28.txt
76 119 201 205 
Group09_29.txt
32 40 433 593 619 
Group09_32.txt
349 
Group09_36.txt
121 
Group09_37.txt
1065 1069 
Group09_38.txt
384 
Group09_44.txt
129 171 
Group09_49.txt
14 230 853 
Group09_50.txt
484 
Group10_04.txt
165 230 459 564 
Group10_08.txt
140 211 
Group10_09.txt
74 303 626 726 
Group10_10.txt
187 
Group10_11.txt
924 
Group10_12.txt
647 653 661 668 
Group10_13.txt
151 250 288 294 384 399 
Group10_14.txt
474 
Group10_15.txt
422 449 
Group10_17.txt
12 37 619 771 875 987 1000 
Group10_20.txt
288 303 398 
Group10_21.txt
327 336 427 820 831 907 916 
Group10_24.txt
78 109 303 316 413 498 885 1111 
Group10_27.txt
9 38 43 52 478 495 707 724 744 1039 
Group10_33.txt
186 
Group10_34.txt
181 229 279 322 
Group10_35.txt
602 685 1602 
Group10_37.txt
386 
Group10_38.txt
290 491 1165 
Group10_39.txt
292 341 345 937 960 973 
Group10_40.txt
507 565 
Group10_43.txt
88 93 101 340 344 413 424 428 432 436 568 734 864 869 878 883 892 1115 1130 1136 
Group10_44.txt
118 125 158 176 635 656 701 
Group10_46.txt
248 273 313 334 350 377 385 390 394 402 440 448 464 488 583 
Group10_47.txt
399 419 768 
Group10_48.txt
510 544 
Group10_49.txt
154 505 662 
Group10_50.txt
287 365 466 
Group11-01.txt
391 
Group11-03.txt
279 386 398 492 593 633 741 
Group11-04.txt
420 464 626 839 851 911 
Group11-05.txt
302 444 622 1329 1514 1575 2228 
Group11-10.txt
568 
Group11-14.txt
322 366 391 395 403 556 558 563 602 1161 
Group11-15.txt
302 340 342 556 618 793 799 808 847 922 1002 1005 1010 1042 1184 1214 1238 1248 1315 1436 1440 1515 1519 1521 1527 1625 1632 1645 1735 1757 1896 1899 1971 2103 2107 2111 2120 2124 2136 2182 2391 2394 2438 2456 2481 
Group11-16.txt
1 7 349 417 536 538 631 635 640 668 841 993 1003 1007 1248 1378 1426 1442 1446 1502 1507 1525 1597 1622 1637 1765 1814 1832 1876 1942 1978 2222 2290 2296 2319 2356 2368 2617 2622 2686 2779 2788 2837 2956 3000 3025 3031 3039 3054 3061 3115 3132 3203 3231 
Group11-17.txt
517 
Group11-18.txt
222 417 530 661 
Group11-19.txt
332 526 
Group11-20.txt
247 383 520 523 526 531 1033 1223 1363 
Group11-21.txt
118 187 196 204 258 289 300 319 367 402 406 511 559 562 596 760 791 807 816 832 839 843 874 
Group11-23.txt
86 694 740 
Group11-24.txt
159 192 218 231 241 253 261 263 287 327 356 461 487 504 509 511 572 667 680 1006 1018 1022 1028 1044 1129 1142 1269 1336 1345 1443 1528 1721 1736 1758 1826 1890 1929 1944 1955 1970 1994 2055 2062 2204 2211 2231 2255 2266 2284 2325 2338 2350 2361 2411 2440 2454 2461 2474 2560 2563 2585 2587 2591 2619 2635 
Group11-25.txt
14 210 241 
Group11-28.txt
570 633 983 
Group11-29.txt
770 
Group11-30.txt
646 
Group11-31.txt
150 583 597 
Group11-32.txt
819 
Group11-39.txt
148 330 370 381 606 
Group11-45.txt
342 349 351 359 368 378 467 472 478 513 518 523 603 627 633 642 659 667 786 809 903 1028 1032 1043 1053 1055 1073 1327 
Group11-46.txt
162 470 478 913 995 1007 1014 1286 
Group11-47.txt
255 274 389 
Group11-48.txt
701 
Group11-50.txt
70 543 595 839 989 
Group12_01.txt
1176 1487 
Group12_02.txt
872 945 1350 1368 1385 1422 1454 1495 
Group12_04.txt
438 1777 1783 2355 2610 2742 2748 
Group12_06.txt
230 273 783 859 892 1045 1076 1429 
Group12_07.txt
169 193 712 1280 1296 
Group12_08.txt
276 281 283 357 406 416 432 
Group12_09.txt
102 237 633 761 1068 1094 
Group12_10.txt
142 155 161 164 203 254 269 605 699 758 768 887 
Group12_11.txt
581 753 763 852 
Group12_12.txt
581 753 763 852 
Group12_13.txt
597 802 878 946 1036 1071 1107 1806 1851 2011 2014 2034 
Group12_14.txt
368 461 470 477 490 605 625 632 
Group12_16.txt
475 483 
Group12_18.txt
278 289 293 312 411 419 426 444 451 
Group12_19.txt
172 414 437 451 560 577 581 589 594 602 607 709 765 973 978 984 1011 1015 1023 1027 1101 1118 1203 1216 1238 1253 1259 1296 1344 1377 1380 
Group12_21.txt
407 423 
Group12_22.txt
257 
Group12_24.txt
548 
Group12_26.txt
395 424 575 581 780 985 1000 1063 1321 1332 1339 1356 1422 1435 1452 1457 1460 1470 1491 1493 1502 1520 1523 1538 
Group12_27.txt
206 210 219 229 241 263 268 302 309 328 390 452 458 493 509 520 530 
Group12_30.txt
5 8 248 251 350 509 550 556 
Group12_32.txt
263 289 317 321 324 
Group12_33.txt
305 
Group12_34.txt
490 
Group12_35.txt
668 712 736 
Group12_36.txt
430 
Group12_40.txt
369 449 614 650 
Group12_41.txt
230 405 477 488 497 557 595 685 
Group12_42.txt
736 851 881 931 1453 1480 1505 
Group12_43.txt
455 468 472 581 779 832 
Group12_49.txt
1396 1403 1414 1420 1430 1625 2008 2269 
Group13_01.txt
711 
Group13_02.txt
507 520 548 701 725 1006 1017 1024 1049 1076 1125 1216 1385 1527 1878 1916 2006 2206 2217 2231 2269 2273 2277 2410 
Group13_03.txt
529 667 
Group13_04.txt
78 85 104 168 233 273 291 434 496 594 774 975 977 984 986 991 996 1000 1006 1094 1099 
Group13_05.txt
19 386 400 409 418 423 634 663 705 796 799 834 839 842 857 865 970 1012 1031 1176 1205 1220 1415 1426 1453 1501 1506 1572 1702 1716 1805 1812 1847 1910 1938 1991 2087 
Group13_06.txt
113 116 124 274 281 287 294 319 351 366 547 560 599 614 635 692 827 837 850 870 882 891 899 968 1091 1113 1140 1349 1506 1761 1772 1775 1811 1815 1821 1886 1905 1910 2005 2035 2053 2083 2182 2192 2243 2254 2257 2264 2270 2289 2298 2327 2343 2454 2457 2499 2512 2520 2523 2610 2629 2634 2653 2660 2688 2696 2700 2705 2713 2717 
Group13_07.txt
14 88 103 108 159 164 177 225 235 246 301 348 585 
Group13_08.txt
974 
Group13_11.txt
312 
Group13_14.txt
220 
Group13_15.txt
471 
Group13_17.txt
431 489 613 698 
Group13_18.txt
95 648 742 
Group13_21.txt
126 396 403 408 413 670 717 732 746 1588 1663 1674 
Group13_22.txt
3133 3157 3230 3277 3280 3296 3306 3361 3369 3962 4088 4217 6026 6031 6142 6210 6860 6921 7401 7406 7504 7528 7712 7725 8467 9778 9788 9793 9991 10233 10305 11320 13678 13699 13773 13799 14160 14162 14732 14736 14788 15073 15077 15286 15879 15903 16122 16145 16398 
Group13_23.txt
136 1615 1630 
Group13_24.txt
269 1871 3517 3723 4365 4367 4385 4387 5212 5220 5417 5439 
Group13_25.txt
256 294 324 328 723 901 1753 2409 2428 2457 2509 2543 2571 
Group13_26.txt
3554 3603 4072 4819 6104 7486 7496 7517 7536 9920 10117 10139 10191 10200 
Group13_28.txt
449 1316 1473 1797 2734 3185 3187 3286 
Group13_29.txt
4396 4456 4509 4523 
Group13_30.txt
1019 1276 1534 1906 1922 1928 3038 3992 
Group13_31.txt
524 
Group13_32.txt
37 109 132 171 206 208 276 394 694 973 1154 1307 1352 
Group13_33.txt
1 19 21 123 166 253 282 312 333 344 366 376 387 401 410 494 499 542 545 574 579 601 603 616 624 681 705 742 815 842 871 933 938 949 962 994 1005 1014 1036 1039 1085 1089 1135 1144 1153 1164 1172 1176 1200 1246 1260 1288 1296 1351 1373 1376 1537 1554 1556 1634 1641 1648 1655 1661 1685 1697 1708 1723 1731 1738 1749 1760 1784 1842 1855 1868 1936 1947 1951 1958 2006 2043 2050 2059 2069 2075 2083 2208 
Group13_35.txt
167 397 1105 1175 1204 1248 1275 1291 1305 1314 1322 1339 1371 1373 
Group13_36.txt
22 46 54 71 162 171 226 279 375 432 583 586 624 634 643 651 659 687 690 697 1023 1066 1074 1085 1103 1133 1193 1439 1485 
Group13_37.txt
172 682 705 715 
Group13_38.txt
331 342 488 820 1112 
Group13_39.txt
484 1419 2096 
Group13_41.txt
12 14 164 168 184 276 278 295 302 334 336 438 453 614 625 930 944 960 1091 1182 1359 1369 1379 1383 1390 1401 1408 1558 1586 
Group13_42.txt
470 886 
Group13_44.txt
1540 1932 1938 1941 1947 1964 1968 1970 1984 1999 2016 2179 2292 2374 2437 2443 2455 2458 2494 2583 2586 2597 2615 2628 2640 2720 2988 2995 3002 3018 3031 3077 3088 3102 3145 3290 3623 
Group13_45.txt
575 1246 
Group13_47.txt
1479 1501 1699 1709 
Group13_49.txt
99 131 191 199 529 1157 1176 1936 1967 1979 
Group14_01.txt
50 57 186 202 213 297 350 352 381 412 
Group14_02.txt
161 166 221 
Group14_03.txt
434 439 441 452 463 470 
Group14_04.txt
281 288 368 384 389 411 
Group14_05.txt
265 
Group14_06.txt
407 465 
Group14_08.txt
75 102 
Group14_09.txt
480 
Group14_11.txt
150 157 347 353 357 
Group14_12.txt
392 412 422 
Group14_16.txt
243 246 
Group14_18.txt
293 
Group14_19.txt
15 34 106 216 
Group14_20.txt
651 922 
Group14_21.txt
48 
Group14_22.txt
344 445 
Group14_23.txt
224 240 
Group14_25.txt
9 182 186 228 235 248 330 457 
Group14_26.txt
627 633 641 649 
Group14_28.txt
864 898 
Group14_31.txt
649 779 832 839 844 857 863 878 883 
Group14_32.txt
139 534 627 706 719 788 842 902 923 1069 
Group14_33.txt
134 139 638 679 783 
Group14_35.txt
121 353 473 578 884 893 918 1027 1116 1450 1481 1537 1597 1620 
Group14_37.txt
223 246 
Group14_39.txt
21 70 72 111 212 237 241 411 517 654 755 760 949 968 993 
Group14_40.txt
324 639 642 813 816 861 887 
Group14_41.txt
437 806 859 
Group14_42.txt
122 140 151 169 285 448 625 719 793 822 
Group14_43.txt
76 558 
Group14_44.txt
19 22 79 94 121 126 618 627 760 764 
Group14_45.txt
42 73 
Group14_46.txt
477 692 
Group14_48.txt
359 377 591 
Group14_49.txt
276 292 304 415 425 441 595 629 
