Group01_49.txt
22 58 183 189 199 215 248 292 342 365 389 530 562 605 
Group02_16.txt
239 287 
Group04_17.txt
852 
Group06_17.txt
336 
Group06_31.txt
336 
Group06_38.txt
359 
Group07_46.txt
340 
Group07_49.txt
1725 
Group09_02.txt
452 506 
Group09_07.txt
24 59 217 509 
Group09_14.txt
135 
Group09_15.txt
107 219 
Group09_21.txt
423 
Group09_23.txt
245 252 
Group09_26.txt
1069 
Group09_28.txt
159 
Group09_32.txt
392 
Group09_41.txt
3 20 75 103 138 176 206 264 266 309 394 443 589 
Group10_35.txt
627 
Group10_37.txt
5 44 124 197 210 262 423 623 631 778 785 
Group12_03.txt
376 387 392 415 
Group14_06.txt
162 
Group14_17.txt
540 
Group14_19.txt
319 
Group14_24.txt
29 126 463 567 618 625 
