Group01_01.txt
146 
Group01_03.txt
667 
Group01_04.txt
210 344 
Group01_05.txt
273 
Group01_06.txt
156 244 556 824 887 1014 1076 1134 
Group01_07.txt
451 
Group01_08.txt
219 394 573 1082 
Group01_09.txt
248 465 656 714 
Group01_10.txt
683 
Group01_11.txt
248 442 467 515 544 722 897 1003 
Group01_12.txt
602 
Group01_14.txt
237 297 482 
Group01_16.txt
339 364 
Group01_18.txt
112 
Group01_20.txt
256 541 
Group01_23.txt
329 
Group01_24.txt
210 337 
Group01_26.txt
395 416 557 676 
Group01_27.txt
328 387 
Group01_28.txt
481 
Group01_31.txt
256 
Group01_32.txt
691 
Group01_34.txt
267 284 
Group01_35.txt
926 
Group01_39.txt
93 
Group01_43.txt
373 508 
Group01_44.txt
406 
Group01_46.txt
11 291 340 355 
Group01_49.txt
575 
Group01_50.txt
353 448 
Group02_01.txt
342 
Group02_02.txt
183 468 508 542 
Group02_03.txt
141 170 182 725 
Group02_04.txt
473 769 
Group02_05.txt
583 654 
Group02_06.txt
580 
Group02_07.txt
556 789 
Group02_08.txt
407 451 497 
Group02_09.txt
777 
Group02_10.txt
653 
Group02_11.txt
284 750 
Group02_12.txt
804 
Group02_13.txt
760 
Group02_14.txt
280 
Group02_15.txt
237 366 423 
Group02_16.txt
233 348 513 628 
Group02_17.txt
4 19 173 214 292 427 436 633 722 
Group02_18.txt
277 328 350 471 498 675 893 917 1330 1504 1703 1995 2052 2065 2728 2939 
Group02_19.txt
92 319 455 466 732 752 929 1033 1323 1464 1635 1812 1851 
Group02_20.txt
326 779 856 1588 1745 2014 2438 2486 2509 2515 2552 2559 2945 2960 3681 3778 3803 4019 4132 
Group02_21.txt
111 649 1161 1303 1402 1548 1627 1775 1882 2100 2353 2401 2453 2643 2767 
Group02_22.txt
73 243 382 511 570 580 693 710 859 1290 1498 1540 1707 1745 1833 1876 1994 2145 2408 2539 2636 2681 2853 2929 3018 3206 3219 3232 3273 3478 3537 3570 
Group02_23.txt
164 201 211 263 500 752 972 1159 1254 
Group02_24.txt
219 611 911 1006 1027 1062 1075 1123 1460 
Group02_25.txt
343 370 382 415 427 608 696 839 1032 1135 1334 
Group02_26.txt
22 37 55 97 158 161 209 323 382 439 610 789 799 
Group02_27.txt
236 406 580 612 1077 1195 1423 1685 1819 
Group02_28.txt
163 631 637 647 745 988 1210 1247 1380 1553 
Group02_29.txt
173 368 530 777 913 1200 
Group02_30.txt
374 430 738 937 987 1027 1148 1181 1211 1572 1582 2448 2488 2576 3216 3251 3480 3621 4074 
Group02_31.txt
68 391 985 1435 1459 1709 1721 1774 1778 1935 1969 2139 2148 2916 2940 2972 
Group02_32.txt
173 246 283 295 314 386 438 483 501 555 563 603 672 998 1097 1147 1192 1306 1502 1527 1608 1746 1859 1867 1884 1897 1996 2039 2183 2274 2300 2505 2646 
Group02_33.txt
20 468 496 879 1028 1116 1149 1214 1261 1422 1523 1662 1837 2084 2366 2452 2760 2811 2826 2839 2959 2967 2976 2984 3195 3418 3436 3457 
Group02_34.txt
255 538 556 864 1004 1207 
Group02_35.txt
62 177 443 576 736 761 787 810 930 
Group02_36.txt
277 299 530 560 652 672 699 715 742 783 867 951 1037 1066 1130 1196 1270 1363 1501 1531 1542 1598 1614 1639 1657 1705 
Group02_37.txt
53 225 379 386 801 1415 
Group02_38.txt
516 726 1146 1214 1444 2097 2202 2406 2765 3071 3582 
Group02_39.txt
103 106 669 804 971 1204 1330 1567 1635 1639 1646 
Group02_40.txt
256 705 737 740 831 864 883 964 1500 1543 1649 2149 2153 2205 2230 2292 2295 
Group02_41.txt
157 493 543 592 774 791 876 932 987 1018 1216 1232 1399 1558 1564 1593 
Group02_42.txt
150 579 
Group02_43.txt
116 155 340 361 890 1124 1176 1215 1342 1602 
Group02_44.txt
43 67 336 356 383 623 642 799 1154 1310 1320 1406 1473 1612 
Group02_45.txt
41 56 86 439 583 599 769 783 799 825 887 1121 1329 1375 
Group02_46.txt
651 686 1357 1707 1795 
Group02_47.txt
218 279 292 315 345 363 510 546 598 739 862 983 1012 1024 1084 1120 1244 1247 1307 1310 1386 1398 1409 1437 
Group02_48.txt
72 95 257 500 567 1088 1220 1246 1356 1865 2355 2423 2436 2535 2571 2863 
Group02_49.txt
85 399 645 648 904 1002 1186 1247 1275 1300 1311 1416 1460 1598 1753 2013 2113 3147 3633 
Group02_50.txt
119 126 301 576 601 614 724 729 740 814 1208 1682 1811 1833 1878 2029 
Group03_01.txt
110 
Group03_02.txt
306 
Group03_03.txt
250 
Group03_04.txt
1354 1379 1451 1485 1591 1788 2303 
Group03_06.txt
1157 1348 1861 
Group03_07.txt
83 258 282 736 811 1222 
Group03_08.txt
13 59 123 132 156 
Group03_09.txt
429 700 844 867 882 1002 1089 
Group03_10.txt
221 427 460 487 
Group03_12.txt
550 1088 
Group03_14.txt
369 391 1020 
Group03_16.txt
543 
Group03_18.txt
858 
Group03_22.txt
683 783 
Group03_23.txt
8 74 79 97 288 650 713 
Group03_24.txt
945 1472 
Group03_26.txt
308 572 883 1413 
Group03_27.txt
43 857 872 1013 1019 1025 1119 
Group03_29.txt
572 1439 1476 1593 1756 
Group03_30.txt
813 960 1060 1098 1105 1450 
Group03_31.txt
502 728 1202 1455 1478 1586 1635 1790 1886 2389 2530 2741 2773 
Group03_32.txt
745 990 1204 1436 
Group03_33.txt
727 753 781 
Group03_34.txt
0 122 184 373 714 1343 1387 1458 1738 1766 1860 2258 2276 2403 2545 
Group03_35.txt
448 714 743 
Group03_36.txt
868 902 1139 1185 1338 1510 1535 1614 
Group03_37.txt
388 397 778 791 856 1340 1448 1459 1482 1494 1534 1603 1611 1773 2139 
Group03_38.txt
153 
Group03_39.txt
728 
Group03_40.txt
706 732 760 
Group03_41.txt
144 
Group03_42.txt
556 1457 1494 1614 
Group03_43.txt
664 
Group03_44.txt
1084 1364 
Group03_47.txt
1020 
Group03_48.txt
282 367 598 643 679 
Group03_50.txt
1023 
Group04_02.txt
517 
Group04_04.txt
214 
Group04_06.txt
205 421 450 461 
Group04_13.txt
645 924 1006 
Group04_14.txt
563 
Group04_15.txt
642 1078 1101 1164 
Group04_16.txt
225 241 
Group04_19.txt
82 313 
Group04_20.txt
142 312 
Group04_21.txt
953 
Group04_23.txt
720 
Group04_24.txt
553 
Group04_25.txt
635 
Group04_27.txt
317 357 
Group04_28.txt
84 419 
Group04_29.txt
453 487 514 581 596 
Group04_30.txt
640 
Group04_31.txt
29 
Group04_32.txt
564 
Group04_34.txt
613 
Group04_36.txt
281 
Group04_37.txt
391 
Group04_40.txt
203 239 378 473 
Group04_41.txt
203 758 813 841 932 950 1071 
Group04_43.txt
110 262 764 
Group04_44.txt
663 687 
Group04_46.txt
82 164 215 540 748 1012 1190 
Group04_47.txt
494 643 
Group04_49.txt
193 263 
Group05_02.txt
113 137 
Group05_04.txt
265 462 
Group05_07.txt
468 
Group05_09.txt
277 941 
Group05_10.txt
589 
Group05_13.txt
364 480 
Group05_16.txt
254 331 404 
Group05_17.txt
913 
Group05_18.txt
333 718 724 763 
Group05_19.txt
232 
Group05_20.txt
679 
Group05_21.txt
832 
Group05_23.txt
584 857 1131 1227 1299 
Group05_24.txt
195 312 
Group05_26.txt
554 
Group05_27.txt
387 
Group05_28.txt
13 17 109 204 469 
Group05_30.txt
108 945 952 
Group05_31.txt
25 301 
Group05_32.txt
822 
Group05_35.txt
391 
Group05_40.txt
211 
Group05_41.txt
97 329 
Group05_43.txt
349 548 
Group05_45.txt
317 426 746 754 1295 
Group05_46.txt
209 212 573 644 
Group05_48.txt
70 480 523 547 
Group05_49.txt
141 314 
Group06_02.txt
433 468 486 
Group06_07.txt
582 620 
Group06_09.txt
544 
Group06_10.txt
120 165 742 
Group06_11.txt
152 
Group06_12.txt
96 273 
Group06_13.txt
464 558 572 
Group06_15.txt
197 208 
Group06_16.txt
124 817 926 
Group06_17.txt
255 377 
Group06_24.txt
315 
Group06_28.txt
466 
Group06_31.txt
255 377 
Group06_32.txt
10 
Group06_33.txt
364 657 
Group06_35.txt
249 
Group06_38.txt
597 699 
Group06_39.txt
177 
Group06_41.txt
194 
Group06_42.txt
298 573 
Group06_44.txt
719 
Group06_46.txt
328 739 
Group06_47.txt
189 204 449 
Group06_48.txt
175 
Group06_50.txt
249 
Group07_01.txt
18 96 192 623 
Group07_03.txt
87 181 697 1437 1512 2808 2833 
Group07_04.txt
400 1019 
Group07_06.txt
335 708 
Group07_07.txt
206 1095 1136 1155 
Group07_08.txt
113 215 227 468 539 551 
Group07_09.txt
680 696 
Group07_10.txt
383 
Group07_12.txt
448 
Group07_13.txt
396 
Group07_14.txt
337 374 
Group07_15.txt
259 297 
Group07_16.txt
184 
Group07_17.txt
240 377 
Group07_18.txt
562 841 853 1033 1123 
Group07_20.txt
227 524 
Group07_21.txt
816 836 
Group07_22.txt
168 210 376 
Group07_23.txt
201 
Group07_24.txt
291 
Group07_25.txt
63 98 279 347 474 514 
Group07_26.txt
135 143 460 579 
Group07_28.txt
43 
Group07_30.txt
604 
Group07_31.txt
791 840 946 1135 1744 1752 
Group07_33.txt
668 
Group07_34.txt
233 543 
Group07_35.txt
138 288 423 518 555 
Group07_36.txt
387 451 463 883 985 1180 
Group07_37.txt
1088 1415 1422 1628 
Group07_38.txt
1160 1498 
Group07_39.txt
621 
Group07_40.txt
746 789 
Group07_41.txt
237 
Group07_42.txt
220 605 
Group07_43.txt
164 
Group07_46.txt
294 
Group07_48.txt
811 1003 1094 
Group07_49.txt
30 218 259 294 398 1307 1388 1489 2058 2505 2670 2704 
Group08_01.txt
621 
Group08_06.txt
623 
Group08_07.txt
171 
Group08_08.txt
245 
Group08_10.txt
720 
Group08_12.txt
240 488 722 
Group08_13.txt
465 
Group08_14.txt
325 
Group08_15.txt
392 399 633 892 
Group08_16.txt
176 371 501 1418 1632 1703 1767 
Group08_17.txt
642 756 
Group08_18.txt
436 
Group08_19.txt
640 718 
Group08_20.txt
475 
Group08_21.txt
670 
Group08_22.txt
400 496 
Group08_24.txt
349 572 897 
Group08_25.txt
220 435 445 1054 1160 
Group08_29.txt
123 913 1191 1265 1534 
Group08_30.txt
1036 1072 1382 
Group08_36.txt
142 
Group08_50.txt
512 
Group09_01.txt
121 341 633 
Group09_03.txt
193 297 428 
Group09_09.txt
429 475 
Group09_10.txt
609 654 733 735 
Group09_17.txt
399 585 
Group09_18.txt
505 
Group09_21.txt
809 1157 
Group09_22.txt
578 
Group09_23.txt
112 507 
Group09_26.txt
392 686 1117 
Group09_27.txt
150 442 
Group09_29.txt
120 
Group09_31.txt
478 515 564 
Group09_34.txt
485 
Group09_37.txt
496 611 1178 
Group09_38.txt
383 481 607 
Group09_40.txt
176 203 
Group09_41.txt
477 
Group09_42.txt
335 495 
Group09_43.txt
243 
Group09_44.txt
489 
Group09_49.txt
694 
Group10_03.txt
471 
Group10_04.txt
595 
Group10_05.txt
827 850 
Group10_06.txt
72 167 296 531 540 560 584 605 618 
Group10_07.txt
527 
Group10_08.txt
438 452 475 
Group10_09.txt
224 386 510 700 767 976 
Group10_10.txt
296 390 555 580 
Group10_11.txt
534 
Group10_14.txt
502 524 
Group10_15.txt
615 
Group10_17.txt
8 92 114 153 412 467 513 550 578 812 961 1078 
Group10_18.txt
223 
Group10_19.txt
119 146 337 518 
Group10_20.txt
622 645 
Group10_22.txt
358 511 527 
Group10_24.txt
212 281 445 539 565 1269 
Group10_25.txt
1091 1297 
Group10_28.txt
55 666 790 1066 
Group10_29.txt
107 116 
Group10_30.txt
129 306 
Group10_31.txt
281 365 380 606 
Group10_32.txt
241 
Group10_35.txt
667 684 1171 1530 1637 
Group10_36.txt
500 
Group10_37.txt
662 
Group10_38.txt
343 929 1209 
Group10_39.txt
935 
Group10_40.txt
60 
Group10_41.txt
318 
Group10_43.txt
351 448 
Group10_44.txt
77 323 340 432 456 532 749 
Group10_45.txt
610 
Group10_46.txt
401 
Group10_49.txt
67 613 
Group10_50.txt
242 447 
Group11-01.txt
511 683 
Group11-02.txt
50 326 740 
Group11-03.txt
366 468 
Group11-04.txt
657 665 859 
Group11-05.txt
579 713 848 862 937 1155 1193 1332 1579 1594 
Group11-07.txt
411 
Group11-09.txt
453 
Group11-12.txt
733 
Group11-14.txt
448 751 1009 
Group11-15.txt
701 888 915 
Group11-16.txt
574 634 2625 2778 2783 2792 2890 3184 3197 3252 
Group11-17.txt
191 647 
Group11-19.txt
337 
Group11-20.txt
160 1024 
Group11-21.txt
243 310 558 870 890 
Group11-22.txt
607 712 
Group11-23.txt
198 515 781 
Group11-24.txt
709 897 1136 1165 1620 2631 
Group11-25.txt
169 243 
Group11-28.txt
5 103 318 493 1030 
Group11-29.txt
817 
Group11-30.txt
86 325 511 693 
Group11-31.txt
129 531 
Group11-32.txt
866 
Group11-34.txt
200 
Group11-35.txt
410 
Group11-36.txt
404 
Group11-37.txt
503 
Group11-39.txt
412 
Group11-41.txt
373 
Group11-42.txt
595 
Group11-44.txt
124 806 819 
Group11-46.txt
134 586 966 978 1006 1435 1462 1507 1523 
Group11-47.txt
413 803 
Group11-48.txt
220 234 739 779 
Group11-49.txt
266 
Group11-50.txt
46 75 
Group12_02.txt
10 250 702 720 864 937 
Group12_03.txt
895 1209 
Group12_04.txt
395 566 1704 
Group12_06.txt
299 496 858 1391 
Group12_07.txt
927 1089 
Group12_09.txt
8 
Group12_10.txt
163 334 749 875 
Group12_11.txt
275 328 380 407 
Group12_12.txt
275 328 380 407 
Group12_13.txt
468 820 1279 1897 2016 
Group12_14.txt
822 
Group12_19.txt
1356 1376 
Group12_22.txt
48 335 
Group12_24.txt
55 160 
Group12_25.txt
13 74 
Group12_28.txt
21 139 155 341 367 389 395 480 
Group12_30.txt
181 208 
Group12_33.txt
330 
Group12_34.txt
414 579 
Group12_35.txt
417 
Group12_39.txt
12 158 
Group12_41.txt
45 658 
Group12_42.txt
681 1181 
Group12_45.txt
114 287 
Group12_46.txt
564 578 
Group12_48.txt
257 
Group12_49.txt
480 999 1665 2696 
Group13_02.txt
515 571 1238 1348 
Group13_04.txt
423 1172 1208 
Group13_05.txt
151 1915 2067 
Group13_06.txt
420 1530 1753 2439 2652 
Group13_08.txt
265 422 989 
Group13_09.txt
109 337 384 420 500 642 692 919 947 1052 1294 1528 1667 1778 1809 1829 
Group13_11.txt
25 
Group13_12.txt
529 765 
Group13_14.txt
369 
Group13_17.txt
611 
Group13_18.txt
149 160 166 506 614 658 
Group13_20.txt
14 756 
Group13_21.txt
1485 1565 1865 
Group13_22.txt
1368 3051 3448 3946 3989 6271 6370 6695 7093 7126 7809 8723 10568 11191 13494 13692 13789 15162 16057 16112 16134 16157 16293 16566 
Group13_23.txt
2530 2847 3165 3659 
Group13_24.txt
317 507 1124 1137 1366 4353 4456 4506 5264 
Group13_25.txt
531 1142 
Group13_26.txt
132 858 2135 3177 3641 4534 4658 4835 6063 6177 6463 7861 8259 8302 8631 10239 10297 
Group13_27.txt
816 941 1709 2195 2445 2696 2715 2858 2892 2925 3272 
Group13_28.txt
302 877 1313 1470 1645 1653 1793 2436 2543 2563 3344 
Group13_29.txt
3393 3876 
Group13_30.txt
180 324 477 499 761 921 1586 1596 2136 2155 2162 2224 2593 2700 3246 3793 4055 4081 
Group13_31.txt
106 203 
Group13_32.txt
475 949 1389 
Group13_33.txt
645 1035 1881 
Group13_35.txt
184 749 1490 1542 1551 
Group13_36.txt
288 665 1084 
Group13_37.txt
1014 1637 
Group13_38.txt
1533 
Group13_39.txt
565 630 942 
Group13_40.txt
385 666 1026 
Group13_41.txt
155 1302 
Group13_42.txt
869 1137 1367 1390 
Group13_43.txt
173 1115 1221 1390 1462 1528 
Group13_44.txt
484 563 948 993 1486 1840 2040 2139 2176 2185 2222 2873 3404 3417 3426 3833 
Group13_45.txt
527 904 1140 1402 1414 
Group13_46.txt
63 1596 
Group13_47.txt
579 772 944 954 969 1210 
Group13_48.txt
188 1042 1493 1858 2156 
Group13_49.txt
176 531 538 789 
Group14_02.txt
73 526 
Group14_07.txt
316 
Group14_08.txt
192 
Group14_09.txt
23 36 
Group14_11.txt
306 
Group14_12.txt
368 
Group14_13.txt
237 
Group14_16.txt
40 
Group14_18.txt
383 
Group14_19.txt
245 
Group14_20.txt
680 
Group14_21.txt
127 136 
Group14_22.txt
439 
Group14_25.txt
297 
Group14_26.txt
117 
Group14_28.txt
666 
Group14_31.txt
329 393 642 
Group14_32.txt
373 
Group14_33.txt
1060 
Group14_34.txt
532 
Group14_35.txt
1343 1411 1700 
Group14_36.txt
206 479 
Group14_37.txt
401 
Group14_38.txt
10 504 531 932 955 
Group14_40.txt
720 
Group14_41.txt
574 779 
Group14_43.txt
568 
Group14_44.txt
504 530 858 
Group14_45.txt
175 297 
Group14_47.txt
76 
Group14_48.txt
485 510 654 677 
Group14_49.txt
535 
Group14_50.txt
356 626 
