Group01_06.txt
267 300 642 656 715 
Group01_08.txt
598 637 727 
Group01_11.txt
815 838 
Group01_16.txt
196 
Group02_05.txt
262 
Group02_18.txt
2427 
Group02_25.txt
994 
Group03_06.txt
2326 
Group03_12.txt
1152 
Group03_15.txt
32 
Group03_19.txt
775 
Group03_21.txt
95 1737 
Group03_23.txt
75 80 512 
Group03_24.txt
696 1163 
Group03_25.txt
644 
Group03_26.txt
136 
Group03_27.txt
1808 1892 1907 
Group03_34.txt
1604 1904 2015 
Group03_35.txt
22 61 102 
Group03_37.txt
313 
Group04_06.txt
221 
Group04_08.txt
415 
Group04_15.txt
637 
Group04_23.txt
588 
Group04_27.txt
111 116 187 192 549 
Group04_30.txt
1041 
Group04_39.txt
681 955 960 
Group05_45.txt
200 318 447 456 513 567 901 
Group06_23.txt
603 611 685 
Group07_02.txt
670 
Group07_03.txt
1499 2072 
Group07_05.txt
152 202 
Group07_07.txt
448 1167 
Group07_09.txt
180 391 433 453 614 
Group07_11.txt
547 565 581 602 
Group07_14.txt
375 381 466 
Group07_17.txt
156 333 
Group07_18.txt
164 
Group07_20.txt
222 
Group07_21.txt
446 
Group07_24.txt
1166 
Group07_26.txt
250 352 580 644 655 722 
Group07_31.txt
388 428 431 868 1021 1369 1701 1728 
Group07_32.txt
294 426 
Group07_34.txt
440 471 
Group07_35.txt
371 525 
Group07_36.txt
203 700 730 901 921 1095 1135 
Group07_37.txt
204 214 219 225 
Group07_38.txt
435 473 907 1657 1724 1789 1857 
Group07_40.txt
217 246 461 756 
Group07_41.txt
219 223 238 
Group07_44.txt
391 
Group07_46.txt
138 146 152 295 306 320 357 395 470 540 556 568 
Group07_47.txt
130 619 654 701 705 
Group07_48.txt
642 646 
Group08_11.txt
671 
Group08_15.txt
468 
Group08_17.txt
1211 
Group08_21.txt
671 
Group08_25.txt
1226 1243 1295 
Group08_29.txt
108 1400 
Group09_29.txt
42 66 83 259 
Group10_11.txt
1173 
Group10_13.txt
374 
Group10_15.txt
126 674 
Group10_17.txt
905 
Group10_24.txt
71 832 
Group10_44.txt
105 637 
Group10_46.txt
305 
Group10_49.txt
497 
Group11-15.txt
969 978 1552 2297 2478 
Group11-16.txt
179 987 1228 1235 1884 2570 2815 2839 3027 3285 
Group11-18.txt
613 
Group11-19.txt
700 
Group11-20.txt
514 540 
Group11-23.txt
527 532 
Group11-24.txt
273 282 661 948 1036 1126 1187 1193 1532 1538 1549 1613 1618 1712 2327 2343 2407 
Group11-25.txt
173 175 
Group11-28.txt
1012 
Group11-29.txt
799 
Group11-30.txt
675 
Group11-32.txt
848 
Group11-37.txt
732 
Group11-39.txt
337 354 
Group11-45.txt
878 1047 
Group11-46.txt
908 1256 
Group11-47.txt
35 
Group11-50.txt
603 
Group12_04.txt
1722 1806 1816 2687 2771 2781 
Group12_06.txt
837 
Group12_08.txt
9 245 401 
Group12_10.txt
207 
Group12_14.txt
819 
Group12_18.txt
423 441 
Group12_22.txt
476 
Group12_24.txt
274 
Group12_26.txt
774 1526 
Group12_27.txt
347 
Group12_36.txt
178 183 244 248 385 468 
Group12_41.txt
456 588 609 
Group13_02.txt
605 622 
Group13_04.txt
419 853 
Group13_05.txt
231 889 977 1193 1196 2134 2158 2182 
Group13_07.txt
154 
Group13_17.txt
300 
Group13_19.txt
387 
Group13_22.txt
3337 7699 14696 14796 
Group13_25.txt
1146 2477 
Group13_26.txt
5054 5061 6100 
Group13_27.txt
3504 
Group13_30.txt
824 1269 
Group13_33.txt
55 95 655 1943 1993 
Group13_35.txt
1355 
Group13_36.txt
1415 
Group13_38.txt
960 1121 
Group13_39.txt
1380 1505 2072 2076 2082 2088 2093 2100 2121 2124 
Group13_41.txt
1250 
Group13_42.txt
908 
Group13_44.txt
2144 2157 2186 2471 3187 3190 3195 3200 3656 
Group13_48.txt
162 
Group13_49.txt
1160 
Group14_01.txt
45 378 
Group14_11.txt
68 
Group14_16.txt
236 
Group14_20.txt
933 
Group14_25.txt
263 
Group14_39.txt
767 
Group14_40.txt
164 
Group14_41.txt
879 
Group14_42.txt
52 137 
Group14_43.txt
521 
Group14_44.txt
11 
