Group01_01.txt
50 75 110 115 165 205 246 259 369 472 483 491 513 566 602 616 631 
Group01_02.txt
39 84 100 154 213 305 343 
Group01_03.txt
5 21 262 647 681 691 725 735 756 819 843 1097 1106 1120 1152 1167 1239 
Group01_04.txt
50 60 82 155 168 170 281 300 382 
Group01_05.txt
14 206 
Group01_06.txt
263 414 488 497 644 709 790 930 936 
Group01_07.txt
8 110 113 206 303 356 404 447 485 558 594 
Group01_08.txt
168 221 310 653 664 774 778 896 1111 
Group01_09.txt
72 279 365 396 406 
Group01_10.txt
85 126 185 202 207 258 260 478 485 552 611 633 703 711 734 750 803 823 922 976 
Group01_11.txt
73 166 180 238 395 410 519 532 756 925 
Group01_12.txt
21 90 127 147 197 235 248 333 373 464 590 682 
Group01_13.txt
29 63 85 95 143 147 154 157 177 197 213 
Group01_14.txt
9 107 186 206 258 347 532 
Group01_15.txt
180 189 228 289 292 299 327 334 393 
Group01_16.txt
23 153 245 378 
Group01_17.txt
32 90 142 195 221 266 292 297 343 353 
Group01_18.txt
43 50 63 71 79 117 196 245 273 
Group01_19.txt
22 192 202 471 692 
Group01_20.txt
31 125 167 302 351 422 447 469 586 682 
Group01_21.txt
5 39 59 100 121 195 198 315 339 525 548 
Group01_22.txt
10 28 43 61 104 186 217 262 277 280 322 344 361 364 387 390 
Group01_23.txt
27 37 143 155 218 227 278 410 435 548 
Group01_24.txt
50 60 82 155 168 170 281 300 375 
Group01_25.txt
29 48 229 259 269 273 288 293 361 398 517 603 626 673 684 720 734 746 807 827 834 871 914 921 931 937 941 983 1038 1112 1151 
Group01_26.txt
18 28 33 53 145 200 215 231 239 252 310 338 529 534 674 717 
Group01_27.txt
144 155 202 212 321 377 
Group01_28.txt
111 229 280 283 291 306 402 415 420 
Group01_29.txt
27 91 159 178 233 242 268 367 410 419 458 496 557 580 586 645 669 683 699 744 775 807 815 
Group01_30.txt
6 150 171 222 467 494 508 647 698 747 764 
Group01_31.txt
10 17 141 347 452 472 
Group01_32.txt
77 165 232 237 270 272 316 345 382 465 506 518 735 755 758 805 817 897 1009 1016 1048 1137 1140 1237 1254 1259 
Group01_33.txt
34 145 316 378 388 409 437 481 515 527 576 624 648 658 661 666 697 715 765 778 
Group01_34.txt
5 46 86 146 192 204 260 324 354 414 453 544 554 572 616 688 694 
Group01_35.txt
0 47 57 82 137 200 209 231 329 395 398 416 427 433 450 462 465 485 539 614 659 859 916 960 980 1095 1219 1238 1308 
Group01_36.txt
79 115 124 137 168 189 204 214 252 286 304 
Group01_37.txt
43 101 229 243 276 391 448 472 
Group01_38.txt
5 39 59 99 120 193 196 313 337 522 545 
Group01_39.txt
6 17 36 57 70 100 128 144 169 177 192 219 276 338 365 
Group01_40.txt
40 51 59 92 97 129 181 199 217 229 237 292 350 363 466 594 603 708 728 730 746 851 
Group01_41.txt
34 232 252 257 301 401 436 
Group01_42.txt
145 155 198 254 261 362 379 385 415 464 578 
Group01_43.txt
2 13 81 101 180 194 216 288 427 529 557 
Group01_44.txt
63 90 99 114 260 363 426 
Group01_45.txt
9 204 226 244 261 308 326 417 432 445 479 
Group01_46.txt
63 114 139 154 169 215 227 315 331 451 526 
Group01_47.txt
164 198 276 294 328 372 448 
Group01_48.txt
15 61 144 150 153 192 205 209 275 283 287 336 351 364 366 389 416 474 491 
Group01_49.txt
67 76 93 123 156 200 207 460 485 555 558 571 601 609 
Group01_50.txt
115 190 225 322 364 386 459 501 
Group02_01.txt
24 83 86 118 200 216 228 234 247 331 362 419 553 631 655 688 
Group02_02.txt
49 58 83 141 177 261 287 318 337 391 403 444 460 496 600 616 651 674 691 772 802 850 908 921 1011 
Group02_03.txt
23 85 136 237 263 317 344 471 536 612 616 647 729 745 756 821 870 939 986 994 1023 
Group02_04.txt
36 153 301 306 321 352 390 429 468 560 689 746 
Group02_05.txt
61 66 170 212 214 238 298 367 475 579 726 744 
Group02_06.txt
81 208 228 233 239 248 367 377 409 484 538 575 610 677 737 776 
Group02_07.txt
9 11 35 37 84 128 142 258 295 348 355 359 371 440 540 616 771 
Group02_08.txt
25 38 100 134 215 223 267 323 334 354 433 
Group02_09.txt
40 78 141 205 232 248 252 337 395 578 584 610 629 644 686 689 710 771 805 812 
Group02_10.txt
91 96 128 132 249 253 264 346 354 399 410 422 468 475 620 624 704 722 728 779 950 993 1001 1005 1036 1060 1071 1119 1125 1135 1146 1162 
Group02_11.txt
37 52 58 73 217 229 290 354 422 426 455 518 531 551 583 672 806 817 861 882 921 938 947 
Group02_12.txt
50 67 105 173 205 223 298 326 372 412 431 467 480 527 530 561 622 636 641 655 717 734 815 982 1000 1030 1072 
Group02_13.txt
23 75 169 179 208 310 367 400 445 465 501 528 549 572 594 739 843 865 881 
Group02_14.txt
197 344 353 468 481 543 564 636 659 729 757 768 860 
Group02_15.txt
63 353 357 380 403 461 477 
Group02_16.txt
19 49 78 87 101 105 107 118 132 146 168 199 221 298 310 337 349 358 372 404 420 472 498 509 567 583 586 594 647 657 676 695 730 786 807 947 
Group02_17.txt
31 69 162 414 556 569 617 744 
Group02_18.txt
82 127 182 185 437 568 693 837 907 913 923 934 995 1009 1050 1078 1117 1183 1194 1219 1261 1458 1468 1485 1495 1540 1548 1662 1674 1812 1834 1847 1863 1880 2057 2089 2106 2116 2133 2163 2196 2243 2306 2374 2468 2502 2510 2544 2547 2647 2650 2714 2764 2821 2896 2922 2947 3031 3068 3104 3114 3139 
Group02_19.txt
109 206 401 457 532 636 658 854 875 885 909 1066 1105 1169 1227 1241 1245 1258 1433 1445 1469 1509 1596 1674 1689 1709 1726 1741 1844 1870 
Group02_20.txt
85 110 119 160 174 207 213 310 330 359 393 416 451 483 516 667 722 786 798 806 886 954 1130 1140 1184 1192 1322 1473 1888 1986 2135 2377 2427 2441 2555 2621 2632 2666 2670 2718 2810 2855 2920 3018 3145 3153 3220 3280 3309 3366 3415 3480 3767 3781 3994 4015 4155 4192 
Group02_21.txt
64 73 202 217 412 459 516 593 629 647 736 738 757 812 939 1015 1071 1152 1232 1286 1344 1395 1472 1495 1509 1564 1653 1768 1809 1874 1902 1920 1989 2035 2161 2175 2206 2219 2256 2277 2316 2327 2367 2384 2393 2444 2717 2769 
Group02_22.txt
99 113 170 183 264 302 309 368 374 458 492 500 561 595 643 691 753 798 810 813 897 918 933 976 1066 1134 1211 1266 1269 1324 1344 1361 1439 1475 1717 1756 1849 1888 1899 1907 1918 2109 2200 2310 2314 2373 2760 2888 3145 3177 3191 3202 3250 3306 3358 3386 3409 3439 3491 3517 3574 3682 3713 3730 
Group02_23.txt
33 56 112 386 465 631 783 790 815 871 888 892 1192 1322 1378 1412 1443 1469 1486 1542 1549 1565 1590 1600 1621 1644 1666 
Group02_24.txt
28 58 111 170 260 400 543 583 605 669 708 748 896 925 948 1018 1207 1280 1344 1475 1482 
Group02_25.txt
7 60 94 102 110 132 350 440 549 579 724 756 773 817 920 991 1092 1202 1206 1246 1287 
Group02_26.txt
4 101 111 125 172 295 351 368 392 582 633 655 809 857 
Group02_27.txt
23 42 51 68 225 292 457 478 514 531 608 665 746 755 933 1001 1058 1067 1291 1305 1331 1399 1524 1670 
Group02_28.txt
30 103 170 184 198 254 453 460 476 533 552 626 710 751 763 801 890 1015 1087 1100 1192 1387 1401 1431 1473 1524 1537 1558 1637 1668 1731 1760 1794 1804 1852 1916 1928 1936 1958 2084 2106 
Group02_29.txt
150 169 195 219 287 404 458 651 759 829 847 921 966 1066 1076 1080 1125 1290 1319 1328 
Group02_30.txt
6 82 196 318 385 448 454 507 669 678 769 830 843 853 1058 1246 1275 1286 1350 1373 1386 1418 1510 1748 1764 1779 1799 1874 1900 1903 1993 2007 2018 2035 2163 2275 2294 2319 2342 2360 2405 2416 2444 2483 2504 2509 2533 2546 2622 2639 2682 2715 2720 2882 2949 2992 3001 3040 3081 3121 3134 3158 3180 3231 3254 3264 3282 3290 3475 3510 3525 3617 3635 3653 3774 3834 3982 4013 4037 4051 4056 4179 4334 4359 4376 
Group02_31.txt
44 81 219 859 946 1320 1662 1808 1822 1841 2022 2049 2093 2246 2274 2396 2402 2455 2515 2518 2554 2563 2609 2758 2786 2934 2996 
Group02_32.txt
4 107 124 179 211 244 275 288 311 412 455 548 572 636 646 746 758 796 823 857 859 926 977 985 993 1094 1130 1195 1198 1212 1258 1378 1520 1631 1735 1836 1864 1894 1990 2058 2074 2101 2242 2259 2297 2313 2317 2334 2349 2378 2385 2417 2423 2437 2496 2608 2721 2742 
Group02_33.txt
34 119 140 156 181 249 502 641 676 749 760 776 836 940 1043 1085 1179 1207 1282 1295 1300 1303 1376 1441 1531 1615 1834 1949 1956 1961 2028 2167 2202 2212 2288 2316 2350 2398 2426 2476 2517 2703 2708 2737 2751 2822 3114 3126 3142 3149 3156 3166 3189 3250 3308 3356 3440 
Group02_34.txt
61 380 527 559 619 692 701 717 724 726 845 856 929 945 957 983 1011 1042 1120 1130 1180 1200 1249 1263 1294 1342 1351 1370 
Group02_35.txt
31 36 48 75 164 205 253 463 532 628 641 695 742 753 816 863 874 891 
Group02_36.txt
91 139 225 231 283 350 450 464 576 588 608 748 819 843 900 1144 1248 1356 1561 1700 1755 1789 1800 
Group02_37.txt
23 80 99 163 187 231 263 341 394 421 496 651 687 709 862 888 1108 1135 1150 1184 1237 1248 1311 1343 1466 1524 
Group02_38.txt
48 83 142 208 290 349 367 529 555 584 814 826 849 862 929 939 946 990 1012 1035 1247 1254 1261 1427 1565 1575 1679 1748 1827 1845 1921 1939 1977 2028 2072 2090 2114 2129 2221 2250 2274 2382 2385 2417 2433 2467 2482 2494 2567 2662 2789 2861 2865 2999 3050 3097 3113 3198 3241 3305 3313 3321 3343 3358 3427 3445 3487 3539 
Group02_39.txt
7 13 38 86 133 177 204 238 326 347 360 401 415 427 472 585 620 682 718 808 817 879 898 921 924 987 1031 1086 1160 1171 1249 1417 1561 1594 1611 1673 
Group02_40.txt
10 13 46 50 63 125 198 217 234 266 277 337 347 443 560 674 744 893 897 961 967 1113 1160 1223 1401 1429 1448 1523 1529 1540 1646 1767 1776 1803 1904 2258 
Group02_41.txt
61 120 218 244 313 427 442 510 667 691 726 762 984 993 1015 1049 1090 1173 1273 1304 1453 1471 1666 
Group02_42.txt
37 107 109 290 338 374 453 514 652 671 743 
Group02_43.txt
67 92 318 332 382 389 416 437 512 617 648 674 685 738 777 812 822 830 864 1016 1065 1256 1300 1317 1568 1651 
Group02_44.txt
105 128 141 298 468 471 490 525 551 619 651 765 813 938 1067 1076 1141 1182 1228 1285 1317 1340 1446 1505 1529 1610 1648 1669 1678 
Group02_45.txt
175 238 249 330 335 356 361 423 426 433 459 492 508 563 628 652 912 947 955 963 973 997 1061 1081 1137 1199 1592 1683 1751 1780 1841 
Group02_46.txt
15 56 65 75 138 143 173 181 193 198 201 215 241 320 393 408 419 433 462 501 546 594 717 730 735 749 783 811 858 871 892 979 1033 1127 1154 1184 1188 1263 1392 1396 1401 1432 1487 1510 1548 1554 1561 1599 1697 1728 1741 1759 1792 1800 1857 1924 1944 1961 2018 2030 2071 2082 2093 2106 2142 2154 2198 2267 2289 2316 2341 2372 2392 2494 2518 2573 2596 2609 
Group02_47.txt
22 193 311 359 378 574 653 754 781 793 804 906 970 991 998 1032 1042 1087 1102 1117 1123 1240 1251 1303 
Group02_48.txt
33 44 59 92 110 212 217 227 583 586 658 710 896 908 914 956 1123 1135 1144 1154 1192 1302 1308 1328 1351 1362 1381 1410 1452 1483 1503 1598 1663 1725 1947 2064 2113 2160 2207 2242 2260 2416 2495 2512 2591 2602 2664 2696 2728 2754 2764 2801 2871 2897 2915 2958 
Group02_49.txt
48 99 136 184 198 212 232 286 348 482 529 553 578 597 699 763 890 897 952 967 989 1014 1067 1075 1097 1142 1202 1237 1250 1264 1295 1346 1483 1507 1544 1547 1562 1583 1585 1605 1632 1651 1681 1818 1870 1957 2033 2078 2100 2369 2391 2478 2492 2550 2620 2645 2702 2709 2754 2784 2812 3195 3201 3215 3297 3400 3449 3493 3513 3530 3645 3696 3707 3860 3910 4027 4086 
Group02_50.txt
17 23 28 77 87 105 161 187 322 341 484 580 594 606 650 696 735 755 874 887 938 1049 1062 1100 1125 1144 1162 1217 1237 1267 1358 1443 1464 1541 1609 1654 1742 1758 1762 1791 1824 1838 1883 1891 1893 1922 1930 1945 1966 2055 2070 
Group03_01.txt
173 198 201 233 296 368 423 
Group03_02.txt
7 29 60 74 112 153 173 216 235 245 271 323 369 380 518 524 567 570 669 705 737 751 761 816 
Group03_03.txt
19 35 135 157 215 260 270 431 447 481 511 523 531 562 631 654 688 702 722 846 870 908 917 940 964 1020 1027 1063 1086 1104 
Group03_04.txt
3 60 75 130 176 180 234 245 275 306 316 457 620 659 782 848 879 893 927 936 970 1000 1024 1063 1128 1201 1216 1226 1263 1357 1362 1412 1428 1449 1456 1465 1489 1586 1607 1643 1696 1751 1791 1828 1843 1847 1870 1907 1929 1957 2016 2041 2186 2276 2297 2306 
Group03_05.txt
68 110 115 118 134 143 203 293 323 360 391 394 501 503 533 548 599 627 653 657 745 813 837 889 926 949 953 1059 
Group03_06.txt
77 114 178 279 296 421 440 467 507 550 669 697 731 794 1011 1056 1097 1134 1148 1154 1257 1316 1330 1405 1573 1581 1629 1684 1711 1717 1723 1763 1770 1808 1831 1865 1963 2025 2061 2123 2159 2256 2290 2356 2411 2468 2485 2520 2529 2660 2675 2773 
Group03_07.txt
11 52 122 133 324 431 468 471 482 494 507 586 624 715 788 846 1016 1036 1071 1131 1191 1207 1228 1249 1284 1353 1360 1387 1404 1455 1479 1505 1548 1638 1774 1802 1829 1864 1872 1959 1968 1977 1986 2008 2046 2062 2088 2112 2124 2137 2168 2198 2254 2296 2366 2385 2401 2438 2467 2471 2483 2569 2610 2633 2667 2674 
Group03_08.txt
50 72 110 250 294 377 400 477 485 489 554 637 669 700 745 
Group03_09.txt
3 42 103 136 203 208 222 265 455 462 629 729 753 834 942 1041 1049 
Group03_10.txt
3 17 95 227 235 245 256 267 283 338 432 437 490 520 535 569 590 601 658 697 725 788 812 819 956 979 996 
Group03_11.txt
54 90 100 134 147 156 163 174 200 314 322 337 355 402 406 430 598 691 693 704 749 885 921 961 985 
Group03_12.txt
16 48 83 117 218 231 252 281 346 446 472 679 723 770 796 856 878 943 972 1032 1045 1048 1146 1206 1285 
Group03_13.txt
13 112 132 144 170 186 197 202 225 283 310 332 341 349 412 442 478 514 536 658 704 756 883 891 902 934 975 1020 1180 1193 1211 1246 1290 1369 1403 1418 1517 
Group03_14.txt
157 166 324 405 479 483 504 559 600 642 750 770 908 945 1052 1250 1252 
Group03_15.txt
48 75 93 114 207 216 260 375 397 476 583 
Group03_16.txt
59 79 252 320 352 526 530 671 763 
Group03_17.txt
44 134 174 389 486 506 615 701 775 819 829 867 
Group03_18.txt
75 98 137 207 213 232 314 405 428 472 487 585 651 659 684 716 762 902 978 1021 1057 1089 1097 1115 1121 1187 1190 1249 
Group03_19.txt
55 123 162 187 251 436 506 720 841 855 863 884 905 
Group03_20.txt
152 160 170 246 270 352 358 406 416 530 635 658 687 696 795 832 859 
Group03_21.txt
32 35 76 125 158 179 218 250 373 425 450 507 532 569 612 638 683 693 722 790 819 858 864 1010 1026 1066 1087 1138 1150 1174 1266 1283 1293 1361 1386 1398 1423 1548 1562 1573 1676 1774 1845 
Group03_22.txt
79 118 188 206 212 241 277 296 388 397 412 550 559 607 628 672 690 705 719 778 796 889 927 939 971 1014 1052 1062 1080 1133 
Group03_23.txt
7 11 100 110 174 195 291 299 305 376 521 636 653 672 751 755 
Group03_24.txt
83 132 158 163 302 358 431 508 610 698 716 833 1051 1096 1264 1279 1299 1307 1318 1371 1380 1456 1493 1718 1786 1802 1807 1834 1878 1889 1895 1900 1928 1952 1956 
Group03_25.txt
63 164 239 274 284 307 330 417 430 444 484 661 713 718 737 
Group03_26.txt
24 51 117 121 251 320 337 350 392 409 472 491 522 614 636 707 719 758 803 805 831 834 840 862 902 993 1016 1064 1080 1100 1105 1162 1216 1245 1359 1385 1430 1451 1479 1510 1569 1580 1587 1594 1639 
Group03_27.txt
90 94 182 187 468 476 635 719 905 922 947 1052 1123 1135 1172 1346 1464 1496 1639 1668 1687 1725 1755 
Group03_28.txt
21 39 67 73 97 218 232 247 349 377 400 404 421 478 563 622 638 656 685 697 705 748 770 814 825 865 
Group03_29.txt
115 217 370 501 584 649 714 765 808 815 991 1024 1056 1065 1079 1087 1091 1201 1222 1242 1399 1443 1480 1484 1749 1861 1867 1892 1946 1956 1959 
Group03_30.txt
15 45 75 85 115 151 159 183 241 268 286 436 451 501 519 542 628 652 701 707 749 797 824 842 861 895 932 958 966 1018 1085 1122 1131 1188 1251 1269 1277 1298 1402 1520 1624 
Group03_31.txt
153 206 254 267 306 353 425 437 449 495 503 547 596 698 820 933 970 1006 1045 1103 1326 1396 1421 1468 1495 1502 1584 1673 1787 1841 1845 1880 1900 1915 1944 1985 1993 2045 2084 2251 2259 2299 2358 2525 2540 2728 2793 2830 2882 
Group03_32.txt
127 160 197 213 224 291 393 439 531 542 545 738 859 877 974 1031 1044 1059 1072 1133 1245 1275 1311 1375 1467 
Group03_33.txt
28 137 165 177 194 234 252 279 293 330 371 416 550 561 578 673 678 857 926 1008 1071 1227 1257 1311 1369 1388 1457 
Group03_34.txt
102 209 226 234 343 384 562 580 642 685 883 895 900 934 1013 1038 1126 1154 1163 1267 1358 1367 1390 1403 1487 1490 1533 1783 1928 2026 2034 2108 2171 2209 2236 2279 2343 2411 2488 2508 2552 2588 2668 2672 2745 2747 2761 2826 
Group03_35.txt
8 37 64 78 82 109 122 134 140 184 229 279 305 307 375 613 637 667 675 695 868 952 1015 1079 1161 1326 1337 
Group03_36.txt
17 71 84 200 283 465 638 645 880 1060 1179 1240 1246 1262 1268 1304 1356 1422 1438 1505 1627 1645 
Group03_37.txt
62 129 145 174 222 276 311 458 612 664 677 813 924 963 1021 1099 1198 1203 1297 1351 1431 1438 1599 1813 1847 1977 2095 2100 2156 2280 2292 2366 
Group03_38.txt
31 81 204 219 403 421 451 493 496 509 525 599 607 639 704 806 821 825 922 953 994 1041 
Group03_39.txt
110 143 180 196 207 274 376 422 514 525 528 721 842 860 
Group03_40.txt
7 116 144 156 173 213 231 258 272 309 350 395 529 540 557 652 657 836 905 987 1050 
Group03_41.txt
11 31 109 139 193 270 341 345 351 
Group03_42.txt
96 198 354 485 568 639 704 755 798 805 984 1017 1053 1062 1076 1084 1088 1219 1240 1260 1417 1461 1498 1502 
Group03_43.txt
47 104 146 162 180 203 226 298 307 359 364 491 498 626 671 
Group03_44.txt
25 45 48 81 155 165 190 195 216 254 269 311 338 345 354 371 412 476 519 532 540 564 569 621 654 732 751 795 799 808 878 890 907 931 1063 1201 1230 1415 1438 
Group03_45.txt
9 55 58 79 143 161 169 181 197 240 354 392 409 418 513 
Group03_46.txt
95 184 230 259 265 285 293 301 309 382 410 477 529 
Group03_47.txt
8 69 175 214 228 274 310 324 340 401 426 470 506 517 528 588 599 636 693 742 801 836 886 945 960 995 
Group03_48.txt
55 179 195 285 300 340 372 390 408 423 493 507 525 550 695 717 
Group03_49.txt
131 143 158 197 279 333 395 408 478 583 591 812 852 862 914 
Group03_50.txt
34 194 248 361 402 515 639 854 881 989 1049 1138 1239 1263 1326 1450 1453 1554 1591 
Group04_01.txt
163 173 205 224 264 387 446 485 503 506 512 521 570 593 596 619 662 685 698 700 779 801 816 836 915 
Group04_02.txt
11 140 159 221 261 271 275 423 451 465 500 547 
Group04_03.txt
12 19 29 50 55 57 75 97 107 116 139 164 187 201 208 220 253 274 314 327 362 425 473 520 544 563 
Group04_04.txt
150 156 234 292 298 305 312 318 331 356 382 421 445 470 474 
Group04_05.txt
23 67 105 178 184 193 320 348 461 541 564 645 
Group04_06.txt
16 236 278 327 383 506 525 588 613 632 665 686 728 787 798 831 871 880 899 942 
Group04_07.txt
9 199 217 225 253 283 328 409 432 449 520 636 641 695 698 733 790 913 997 1056 1067 1083 1217 
Group04_08.txt
15 59 169 194 318 328 422 475 567 657 666 
Group04_09.txt
56 94 133 181 197 222 249 253 285 329 571 
Group04_10.txt
79 93 112 129 167 196 265 279 298 304 640 739 816 849 856 911 1007 1055 1079 
Group04_11.txt
7 40 155 212 217 253 263 295 310 539 561 
Group04_12.txt
28 114 142 147 171 183 210 305 342 382 509 560 582 598 
Group04_13.txt
46 58 64 114 177 234 309 326 335 364 378 390 471 505 514 521 574 664 699 714 755 765 828 881 1080 1102 1125 
Group04_14.txt
66 68 71 95 115 121 147 181 215 241 315 372 515 634 
Group04_15.txt
17 106 161 171 177 283 289 301 355 391 468 508 515 560 619 719 765 782 865 871 991 1050 1088 1193 
Group04_16.txt
33 36 50 56 68 73 90 110 148 167 174 207 269 337 411 498 501 504 532 543 557 562 
Group04_17.txt
121 283 311 337 359 465 534 570 581 670 712 780 873 937 1007 1063 1088 1100 1114 1179 
Group04_18.txt
43 66 88 97 124 128 158 178 222 389 424 448 466 545 556 564 
Group04_19.txt
113 122 231 490 497 
Group04_20.txt
7 12 119 197 292 330 381 392 490 
Group04_21.txt
49 61 125 261 316 358 367 403 411 461 495 503 509 526 599 735 748 757 763 801 851 860 862 887 924 931 
Group04_22.txt
10 28 55 63 69 110 190 218 241 279 314 318 363 386 439 465 477 526 
Group04_23.txt
9 71 297 300 363 374 453 564 622 
Group04_24.txt
72 116 139 245 269 310 332 354 375 383 423 509 692 707 716 
Group04_25.txt
50 80 82 93 117 131 159 236 292 323 337 379 426 451 482 486 526 537 547 552 559 574 618 669 693 705 713 
Group04_26.txt
12 62 77 95 106 118 125 145 214 338 343 394 433 491 496 523 526 561 566 635 712 721 730 758 
Group04_27.txt
226 255 328 368 442 540 605 
Group04_28.txt
5 60 100 106 133 183 194 517 586 643 666 674 685 
Group04_29.txt
68 109 203 227 324 352 472 
Group04_30.txt
282 294 397 407 453 457 464 493 504 536 581 614 690 762 831 921 945 
Group04_31.txt
23 68 92 152 168 212 215 383 493 582 635 645 
Group04_32.txt
15 64 89 102 119 137 199 238 385 401 414 422 444 455 473 525 530 573 586 611 638 673 678 731 752 799 806 859 
Group04_33.txt
75 84 91 190 235 311 409 421 445 472 482 553 614 637 649 675 687 700 
Group04_34.txt
114 243 278 383 386 635 870 
Group04_35.txt
154 172 234 260 264 436 462 481 538 
Group04_36.txt
31 49 73 83 97 127 130 155 231 245 260 286 358 415 474 485 495 529 556 595 683 709 820 
Group04_37.txt
18 38 45 57 97 159 176 223 399 407 461 531 541 546 
Group04_38.txt
80 205 221 302 367 395 515 613 
Group04_39.txt
77 132 151 194 233 254 315 553 573 576 586 608 671 739 756 804 857 875 
Group04_40.txt
52 133 171 195 270 288 403 421 564 588 
Group04_41.txt
82 111 215 232 242 278 295 539 630 657 739 790 793 817 924 1122 1132 
Group04_42.txt
59 88 134 151 163 240 272 330 343 361 377 386 505 541 575 
Group04_43.txt
75 88 113 198 320 359 376 399 457 563 575 588 684 693 708 
Group04_44.txt
72 120 137 179 247 323 380 632 675 
Group04_45.txt
94 178 193 332 336 343 356 413 472 521 
Group04_46.txt
6 47 152 182 195 220 226 231 304 326 349 458 473 524 571 580 685 694 700 703 821 825 839 924 988 1066 1077 1109 1127 
Group04_47.txt
70 90 146 181 247 259 323 374 445 449 512 575 590 596 670 
Group04_48.txt
36 45 83 119 125 147 267 288 305 311 321 333 350 414 476 
Group04_49.txt
16 79 189 235 370 439 472 484 516 550 557 563 583 616 
Group04_50.txt
22 62 93 137 157 198 257 304 417 460 465 499 534 556 631 690 757 
Group05_01.txt
34 70 121 153 171 194 
Group05_02.txt
39 192 216 278 305 476 572 578 595 623 647 709 878 910 969 978 1026 1089 1125 1145 1210 
Group05_03.txt
8 19 25 27 54 106 112 154 218 265 272 339 352 368 
Group05_04.txt
21 35 79 113 175 187 192 202 256 309 349 389 431 465 510 527 534 568 647 674 736 783 805 1005 1012 1033 1056 1085 1105 
Group05_05.txt
133 179 207 214 269 289 297 395 480 
Group05_06.txt
14 27 46 95 141 153 166 272 293 371 400 421 534 549 630 645 697 794 880 932 971 1025 1038 1043 1091 1145 
Group05_07.txt
29 54 72 105 116 209 217 268 297 311 410 436 452 478 491 495 512 
Group05_08.txt
31 110 178 204 266 281 312 373 388 
Group05_09.txt
74 95 122 140 190 208 266 308 334 391 408 433 487 526 748 783 791 895 921 963 
Group05_10.txt
39 64 161 172 181 267 293 376 387 407 465 570 633 664 
Group05_11.txt
63 80 148 194 310 386 391 414 440 450 499 513 529 539 555 
Group05_12.txt
37 79 
Group05_13.txt
21 49 91 242 390 426 613 649 691 703 791 896 905 922 932 1082 1112 1165 1190 1241 
Group05_14.txt
156 159 233 314 494 538 668 841 866 879 999 
Group05_15.txt
52 80 104 124 191 203 223 251 282 319 354 359 386 450 576 603 620 
Group05_16.txt
88 148 156 448 587 612 644 654 691 725 731 734 746 760 783 800 822 882 923 1026 
Group05_17.txt
122 202 271 288 298 318 322 380 430 488 546 612 637 671 680 733 737 747 982 1053 
Group05_18.txt
95 196 210 305 396 487 559 611 621 646 721 775 821 844 944 975 1001 
Group05_19.txt
59 115 179 191 475 487 519 537 554 565 596 607 612 825 
Group05_20.txt
10 31 120 129 152 266 273 294 334 408 413 443 452 535 628 641 851 894 932 996 1027 1087 
Group05_21.txt
70 197 206 260 310 421 478 498 537 571 607 729 741 791 794 886 
Group05_22.txt
142 220 363 398 436 493 511 523 545 
Group05_23.txt
54 163 320 374 559 673 871 906 1108 1352 1381 1418 1444 
Group05_24.txt
54 99 425 524 
Group05_25.txt
38 151 154 160 261 296 347 354 412 418 482 493 508 526 549 576 614 781 799 868 981 985 999 1032 1051 1061 1098 1149 1179 1198 
Group05_26.txt
12 24 144 152 268 285 399 428 469 492 582 598 632 716 721 789 808 
Group05_27.txt
14 83 121 390 472 590 631 692 875 891 910 952 959 1015 1051 1169 1247 1254 1277 1337 1350 1375 
Group05_28.txt
24 141 186 206 221 346 371 386 390 433 522 539 
Group05_29.txt
16 31 49 79 87 129 229 331 344 358 425 
Group05_30.txt
70 93 132 193 246 255 368 424 460 481 488 517 574 683 761 783 798 812 843 856 880 885 937 940 955 959 971 
Group05_31.txt
51 90 157 199 219 246 
Group05_32.txt
131 176 206 253 259 368 388 580 600 612 670 697 702 720 751 799 832 
Group05_33.txt
41 55 119 144 
Group05_34.txt
79 127 148 
Group05_35.txt
39 44 50 95 172 208 216 219 251 281 301 338 438 478 493 
Group05_36.txt
3 15 19 50 144 181 193 200 229 
Group05_38.txt
4 101 179 245 287 
Group05_39.txt
5 27 83 92 116 224 231 284 288 
Group05_40.txt
11 137 147 155 249 258 289 352 372 378 398 433 457 473 487 
Group05_41.txt
22 197 243 288 299 318 392 422 437 
Group05_42.txt
116 244 
Group05_43.txt
129 140 399 410 415 450 481 499 
Group05_44.txt
11 90 157 167 181 221 278 326 350 358 371 424 488 514 544 550 572 603 703 734 747 806 815 821 828 834 914 919 934 1070 
Group05_45.txt
57 107 131 148 185 352 354 394 413 450 478 480 571 689 768 780 812 831 908 954 982 1017 1027 1050 1106 1127 1139 1239 1271 
Group05_46.txt
35 50 78 167 176 183 243 249 268 292 312 363 379 447 493 
Group05_47.txt
22 45 61 73 114 
Group05_48.txt
71 174 178 185 195 217 244 271 293 297 325 356 380 391 429 454 487 
Group05_49.txt
53 110 326 454 574 611 616 689 780 888 
Group05_50.txt
53 81 128 167 179 224 236 256 284 315 352 387 392 419 490 616 643 660 
Group06_01.txt
2 85 160 286 307 321 358 377 391 407 416 456 506 
Group06_02.txt
39 70 89 107 184 190 238 375 427 439 542 554 652 696 728 746 753 788 827 
Group06_03.txt
31 101 193 238 262 336 436 462 506 521 530 565 572 749 
Group06_04.txt
26 46 49 85 138 164 185 209 254 263 292 332 337 362 429 442 508 515 535 588 618 725 
Group06_05.txt
34 98 141 154 167 180 212 256 261 315 329 359 382 403 405 439 528 576 625 671 
Group06_06.txt
15 30 50 71 97 100 173 194 215 224 265 271 305 341 386 420 424 437 467 500 531 573 629 692 709 809 815 829 
Group06_07.txt
6 27 36 82 152 171 213 303 316 336 359 372 429 446 494 588 624 636 
Group06_08.txt
7 21 41 71 92 103 140 155 172 209 240 273 349 412 492 
Group06_09.txt
17 62 109 262 300 331 516 535 558 579 603 656 668 687 690 710 
Group06_10.txt
47 51 122 144 147 300 308 337 355 369 424 713 
Group06_11.txt
7 18 51 99 117 134 161 166 174 178 193 200 211 221 246 296 330 348 353 474 511 525 547 659 664 722 786 
Group06_12.txt
23 127 261 263 310 320 358 374 380 419 454 459 462 488 537 
Group06_13.txt
12 139 146 173 203 239 312 346 427 533 727 
Group06_14.txt
12 100 120 199 248 291 303 330 421 478 491 536 
Group06_15.txt
20 48 74 132 170 272 291 410 414 425 482 524 766 804 818 829 
Group06_16.txt
83 96 132 161 296 304 382 388 422 476 503 575 603 634 648 678 704 749 794 884 907 983 1020 1022 1070 1155 
Group06_17.txt
10 29 90 128 178 231 345 384 545 665 720 754 816 844 858 874 882 883 898 910 1012 1019 1036 
Group06_18.txt
79 93 194 222 295 303 362 382 393 397 443 464 551 600 622 636 703 711 
Group06_19.txt
31 35 74 90 289 313 406 415 440 560 573 645 697 757 
Group06_20.txt
45 99 182 228 351 463 480 559 637 650 719 
Group06_21.txt
27 51 55 102 238 264 363 383 385 424 434 554 557 601 657 767 775 792 807 810 844 
Group06_22.txt
13 44 69 92 155 231 245 277 280 324 332 348 474 533 576 603 650 
Group06_23.txt
18 28 33 72 89 108 130 223 228 234 258 303 324 405 413 518 546 584 623 679 757 777 831 855 882 
Group06_24.txt
4 16 24 40 45 74 143 194 210 261 270 305 411 440 452 454 463 491 493 498 519 555 
Group06_25.txt
13 63 70 103 151 237 259 265 313 410 414 470 500 508 521 530 542 575 598 674 
Group06_26.txt
30 103 121 216 356 408 429 462 490 567 577 587 597 607 611 
Group06_27.txt
86 97 194 355 429 458 462 472 
Group06_28.txt
59 96 138 258 290 300 343 352 364 382 451 461 598 737 
Group06_29.txt
56 63 135 172 258 281 293 304 339 342 350 365 408 477 504 567 573 615 619 666 676 692 
Group06_30.txt
2 9 21 25 43 54 137 148 172 188 204 339 461 525 551 563 
Group06_31.txt
10 29 90 128 178 231 345 384 545 665 720 754 816 844 858 874 882 883 898 910 1012 1019 1036 
Group06_32.txt
15 41 47 59 83 181 193 275 409 411 610 679 
Group06_33.txt
18 28 175 209 241 247 311 381 421 438 498 603 666 677 679 699 706 786 801 
Group06_34.txt
15 32 58 108 132 145 243 275 331 388 474 
Group06_35.txt
1 76 118 137 174 191 259 318 396 411 425 449 489 515 
Group06_36.txt
47 54 113 148 220 264 343 421 534 586 647 673 692 
Group06_37.txt
55 98 147 174 258 271 281 311 336 445 456 
Group06_38.txt
60 111 118 125 220 299 343 361 423 440 454 499 514 532 643 662 692 
Group06_39.txt
29 34 63 80 109 123 202 212 230 239 243 377 404 438 462 
Group06_40.txt
2 35 40 49 109 120 316 353 357 388 395 522 
Group06_41.txt
7 51 173 225 237 240 276 286 291 390 408 411 456 599 608 
Group06_42.txt
33 43 74 86 155 255 262 321 359 474 491 507 
Group06_43.txt
75 97 159 284 303 327 344 369 377 493 529 681 715 
Group06_44.txt
5 23 54 111 142 172 234 286 560 619 710 725 769 867 899 
Group06_45.txt
93 99 145 172 249 272 277 404 523 620 
Group06_46.txt
22 171 199 207 223 397 515 555 624 631 670 693 733 
Group06_47.txt
6 19 74 89 93 302 327 339 412 542 571 575 585 
Group06_48.txt
43 86 152 170 188 279 385 445 477 497 517 545 584 
Group06_49.txt
5 12 27 125 133 217 276 397 400 436 467 516 544 
Group06_50.txt
165 187 358 404 480 483 561 575 580 586 603 644 
Group07_01.txt
74 78 182 195 287 310 406 466 562 654 742 886 
Group07_02.txt
287 340 361 380 399 470 620 698 
Group07_03.txt
75 124 159 242 255 282 323 367 397 414 427 465 468 582 622 674 725 798 830 900 910 941 1097 1112 1215 1232 1240 1243 1286 1293 1303 1318 1331 1346 1351 1394 1546 1557 1570 1580 1642 1801 1994 2054 2083 2130 2182 2206 2223 2230 2250 2269 2283 2366 2377 2386 2499 2559 2759 2828 2856 
Group07_04.txt
213 236 251 388 467 482 493 637 686 715 722 736 788 818 831 868 882 970 986 1013 1048 1052 1059 1070 1082 1087 1115 1119 1125 1170 1180 
Group07_05.txt
33 91 121 176 203 229 243 334 560 639 649 651 673 742 795 871 932 
Group07_06.txt
39 91 107 113 128 212 245 288 307 325 457 521 528 562 642 678 743 745 
Group07_07.txt
73 91 137 211 233 255 431 477 526 607 618 636 660 700 705 785 871 975 999 1003 1036 1062 1111 1178 1218 1269 1273 1296 1406 
Group07_08.txt
7 27 44 52 63 173 300 343 370 389 441 530 600 
Group07_09.txt
53 94 106 268 512 588 684 
Group07_10.txt
34 61 113 167 226 245 265 325 334 352 433 503 
Group07_11.txt
35 97 114 242 268 325 404 448 502 509 541 651 
Group07_12.txt
169 198 206 331 369 407 457 597 603 660 968 979 1027 
Group07_13.txt
39 84 146 257 277 297 318 335 340 361 535 603 638 
Group07_14.txt
4 6 27 33 44 54 112 143 185 191 233 260 284 
Group07_15.txt
39 110 167 226 333 453 
Group07_16.txt
9 35 66 91 173 195 268 333 448 450 564 572 621 647 740 748 810 
Group07_17.txt
60 271 368 412 452 475 480 517 549 
Group07_18.txt
151 242 390 421 527 543 575 721 774 876 952 988 1017 1062 1243 1257 1388 1420 
Group07_19.txt
48 81 85 91 117 181 190 194 276 287 307 315 327 356 364 391 436 453 481 508 519 527 572 596 598 612 617 648 667 673 694 718 724 729 762 789 812 836 855 866 881 885 916 
Group07_20.txt
31 47 64 115 120 188 196 267 337 375 527 538 544 
Group07_21.txt
97 128 213 226 365 383 436 463 479 492 645 657 740 750 798 852 938 
Group07_22.txt
90 177 192 240 331 369 379 392 555 558 648 715 722 786 
Group07_23.txt
49 139 221 271 314 327 497 
Group07_24.txt
315 340 351 379 407 418 466 587 672 682 696 765 780 903 906 959 987 1038 1096 1189 1318 1382 1478 1642 1683 1818 1832 1879 1998 2035 2041 2062 2111 2127 
Group07_25.txt
6 28 83 135 245 389 400 420 477 
Group07_26.txt
65 247 383 423 693 776 
Group07_27.txt
51 73 136 352 558 
Group07_28.txt
86 117 133 152 384 398 439 510 528 
Group07_29.txt
34 73 334 346 495 508 
Group07_30.txt
68 100 106 225 232 296 663 673 718 768 792 906 
Group07_31.txt
25 67 96 114 314 326 332 421 448 478 493 524 578 661 818 853 898 918 968 976 1132 1141 1151 1206 1225 1242 1289 1312 1318 1350 1355 1441 1633 1661 1741 1803 1834 1922 1946 
Group07_32.txt
6 51 341 366 415 479 493 
Group07_33.txt
59 65 74 216 223 258 555 647 
Group07_34.txt
4 47 57 108 302 321 393 481 
Group07_35.txt
50 135 161 181 300 328 397 
Group07_36.txt
97 117 138 167 248 306 422 481 980 1129 1145 1245 1282 1344 1349 1398 
Group07_37.txt
132 198 248 266 299 314 345 379 431 437 509 536 666 679 687 701 796 941 955 1015 1026 1081 1153 1258 1688 
Group07_38.txt
51 114 128 169 208 227 303 491 525 616 668 683 792 808 843 854 866 933 1151 1154 1194 1203 1273 1300 1303 1336 1424 1513 1549 1589 1861 1896 1982 
Group07_39.txt
42 61 84 171 223 225 250 315 383 393 400 443 503 507 
Group07_40.txt
201 288 314 383 389 404 413 431 517 641 724 831 
Group07_41.txt
160 169 381 428 442 530 
Group07_42.txt
96 141 187 253 289 310 422 439 455 496 586 667 678 715 
Group07_43.txt
28 70 89 122 179 211 225 258 314 323 333 361 373 398 490 
Group07_44.txt
50 73 126 197 226 262 285 329 348 358 379 388 476 501 576 734 737 747 768 808 
Group07_45.txt
185 290 344 358 405 415 
Group07_46.txt
3 175 274 304 459 642 655 709 741 
Group07_47.txt
27 48 51 77 143 151 171 190 194 253 280 291 322 376 582 585 682 696 708 
Group07_48.txt
40 59 98 200 223 287 423 732 922 1027 1046 
Group07_49.txt
168 239 306 321 416 432 450 483 609 617 627 641 667 771 780 805 812 821 869 914 936 972 1051 1089 1119 1141 1185 1200 1217 1232 1235 1260 1321 1335 1406 1420 1441 1467 1494 1523 1568 1609 1638 1663 1679 1691 1735 1747 1758 1783 1840 1919 1933 1938 1989 2035 2068 2167 2210 2287 2442 2474 2739 
Group07_50.txt
69 115 140 157 168 172 179 215 230 238 260 310 320 369 383 395 418 441 469 485 531 541 546 550 572 609 649 662 675 678 689 698 711 
Group08_01.txt
70 94 129 166 189 198 219 388 486 522 535 542 555 593 606 618 643 661 724 736 747 
Group08_02.txt
90 105 136 177 180 199 370 418 
Group08_03.txt
73 111 159 204 278 320 333 441 488 491 498 519 558 608 
Group08_04.txt
19 44 72 97 164 193 252 319 347 513 652 
Group08_05.txt
17 27 33 53 63 69 123 129 161 205 225 242 272 312 387 403 409 
Group08_06.txt
12 20 35 65 83 98 128 174 245 295 311 313 382 395 405 507 573 641 705 765 833 868 899 922 949 966 970 998 1043 1076 1113 
Group08_07.txt
24 43 101 137 206 357 361 
Group08_08.txt
67 100 151 199 219 225 248 
Group08_09.txt
6 22 52 203 280 355 383 396 570 686 693 717 
Group08_10.txt
33 73 169 193 228 265 288 297 318 487 585 621 634 641 654 692 705 717 742 760 823 835 846 
Group08_11.txt
3 127 187 306 332 387 445 478 510 515 519 622 625 683 
Group08_12.txt
26 37 79 90 167 319 366 390 531 538 622 739 819 946 956 998 1010 1021 1040 
Group08_13.txt
8 34 68 84 110 144 180 206 209 221 247 250 269 308 342 349 375 512 593 614 629 650 726 766 792 836 843 888 892 975 1028 
Group08_14.txt
7 22 54 116 119 157 159 188 293 308 370 378 380 392 394 407 412 432 440 446 450 454 457 468 471 475 482 486 493 496 500 507 512 520 528 532 536 540 545 548 553 566 576 612 
Group08_15.txt
13 23 81 91 237 297 390 608 618 647 721 771 827 836 857 
Group08_16.txt
19 45 95 99 111 121 131 202 216 236 244 252 301 315 335 412 466 494 575 593 596 607 616 732 761 765 770 785 796 806 818 876 882 886 894 928 1027 1067 1079 1097 1204 1261 1272 1281 1296 1389 1407 1431 1462 1511 1557 1646 1660 1699 1744 1759 1774 
Group08_17.txt
11 50 67 91 130 147 204 221 256 273 369 401 443 472 493 547 596 712 767 787 813 836 897 914 921 945 1038 1104 1113 1169 1224 1229 
Group08_18.txt
10 49 58 78 87 128 156 209 241 263 291 333 373 386 397 438 492 535 646 689 718 
Group08_19.txt
8 12 38 106 179 203 242 323 326 346 385 414 428 454 459 498 545 581 585 674 677 732 764 801 814 833 841 
Group08_20.txt
23 43 85 110 126 206 215 284 416 603 1249 1416 1434 
Group08_21.txt
27 49 90 112 424 478 488 606 
Group08_22.txt
43 90 136 198 294 341 419 421 475 525 538 603 621 675 682 718 814 883 890 
Group08_23.txt
19 44 72 97 164 193 252 319 347 513 653 
Group08_24.txt
119 163 223 294 353 458 465 515 696 746 855 895 907 916 924 1009 
Group08_25.txt
22 48 88 247 259 272 304 365 387 470 490 494 502 526 617 650 668 762 808 876 890 904 958 974 1031 1086 1107 1176 1198 1264 1299 
Group08_26.txt
6 13 
Group08_27.txt
90 108 141 167 196 259 321 
Group08_28.txt
52 58 85 106 115 136 154 158 160 184 187 225 251 305 312 361 378 409 436 497 512 537 594 603 629 750 753 778 
Group08_29.txt
47 60 254 368 449 504 559 595 611 648 674 683 775 820 847 852 905 957 1133 1156 1224 1262 1436 1453 1456 1491 1526 
Group08_30.txt
0 82 148 165 223 242 264 293 335 358 396 399 441 452 462 521 544 577 592 659 674 703 727 758 771 784 792 806 822 840 845 924 926 978 998 1000 1233 1241 1250 1257 1290 1314 1319 1323 1334 1341 1375 1394 1420 1452 1493 1513 1577 1579 1608 1619 
Group08_31.txt
18 45 61 115 122 143 155 175 190 225 275 279 347 367 378 401 429 506 531 540 548 593 630 706 771 804 812 934 981 
Group08_32.txt
41 85 178 
Group08_33.txt
72 182 221 274 278 
Group08_34.txt
8 11 31 34 48 146 211 288 311 425 468 500 
Group08_35.txt
9 47 50 70 93 103 125 144 174 218 251 273 286 335 372 
Group08_36.txt
7 29 45 54 104 172 186 258 269 275 294 313 318 
Group08_37.txt
65 95 98 135 139 184 234 240 248 267 271 
Group08_38.txt
88 208 261 273 283 291 
Group08_39.txt
40 118 165 216 226 269 395 428 455 479 
Group08_40.txt
58 105 155 166 181 193 285 302 306 365 434 454 489 510 
Group08_41.txt
109 150 195 218 250 293 302 321 
Group08_42.txt
41 142 183 251 291 333 
Group08_43.txt
26 111 165 318 373 439 544 574 610 683 
Group08_44.txt
111 150 234 
Group08_45.txt
22 90 170 179 242 245 281 292 334 
Group08_46.txt
97 151 259 276 285 345 
Group08_47.txt
16 59 75 88 111 144 247 309 350 399 407 
Group08_48.txt
6 29 52 71 108 204 445 
Group08_49.txt
61 75 149 
Group08_50.txt
38 42 80 96 102 109 118 141 156 202 216 232 243 247 316 326 351 368 377 396 402 413 433 463 467 509 533 562 589 
Group09_01.txt
7 20 60 79 160 233 240 273 320 522 532 554 
Group09_02.txt
60 71 112 156 160 214 263 319 350 363 409 475 
Group09_03.txt
11 112 137 348 493 
Group09_04.txt
49 77 120 144 278 324 347 349 351 499 
Group09_05.txt
87 116 172 190 236 267 326 353 364 369 388 429 497 593 612 692 726 801 851 954 
Group09_06.txt
7 37 74 145 152 160 168 261 315 358 369 408 421 432 465 478 
Group09_07.txt
23 103 107 116 177 308 318 380 424 481 516 589 591 595 748 797 
Group09_08.txt
6 8 13 25 34 38 87 96 117 125 129 146 162 192 205 209 232 344 351 456 479 485 487 491 494 501 553 571 
Group09_09.txt
64 113 153 239 277 381 418 554 605 667 724 773 792 845 857 875 943 
Group09_10.txt
14 50 98 107 119 129 131 148 201 223 236 258 266 283 337 351 367 379 383 398 441 447 499 547 564 600 676 680 697 797 819 
Group09_11.txt
7 16 33 45 173 181 204 254 285 290 312 339 422 454 493 504 534 544 567 586 635 
Group09_12.txt
10 106 114 121 136 181 190 280 412 435 499 
Group09_13.txt
22 99 135 185 300 328 339 351 361 377 387 405 413 423 549 582 590 
Group09_14.txt
1 11 62 74 86 107 109 132 136 141 143 228 298 322 454 486 555 565 574 576 604 661 721 741 743 
Group09_15.txt
4 110 139 155 224 249 260 323 382 433 483 493 
Group09_16.txt
29 127 129 249 264 349 364 384 434 458 469 504 512 
Group09_17.txt
31 65 122 233 255 264 274 418 469 502 510 568 594 622 638 665 696 724 749 765 767 774 
Group09_18.txt
11 63 92 139 175 301 419 446 461 479 609 
Group09_19.txt
9 23 78 108 117 135 143 243 266 277 302 305 328 365 392 415 522 538 
Group09_20.txt
24 52 90 98 212 247 255 271 352 355 381 417 459 514 522 578 
Group09_21.txt
84 98 176 193 197 213 320 393 436 664 698 709 877 924 951 978 1121 1139 
Group09_22.txt
69 71 74 98 118 124 150 159 193 227 253 327 386 530 649 
Group09_23.txt
42 58 76 91 107 119 152 343 382 428 441 448 489 510 544 557 580 660 
Group09_24.txt
20 35 49 95 132 168 199 238 281 304 433 470 485 490 525 527 541 548 609 618 
Group09_25.txt
35 62 187 199 224 242 267 277 316 337 384 490 534 
Group09_26.txt
109 140 185 272 355 368 537 551 580 697 703 824 845 862 888 896 899 1070 1077 1160 1249 1269 
Group09_27.txt
18 78 113 139 201 231 295 299 320 462 498 515 527 
Group09_28.txt
20 42 115 207 237 264 301 313 358 395 475 
Group09_29.txt
132 207 270 291 428 446 471 601 
Group09_30.txt
6 28 117 136 293 318 352 434 447 514 553 627 
Group09_31.txt
7 27 65 166 181 252 330 347 364 390 528 565 
Group09_32.txt
121 149 188 211 240 
Group09_33.txt
42 58 80 92 117 189 203 251 308 329 455 468 484 520 536 
Group09_34.txt
6 15 20 58 78 118 165 198 207 232 285 332 510 551 580 
Group09_35.txt
35 47 71 147 164 171 220 289 296 362 446 461 467 516 542 611 687 699 734 779 
Group09_36.txt
4 19 33 250 373 466 531 
Group09_37.txt
100 118 141 252 273 381 432 445 559 580 592 627 648 651 681 697 719 799 821 891 927 935 1010 1158 1269 
Group09_38.txt
16 26 36 47 55 130 267 287 299 314 337 395 426 448 494 517 546 
Group09_39.txt
23 30 64 88 97 152 173 212 276 375 405 414 427 430 447 455 525 584 635 663 
Group09_40.txt
129 180 197 270 317 371 416 453 458 466 503 524 583 594 786 790 817 
Group09_41.txt
90 115 130 183 195 210 213 262 287 301 345 432 451 532 552 
Group09_42.txt
6 102 139 183 274 420 594 
Group09_43.txt
27 58 107 133 174 222 232 262 268 348 374 437 455 605 616 657 680 
Group09_44.txt
3 13 26 92 95 122 134 179 206 316 319 369 508 
Group09_45.txt
39 93 105 265 327 407 430 497 590 643 733 801 
Group09_46.txt
36 81 131 152 179 210 429 569 587 619 635 649 657 665 
Group09_47.txt
18 38 181 200 202 292 298 363 374 381 397 432 484 526 555 587 597 609 
Group09_48.txt
38 105 126 136 191 201 203 251 280 293 309 328 343 348 406 422 474 487 569 592 599 651 674 701 709 732 773 
Group09_49.txt
53 57 84 93 224 278 402 448 451 517 553 631 
Group09_50.txt
41 47 55 88 126 151 205 212 223 382 432 443 461 490 498 515 610 635 640 656 
Group10_01.txt
14 55 68 181 204 210 220 223 261 289 334 396 431 442 547 623 679 
Group10_02.txt
59 79 134 210 226 369 423 441 490 
Group10_03.txt
2 41 132 160 341 401 419 490 553 764 799 832 928 
Group10_04.txt
37 77 90 109 134 160 167 192 222 243 253 264 298 338 366 407 441 445 536 578 
Group10_05.txt
81 152 502 535 620 665 683 905 924 
Group10_06.txt
35 55 313 455 716 
Group10_07.txt
25 94 118 136 142 153 194 232 234 248 257 279 315 323 326 435 463 472 489 
Group10_08.txt
132 340 493 617 633 657 669 702 
Group10_09.txt
91 166 185 218 226 238 362 406 420 473 480 503 517 574 664 685 712 783 797 894 
Group10_10.txt
30 43 129 200 257 286 294 312 462 506 633 700 720 727 742 749 945 
Group10_11.txt
124 139 238 307 512 522 548 575 607 634 662 723 876 937 945 999 1080 1149 1215 
Group10_12.txt
74 216 229 383 408 433 583 645 769 
Group10_13.txt
62 129 341 347 355 364 446 509 571 705 
Group10_14.txt
22 24 33 94 109 127 243 272 276 284 338 348 352 356 397 403 451 529 548 
Group10_15.txt
20 234 237 265 440 527 531 575 
Group10_16.txt
4 48 57 83 102 114 168 175 212 229 260 299 319 343 350 376 390 414 423 485 529 568 609 633 672 680 697 705 714 727 762 856 872 906 977 991 995 998 
Group10_17.txt
104 206 242 292 561 609 777 786 890 912 984 1025 1045 
Group10_18.txt
140 151 170 250 273 287 311 318 326 412 423 474 505 573 604 676 702 716 723 731 752 770 817 
Group10_19.txt
171 243 359 386 437 499 507 559 
Group10_20.txt
52 96 116 119 129 147 292 373 384 429 455 550 557 595 
Group10_21.txt
275 391 515 531 543 609 613 646 673 756 792 806 844 
Group10_22.txt
11 170 182 266 336 454 466 489 509 544 583 619 651 697 782 
Group10_23.txt
49 154 263 278 407 415 443 598 657 
Group10_24.txt
105 165 178 186 203 299 329 346 353 387 415 464 507 623 634 666 715 848 937 954 972 978 991 1025 1071 1113 1140 1242 
Group10_25.txt
63 85 255 354 693 1008 1059 1086 1176 
Group10_26.txt
59 79 134 210 226 369 423 441 490 
Group10_27.txt
34 88 90 134 146 158 287 306 331 384 416 550 569 611 618 654 699 704 762 777 783 847 913 974 1036 1059 
Group10_28.txt
14 113 140 160 213 221 248 326 354 365 392 480 501 511 558 620 628 674 864 910 917 936 957 1006 1041 1100 
Group10_29.txt
61 65 149 249 268 278 367 498 511 552 591 697 741 744 771 796 967 1005 1020 
Group10_30.txt
16 90 432 440 479 
Group10_31.txt
229 351 359 420 438 458 462 559 588 622 
Group10_32.txt
28 126 199 205 278 296 374 382 417 454 485 501 541 548 564 611 628 635 642 686 706 722 
Group10_33.txt
4 57 69 106 131 184 376 390 521 542 608 629 641 662 683 701 744 752 922 940 1011 1200 1219 1243 1264 1284 1308 1318 1382 1389 1531 1545 1601 1687 1697 1705 
Group10_34.txt
9 61 112 154 156 164 171 192 328 356 383 424 462 
Group10_35.txt
15 35 114 135 177 278 293 296 310 366 369 378 434 483 629 786 845 862 930 1003 1021 1264 1392 1476 1609 1683 1717 
Group10_36.txt
84 103 117 169 334 369 409 521 591 642 716 741 819 829 881 
Group10_37.txt
42 153 159 231 420 518 653 695 710 
Group10_38.txt
246 273 295 298 354 404 416 422 468 483 528 543 554 566 609 618 691 725 737 861 881 906 1012 1019 1048 1056 1063 1081 1086 1197 1217 
Group10_39.txt
33 97 126 259 295 374 381 421 533 704 784 862 945 
Group10_40.txt
7 22 49 91 107 110 194 201 239 272 424 436 551 609 628 635 
Group10_41.txt
140 156 227 311 354 416 505 542 553 
Group10_42.txt
13 89 145 166 174 189 237 246 248 426 442 456 464 478 482 493 495 534 582 630 711 
Group10_43.txt
28 52 63 85 119 164 240 261 390 463 497 544 578 636 704 719 769 774 813 831 859 861 914 920 932 943 954 1015 1102 1109 
Group10_44.txt
47 54 90 227 256 267 300 310 370 452 549 643 714 
Group10_45.txt
39 56 158 169 173 196 204 233 330 342 394 490 523 549 640 657 
Group10_46.txt
15 149 194 266 421 426 434 476 495 506 585 
Group10_47.txt
23 33 42 100 109 112 115 138 266 287 294 328 341 357 394 496 570 583 598 612 651 660 689 718 722 742 745 857 862 948 975 1008 
Group10_48.txt
17 94 123 127 148 167 236 336 548 563 603 620 633 672 
Group10_49.txt
47 100 132 143 265 278 281 286 472 492 669 696 729 761 
Group10_50.txt
2 12 23 49 68 74 96 108 123 190 196 205 215 260 478 
Group11-01.txt
47 109 145 164 178 196 221 268 317 337 410 419 448 456 641 677 752 
Group11-02.txt
27 209 222 231 268 291 317 356 551 561 665 721 792 850 963 1087 1199 1258 
Group11-03.txt
12 45 80 137 227 237 311 335 464 579 617 646 650 733 
Group11-04.txt
65 85 126 141 154 165 190 204 209 240 350 394 440 458 483 490 509 540 551 605 614 620 695 705 735 763 817 824 864 868 881 
Group11-05.txt
4 18 40 60 66 75 97 111 117 153 193 227 289 334 343 362 451 454 462 511 529 538 564 593 604 653 727 785 800 927 978 1006 1024 1067 1073 1082 1088 1133 1163 1170 1197 1203 1241 1264 1300 1327 1404 1449 1459 1480 1491 1560 1562 1636 1638 1695 1808 1827 1844 1851 1860 1925 1939 1955 1969 1986 2138 2165 2237 2246 2326 2373 2377 2387 
Group11-06.txt
7 20 50 201 210 232 264 282 354 439 445 
Group11-07.txt
164 253 347 374 452 458 680 692 
Group11-08.txt
167 185 193 223 249 256 273 310 400 426 445 454 463 483 513 518 558 
Group11-09.txt
6 41 53 72 116 155 252 267 282 300 409 455 
Group11-10.txt
42 110 149 158 243 474 513 556 
Group11-11.txt
23 47 75 103 143 145 242 256 377 419 432 484 503 
Group11-12.txt
11 25 68 90 99 156 206 212 229 291 412 423 498 562 572 583 614 618 682 685 
Group11-13.txt
122 129 180 315 366 423 443 448 469 477 515 668 
Group11-14.txt
6 17 25 80 128 157 168 199 287 308 356 526 584 705 735 807 812 876 915 1005 1067 1148 1156 1202 1213 
Group11-15.txt
20 66 78 117 155 239 265 282 290 298 357 392 420 445 457 540 572 633 641 673 747 786 948 1105 1107 1173 1212 1301 1304 1342 1382 1428 1563 1639 1664 1676 1793 1990 2015 2101 2162 2270 2326 2349 2404 
Group11-16.txt
56 142 189 314 333 430 466 485 503 587 690 760 797 838 858 1027 1114 1245 1362 1373 1413 1481 1509 1551 1567 1700 1714 1744 1799 1816 1955 2041 2064 2087 2137 2147 2153 2172 2189 2238 2248 2312 2326 2341 2364 2402 2513 2519 2539 2588 2596 2853 2929 2944 2987 3219 3293 
Group11-17.txt
118 162 175 361 400 451 455 584 610 768 774 
Group11-18.txt
344 449 506 564 
Group11-19.txt
71 191 254 385 423 436 542 558 598 609 
Group11-20.txt
5 429 475 481 507 525 533 537 587 662 762 781 809 867 899 901 924 965 973 999 1001 1014 1218 1237 
Group11-21.txt
35 80 113 221 236 315 486 629 651 854 876 
Group11-22.txt
143 352 369 437 450 477 500 528 546 596 613 663 786 809 828 885 960 
Group11-23.txt
37 252 259 274 279 380 396 410 507 522 648 665 757 800 802 
Group11-24.txt
58 78 379 428 443 465 540 636 640 658 689 809 838 918 982 1110 1151 1190 1214 1293 1324 1384 1401 1408 1437 1498 1533 1762 1899 1923 1937 1985 2028 2064 2071 2138 2382 2519 
Group11-25.txt
192 302 312 358 513 668 703 
Group11-26.txt
55 250 325 
Group11-27.txt
52 91 159 221 245 271 
Group11-28.txt
52 80 180 263 337 372 587 591 624 628 630 655 664 778 803 814 861 881 
Group11-29.txt
10 43 88 118 138 177 288 337 381 625 
Group11-30.txt
21 53 94 120 177 185 220 236 270 318 320 335 427 451 468 
Group11-31.txt
12 87 122 152 170 179 200 405 444 449 475 524 576 
Group11-32.txt
29 87 105 116 124 160 173 181 252 353 439 458 462 543 551 556 565 583 634 715 
Group11-33.txt
73 112 188 245 319 343 361 378 482 523 559 613 626 644 671 897 932 971 984 1021 1039 
Group11-34.txt
182 188 261 263 274 288 327 351 354 379 
Group11-35.txt
5 39 172 281 387 393 427 485 
Group11-36.txt
41 47 72 96 99 137 166 175 192 239 258 264 305 393 
Group11-37.txt
37 62 90 135 191 237 277 288 311 399 448 532 583 653 766 822 859 
Group11-38.txt
48 133 152 170 174 214 222 266 272 405 469 475 495 581 593 598 630 634 694 768 780 808 840 
Group11-39.txt
101 167 188 335 401 461 467 509 648 
Group11-40.txt
15 297 328 602 
Group11-41.txt
79 111 116 138 150 402 406 478 
Group11-42.txt
26 83 112 154 190 215 275 315 349 382 394 408 447 568 600 
Group11-43.txt
18 138 186 296 300 327 372 
Group11-44.txt
81 88 178 186 217 229 265 285 297 315 329 357 384 418 437 458 478 597 629 651 723 758 776 
Group11-45.txt
61 173 212 339 377 423 565 573 661 687 704 795 803 813 832 849 937 982 1012 1107 1116 1129 1184 1186 1228 1238 1262 1276 1319 
Group11-46.txt
53 84 503 506 569 621 646 675 700 718 728 746 758 881 975 1051 1060 1091 1137 1197 1231 1270 1318 1330 1333 1337 1545 
Group11-47.txt
50 58 70 84 112 118 182 236 292 337 538 618 636 729 766 811 824 
Group11-48.txt
7 108 131 169 280 284 340 370 429 532 544 550 569 601 621 648 688 735 754 765 790 815 837 851 874 
Group11-49.txt
68 83 116 170 190 222 239 260 283 294 362 367 375 390 402 417 423 479 516 530 537 607 636 642 
Group11-50.txt
57 150 156 248 260 282 286 306 346 385 396 423 511 533 573 585 592 607 657 674 726 728 789 805 823 830 946 1006 
Group12_01.txt
22 28 38 40 53 56 64 76 83 90 156 169 179 194 199 292 388 415 479 538 912 937 947 963 973 1000 1056 1110 1154 1164 1226 1425 
Group12_02.txt
33 59 99 161 179 203 232 236 278 359 416 422 434 632 682 696 725 786 819 831 843 1010 1022 1030 1076 1118 1120 1128 1144 1150 1197 1225 1243 1267 1281 1301 1346 1486 1490 1539 1585 1603 1647 1723 1732 1782 1808 1875 1886 1950 1962 1980 
Group12_03.txt
110 254 665 741 786 824 843 854 873 968 986 1010 1018 1087 1112 1159 1176 1205 1306 1340 1362 1438 
Group12_04.txt
11 68 149 174 226 314 435 458 481 513 549 612 652 704 746 762 809 893 925 957 1007 1046 1054 1065 1129 1158 1170 1199 1294 1315 1350 1371 1425 1518 1555 1573 1675 1759 1803 1811 1850 1965 2071 2111 2152 2265 2328 2375 2460 2476 2489 2579 2650 2724 2768 2776 
Group12_05.txt
11 217 272 281 370 525 662 
Group12_06.txt
3 67 147 212 432 461 524 629 662 691 770 773 776 790 899 909 942 1005 1041 1124 1184 1240 1269 
Group12_07.txt
55 68 80 83 110 117 154 167 186 304 568 666 680 685 705 799 842 947 977 1218 1269 
Group12_08.txt
39 102 123 153 188 191 204 209 274 355 458 473 482 501 518 550 625 
Group12_09.txt
97 116 118 187 192 240 258 266 304 425 535 538 678 735 758 815 851 1127 
Group12_10.txt
170 177 192 223 279 353 444 451 481 577 585 648 681 787 804 854 864 
Group12_11.txt
10 12 33 36 67 74 76 105 131 180 183 196 255 353 461 474 480 529 548 690 728 782 806 856 
Group12_12.txt
10 12 33 36 67 74 76 105 131 180 183 196 255 353 461 474 480 529 548 690 728 782 806 856 910 915 
Group12_13.txt
235 300 325 357 367 387 391 455 516 539 622 630 709 734 856 916 937 955 1033 1104 1118 1136 1182 1232 1263 1394 1407 1436 1480 1486 1551 1559 1597 1637 1718 1766 1772 1861 1936 1972 1974 
Group12_14.txt
66 95 127 174 191 197 217 411 439 573 737 755 763 862 961 962 991 1001 1004 1016 1043 
Group12_15.txt
15 55 163 201 270 359 401 479 533 544 589 595 640 718 
Group12_16.txt
26 39 111 113 140 153 203 235 246 262 362 393 434 456 516 
Group12_17.txt
6 44 67 147 187 317 355 454 456 512 
Group12_18.txt
40 139 241 311 326 382 401 442 463 
Group12_19.txt
18 27 52 93 103 199 274 324 349 363 371 386 402 506 584 642 667 748 777 804 975 1020 1025 1066 1080 1113 1136 1168 1177 1194 1205 1277 1287 1306 1319 
Group12_20.txt
2 31 108 155 218 221 363 498 536 
Group12_21.txt
61 166 211 234 262 274 334 352 510 717 737 
Group12_22.txt
115 202 268 383 396 425 494 516 573 578 634 699 703 
Group12_23.txt
32 72 127 197 299 328 365 405 471 
Group12_24.txt
70 110 195 243 315 327 354 376 454 543 556 578 707 737 838 
Group12_25.txt
78 241 355 413 545 609 628 704 
Group12_26.txt
70 92 138 164 196 258 281 289 350 354 385 503 513 535 537 623 657 683 700 749 810 830 1045 1070 1123 1130 1196 1277 1419 1505 1572 1621 1625 
Group12_27.txt
32 35 54 115 126 130 188 297 306 398 456 468 534 
Group12_28.txt
12 41 99 117 125 137 281 410 649 
Group12_29.txt
21 67 155 166 339 356 425 449 494 498 563 572 595 
Group12_30.txt
135 220 390 468 
Group12_31.txt
41 53 83 131 333 357 375 
Group12_32.txt
41 50 118 146 151 166 175 179 201 260 293 380 387 396 406 450 
Group12_33.txt
25 32 37 140 145 254 283 288 347 401 517 
Group12_34.txt
33 47 112 115 139 169 232 247 320 343 418 448 466 502 537 557 605 
Group12_35.txt
279 429 514 587 640 662 717 
Group12_36.txt
254 278 336 349 404 438 449 
Group12_37.txt
380 422 455 474 496 
Group12_38.txt
59 71 129 172 191 222 247 257 260 271 290 300 374 445 465 497 543 558 564 660 693 699 
Group12_39.txt
16 49 73 175 231 250 254 304 315 348 401 480 492 550 586 597 636 693 744 780 846 
Group12_40.txt
296 480 554 590 599 
Group12_41.txt
33 48 135 173 193 372 382 399 426 529 577 651 733 738 807 
Group12_42.txt
23 40 45 110 172 176 223 253 283 294 306 333 348 448 508 512 529 541 545 568 595 603 635 695 721 783 790 792 808 845 938 1008 1027 1032 1073 1089 1093 1223 1230 1310 1341 1353 1378 1387 1416 1446 1523 
Group12_43.txt
3 11 37 52 62 77 86 114 144 249 258 289 308 322 391 440 443 463 496 545 559 562 591 608 654 729 762 878 890 896 
Group12_44.txt
26 48 72 76 136 174 199 260 269 313 408 488 542 
Group12_45.txt
4 34 53 119 123 151 167 305 322 326 517 558 
Group12_46.txt
3 13 21 30 75 164 188 221 252 264 342 422 428 436 458 463 509 634 655 691 730 
Group12_47.txt
16 57 77 96 127 148 163 188 316 338 350 363 372 497 
Group12_48.txt
79 100 161 204 244 311 384 514 550 570 
Group12_49.txt
44 85 181 193 371 439 464 475 503 549 552 588 602 624 796 856 865 916 953 1062 1338 1465 1499 1526 1677 1733 1926 2130 2137 2191 2204 2230 2302 2326 2446 2510 2667 2678 
Group12_50.txt
87 293 397 416 452 589 
Group13_01.txt
48 96 201 210 227 243 250 256 291 324 350 376 432 517 540 568 607 624 630 664 723 
Group13_02.txt
7 73 91 162 175 234 294 374 534 577 590 639 949 1000 1120 1286 1302 1373 1633 1704 1719 1892 2078 2099 2174 2188 2302 2324 
Group13_03.txt
11 89 345 350 361 462 486 550 592 599 611 
Group13_04.txt
151 330 394 659 682 758 817 867 1216 
Group13_05.txt
40 66 134 156 175 206 291 305 455 680 905 1079 1170 1422 1458 1546 1555 1661 1875 1961 2019 2119 2156 2177 
Group13_06.txt
83 359 475 485 578 585 685 721 790 801 820 932 1076 1183 1308 1400 1548 1630 1648 1736 1836 1882 1907 1944 2064 2241 2484 2507 2529 2763 
Group13_07.txt
149 256 281 331 436 475 517 576 608 
Group13_08.txt
12 56 70 126 187 230 297 359 388 455 515 537 561 572 657 696 723 858 926 981 1017 1036 1074 1122 1155 1217 
Group13_09.txt
284 357 375 551 648 707 741 959 1062 1205 1319 1720 1742 1903 
Group13_10.txt
122 152 332 392 517 553 584 615 646 680 759 808 846 
Group13_11.txt
22 63 201 213 221 273 355 398 506 532 558 575 
Group13_12.txt
47 82 91 148 165 172 206 266 282 333 340 379 412 488 515 546 584 622 711 
Group13_13.txt
41 69 86 108 125 203 237 243 285 
Group13_14.txt
10 22 146 166 171 245 306 420 450 463 527 565 573 632 635 653 
Group13_15.txt
10 32 211 234 255 268 344 358 411 419 539 590 
Group13_16.txt
12 30 156 252 357 
Group13_17.txt
14 32 70 73 327 407 443 504 535 556 581 607 620 658 
Group13_18.txt
32 58 97 301 313 423 483 492 537 545 571 645 668 723 735 788 811 830 833 865 932 947 
Group13_19.txt
75 101 146 265 326 346 422 433 
Group13_20.txt
24 85 210 273 314 351 380 385 416 423 432 460 498 511 674 
Group13_21.txt
26 73 123 345 387 440 568 613 617 656 665 676 729 754 796 805 815 836 891 904 944 970 1063 1076 1082 1111 1154 1168 1177 1183 1325 1330 1341 1410 1419 1545 1570 1636 1653 1672 1739 1811 1911 2001 2088 
Group13_22.txt
136 154 254 264 274 369 377 400 428 455 484 486 560 585 599 611 622 625 657 675 677 719 740 750 754 795 798 821 897 910 974 1018 1024 1056 1123 1168 1170 1210 1234 1292 1305 1361 1401 1442 1504 1510 1564 1575 1601 1625 1672 1684 1708 1781 1812 1852 1877 1929 2081 2126 2172 2174 2249 2258 2294 2298 2330 2376 2393 2423 2426 2470 2506 2512 2557 2621 2628 2711 2736 2748 2761 2847 2878 2904 2920 3059 3204 3250 3284 3338 3405 3446 3472 3573 3603 3818 3907 3923 4048 4168 4200 4245 4255 4342 4356 4381 4493 4496 4505 4578 4580 4619 4773 4785 4787 4819 4837 4847 4949 5023 5186 5212 5239 5306 5344 5346 5495 5527 5555 5602 5652 5674 5765 5843 5848 5894 5942 5972 5986 5999 6029 6080 6204 6292 6314 6333 6354 6363 6456 6531 6559 6644 6673 6715 6717 6734 6743 6803 6891 6898 6938 6957 7007 7036 7079 7160 7173 7265 7280 7293 7316 7327 7446 7475 7594 7650 7679 7706 7780 7799 7816 7827 8030 8053 8117 8123 8226 8239 8289 8311 8315 8319 8324 8332 8350 8390 8420 8579 8631 8691 8728 8764 8791 8867 8869 8896 8912 8955 8963 8967 9000 9110 9143 9196 9230 9244 9298 9405 9420 9453 9523 9536 9546 9640 9774 9885 9912 10151 10160 10164 10218 10240 10356 10394 10460 10533 10652 10679 10720 10746 10760 10834 10860 10912 10949 10979 11058 11068 11090 11106 11252 11262 11395 11402 11455 11462 11529 11608 11639 11676 11690 11807 11893 11911 12010 12062 12093 12200 12214 12283 12287 12397 12437 12529 12537 12556 12642 12668 12672 12686 12716 12727 12732 12761 12790 12794 12847 12876 12907 12946 12960 12986 13020 13056 13103 13123 13142 13277 13294 13337 13350 13485 13530 13543 13642 13685 13780 13941 13947 14013 14125 14204 14241 14318 14324 14421 14437 14441 14502 14517 14561 14646 14762 14855 14940 14958 15130 15190 15273 15401 15451 15552 15588 15682 15723 15769 15923 15992 16037 16143 16326 16358 16570 16638 
Group13_23.txt
29 63 78 87 194 235 279 297 322 350 391 422 425 449 464 494 504 535 608 661 698 743 777 784 838 845 855 879 1001 1136 1162 1189 1307 1349 1370 1492 1510 1531 1540 1555 1572 1576 1587 1603 1610 1625 1687 1711 1922 1938 1947 1965 1984 1993 2040 2070 2087 2098 2123 2140 2215 2234 2301 2364 2377 2412 2425 2504 2521 2551 2562 2663 2665 2674 2685 2738 2765 2786 2865 2879 2885 2904 2913 2933 2947 2977 2981 3037 3089 3183 3210 3286 3316 3337 3343 3348 3383 3416 3510 3681 3751 3852 3854 
Group13_24.txt
12 279 370 375 532 546 771 801 833 888 1011 1019 1113 1334 1343 1352 1468 1498 1507 1606 1665 1725 1842 1919 1946 1964 2036 2039 2078 2183 2239 2255 2381 2482 2545 2565 2617 2765 2905 2949 3058 3078 3181 3293 3316 3350 3370 3411 3491 3505 3670 3711 3727 3815 3965 4036 4110 4121 4150 4155 4198 4208 4243 4261 4343 4350 4370 4745 4772 4790 4825 4915 5070 5101 5107 5111 5134 5179 5229 5237 5280 5342 5386 5422 5569 
Group13_25.txt
48 161 164 282 347 366 373 462 543 591 617 710 742 799 845 868 903 925 1068 1119 1204 1283 1293 1317 1337 1418 1442 1454 1476 1665 1694 1727 1757 2009 2061 2077 2161 2164 2168 2228 2234 2301 2350 
Group13_26.txt
185 203 280 286 292 340 413 562 722 797 828 848 869 975 987 1019 1050 1152 1218 1272 1310 1313 1378 1422 1427 1454 1464 1468 1496 1525 1558 1582 1765 1773 1795 1850 1857 1862 1882 1905 1934 2230 2275 2288 2305 2355 2381 2398 2402 2430 2440 2527 2551 2559 2580 2597 2650 2693 2711 2739 2780 3022 3154 3163 3189 3218 3223 3275 3385 3517 3525 3613 3692 3700 3721 3841 3903 3911 3927 3933 3951 4021 4035 4105 4173 4211 4266 4272 4374 4382 4403 4417 4465 4532 4547 4734 4756 4884 4901 4904 4926 4930 4964 4991 4999 5024 5122 5136 5151 5171 5187 5201 5233 5310 5369 5373 5418 5426 5568 5618 5656 5684 5785 5819 5842 5857 5873 5905 5978 5991 6047 6085 6146 6155 6190 6252 6544 6648 6661 6672 6779 6907 6914 6927 6946 7023 7042 7142 7160 7268 7286 7299 7480 7541 7634 7656 7781 7938 7961 7991 8052 8059 8065 8165 8230 8290 8354 8374 8467 8471 8483 8496 8539 8554 8688 8725 8756 8849 8853 8868 8892 9054 9104 9122 9244 9351 9414 9471 9615 9620 9918 9932 9957 10021 10056 10129 10149 10158 10207 10234 10328 10334 
Group13_27.txt
36 77 194 223 302 316 425 439 461 494 509 513 523 534 581 590 639 697 740 849 855 885 1023 1399 1416 1419 1506 1530 1694 1737 1780 1793 1974 2007 2125 2147 2258 2274 2282 2361 2364 2483 2592 2603 2671 2730 2819 2959 2971 3065 3155 3163 3227 3354 3375 3384 3436 3460 3472 
Group13_28.txt
33 160 235 296 497 501 515 604 620 634 641 685 937 995 1021 1046 1085 1171 1285 1417 1481 1505 1561 1741 1840 1888 1903 1922 1947 1951 1995 2032 2071 2139 2212 2293 2323 2326 2551 2590 2667 2693 2731 2808 2819 2830 2912 2971 3057 3078 3154 3224 3293 
Group13_29.txt
7 102 118 126 169 244 260 306 362 375 498 536 567 636 652 750 854 870 892 924 938 953 965 977 993 1030 1064 1130 1180 1338 1364 1396 1424 1437 1449 1475 1504 1543 1641 2090 2095 2132 2250 2394 2414 2425 2552 2632 2669 2722 2772 2930 2974 2985 2993 3002 3011 3035 3064 3078 3143 3242 3250 3258 3387 3474 3491 3510 3535 3610 3653 3682 3789 3818 3853 3879 3929 3978 3988 4006 4044 4062 4079 4101 4118 4178 4295 4463 4498 4517 4574 4580 4692 4729 4792 4802 4834 4861 4878 4902 4961 4990 5034 5061 5155 5239 5244 5330 5383 5398 5418 5427 
Group13_30.txt
0 9 101 130 178 246 262 310 313 522 530 537 569 574 674 680 726 815 818 834 846 940 1117 1137 1144 1155 1190 1380 1384 1425 1477 1488 1516 1517 1625 1656 1689 1803 1943 1996 2072 2192 2259 2284 2329 2402 2500 2559 2613 2659 2675 2688 2694 2717 2720 2733 2827 2896 2913 2925 2959 3006 3015 3058 3090 3255 3267 3272 3291 3307 3328 3379 3432 3454 3460 3505 3864 3899 3988 4013 4037 
Group13_31.txt
132 157 192 406 440 468 591 594 747 
Group13_32.txt
253 295 341 536 710 873 1120 1163 1171 1380 
Group13_33.txt
16 137 169 173 310 357 365 513 538 592 612 638 744 763 869 935 943 1012 1030 1255 1263 1269 1304 1310 1437 1442 1445 1503 1717 1746 2067 2120 
Group13_34.txt
103 144 156 172 185 216 219 223 281 313 327 339 358 371 387 399 403 
Group13_35.txt
28 76 94 253 281 297 465 478 566 702 736 820 851 861 946 1049 1166 1194 1235 1243 1324 1368 1392 1403 1429 1517 
Group13_36.txt
133 143 201 224 257 319 372 390 407 476 482 548 622 723 776 861 884 918 939 964 980 1014 1109 1138 1170 1208 1262 1301 1359 1472 
Group13_37.txt
44 75 93 124 134 188 207 344 397 427 445 566 679 819 829 875 891 999 1008 1042 1108 1156 1234 1437 1483 1585 
Group13_38.txt
14 41 97 149 164 319 356 369 380 398 421 461 516 530 552 627 651 652 701 742 747 753 781 866 938 977 1006 1056 1107 1136 1187 1205 1222 1233 1285 1304 1410 1525 
Group13_39.txt
56 133 143 169 253 303 338 417 441 460 465 476 531 710 787 803 807 833 846 865 884 917 1105 1117 1140 1198 1222 1294 1396 1400 1483 1495 1531 1572 1590 1623 1635 1846 1940 2023 2083 2207 
Group13_40.txt
205 283 297 350 411 473 503 542 576 605 611 618 671 709 727 839 854 902 918 933 960 1019 
Group13_41.txt
64 182 191 264 496 516 525 628 674 710 741 755 785 789 874 938 991 998 1010 1109 1211 1264 1274 1285 1333 1411 1431 1452 1455 1511 1532 1623 
Group13_42.txt
113 319 459 598 626 673 682 708 734 776 911 1088 1205 1211 1245 1371 
Group13_43.txt
4 11 18 88 102 113 116 143 256 262 334 399 510 536 552 572 650 664 770 776 789 803 816 839 849 899 944 965 974 982 993 1066 1090 1145 1415 1422 1519 1548 1594 1687 1727 1751 1846 
Group13_44.txt
56 195 209 498 665 1033 1136 1215 1282 1314 1398 1400 1599 1786 1837 1881 1903 1922 2018 2084 2129 2188 2218 2252 2411 2439 2475 2610 2631 2660 2680 2694 2705 2736 2742 2772 2782 2933 3010 3051 3064 3093 3144 3236 3338 3351 3393 3431 3473 3479 3515 3537 3636 3883 
Group13_45.txt
66 144 150 259 297 335 380 399 418 426 435 501 549 629 683 723 729 754 761 777 781 791 828 856 890 901 924 942 964 1002 1012 1029 1048 1111 1184 1229 1241 1253 1267 1328 1338 1341 1442 1532 1567 1580 1603 1670 1672 
Group13_46.txt
6 105 270 280 306 465 484 512 517 534 588 613 635 664 734 740 745 759 779 791 933 955 964 1001 1010 1107 1122 1128 1137 1158 1212 1251 1278 1311 1404 1456 1471 1580 1586 1653 1692 1706 1721 1725 1742 1768 1808 1829 1864 1912 1923 1928 1948 1990 1994 2012 2048 2117 2121 2161 2193 2267 2295 2352 2392 2457 2474 
Group13_47.txt
134 257 313 404 493 564 611 654 673 691 715 752 1292 1342 1360 1471 1476 1486 1542 1552 1619 1685 
Group13_48.txt
33 68 80 93 99 118 155 165 258 396 404 412 462 470 534 566 572 617 623 709 739 840 898 950 960 1084 1123 1235 1286 1312 1323 1343 1364 1393 1642 1746 1774 1780 1798 1868 1885 1901 1931 1971 1983 2162 2241 2254 2264 2300 2314 2344 2356 2443 
Group13_49.txt
208 217 300 437 459 495 521 557 572 594 600 742 838 912 921 945 958 1023 1033 1054 1122 1251 1340 1353 1374 1396 1413 1422 1450 1547 1552 1634 1644 1668 1673 1691 1761 1779 1821 1837 1870 1900 1982 1990 2014 2157 2205 2226 
Group13_50.txt
52 93 120 158 244 298 399 565 582 627 704 731 748 779 792 845 853 878 890 924 943 1070 1246 1300 
Group14_01.txt
8 80 239 305 356 
Group14_02.txt
25 65 132 236 292 320 358 453 
Group14_03.txt
53 65 93 118 148 200 349 
Group14_04.txt
14 168 174 230 246 497 503 
Group14_05.txt
100 122 166 215 240 253 327 514 543 561 
Group14_06.txt
19 101 146 176 228 253 326 338 356 492 520 
Group14_07.txt
25 157 222 305 386 473 
Group14_08.txt
2 24 34 55 86 210 290 346 362 367 430 443 459 489 514 523 529 555 
Group14_09.txt
28 46 56 75 83 90 126 173 183 208 223 239 244 257 300 314 339 345 357 411 441 448 
Group14_10.txt
41 97 184 190 199 301 353 421 428 439 477 488 502 
Group14_11.txt
6 69 183 262 324 328 417 496 505 
Group14_12.txt
27 129 155 535 
Group14_13.txt
13 131 207 235 261 329 359 406 462 
Group14_14.txt
4 14 23 33 59 125 202 237 265 288 302 319 343 384 464 
Group14_15.txt
82 143 222 229 304 342 
Group14_16.txt
37 102 118 139 175 182 213 232 305 346 354 361 434 442 469 
Group14_17.txt
33 56 92 221 274 416 459 
Group14_18.txt
4 16 38 87 131 264 281 307 361 370 439 491 
Group14_19.txt
13 54 239 268 304 419 449 567 623 704 721 807 824 
Group14_20.txt
19 21 74 78 259 272 301 308 312 316 318 393 406 541 573 702 796 824 
Group14_21.txt
12 26 172 246 319 419 505 
Group14_22.txt
114 123 268 391 403 540 580 
Group14_23.txt
16 65 72 165 186 220 266 278 287 323 381 402 
Group14_24.txt
115 152 217 235 256 381 396 449 512 537 
Group14_25.txt
72 97 150 285 336 509 607 
Group14_26.txt
54 229 328 399 425 473 487 498 505 620 701 778 823 864 878 892 929 
Group14_27.txt
50 103 124 139 190 262 329 386 469 529 570 624 650 699 
Group14_28.txt
45 65 79 93 98 134 144 214 249 404 408 427 436 523 611 633 663 670 704 728 782 839 932 963 978 994 1031 
Group14_29.txt
71 78 138 181 232 375 
Group14_30.txt
17 24 93 149 152 180 331 379 391 406 411 418 423 491 497 503 576 756 829 928 972 
Group14_31.txt
40 65 124 126 161 166 212 230 316 361 436 494 499 554 586 624 716 718 731 850 894 930 
Group14_32.txt
32 91 237 245 277 295 324 347 432 463 483 519 589 708 743 813 826 848 851 866 910 945 958 1080 1099 1107 
Group14_33.txt
29 66 269 371 430 534 770 776 893 921 931 951 970 1064 
Group14_34.txt
79 139 312 448 456 469 545 558 568 
Group14_35.txt
28 99 102 139 168 240 283 342 366 388 426 449 510 530 552 576 797 806 876 887 1134 1152 1170 1323 1433 1488 1495 1523 1564 1646 
Group14_36.txt
98 143 153 163 222 254 283 371 377 410 485 509 576 599 
Group14_37.txt
12 68 94 123 250 534 561 623 653 817 881 
Group14_38.txt
78 116 155 404 421 462 476 489 594 636 703 730 850 900 
Group14_39.txt
2 171 191 197 245 293 309 429 444 491 507 513 607 620 631 939 
Group14_40.txt
27 73 216 263 392 490 582 589 613 695 702 961 
Group14_41.txt
16 23 27 81 87 96 130 150 169 181 194 200 214 231 237 281 347 378 478 545 566 708 718 753 841 
Group14_42.txt
107 133 274 298 344 358 374 403 435 556 607 667 772 837 855 
Group14_43.txt
19 71 74 160 214 348 499 519 535 546 562 629 
Group14_44.txt
165 263 271 391 397 410 552 562 746 775 796 813 869 901 
Group14_45.txt
118 144 280 369 447 502 541 
Group14_46.txt
36 80 190 211 274 332 604 651 671 689 727 743 749 808 821 
Group14_47.txt
96 100 293 296 353 439 490 642 652 699 703 
Group14_48.txt
18 25 98 353 669 705 708 
Group14_49.txt
59 295 302 337 439 514 573 745 768 
Group14_50.txt
75 138 240 305 346 393 551 567 573 611 623 672 
