Group01_39.txt
161 350 
Group02_05.txt
226 
Group02_21.txt
2322 2438 
Group02_30.txt
3641 
Group02_38.txt
513 2939 
Group02_40.txt
1424 1455 1462 
Group02_41.txt
539 547 711 719 
Group02_48.txt
1318 1683 2215 2223 2248 2258 2318 2475 2557 
Group02_49.txt
1974 
Group02_50.txt
393 
Group03_06.txt
904 
Group04_28.txt
75 
Group04_48.txt
69 
Group05_02.txt
988 
Group05_20.txt
580 
Group05_26.txt
571 
Group05_36.txt
141 183 
Group06_35.txt
217 222 247 253 488 
Group06_39.txt
198 208 257 
Group06_40.txt
1 7 19 54 66 100 153 157 175 179 215 254 272 276 319 322 336 356 469 503 509 518 
Group07_01.txt
709 
Group08_35.txt
197 
Group10_10.txt
944 
Group10_29.txt
807 1011 
Group10_30.txt
453 
Group11-32.txt
100 238 391 
Group11-37.txt
352 826 
