Group02_11.txt
668 
Group02_18.txt
71 325 330 365 387 407 939 
Group02_19.txt
354 583 594 628 792 865 871 1139 1187 1287 1308 
Group02_21.txt
2626 
Group02_22.txt
1095 
Group02_30.txt
4426 
Group02_32.txt
207 568 595 658 700 712 727 733 739 756 783 794 803 816 842 874 883 897 924 1023 1101 1750 
Group02_33.txt
1812 1865 
Group02_34.txt
807 
Group02_37.txt
959 1228 
Group02_44.txt
424 1545 1555 1576 
Group03_06.txt
1683 
Group03_34.txt
936 1357 1691 
Group04_27.txt
238 815 
Group05_19.txt
372 
Group05_39.txt
131 
Group06_35.txt
26 
Group06_43.txt
202 444 453 
Group07_37.txt
1566 
Group11-35.txt
323 
