Group01_16.txt
312 355 
Group01_43.txt
113 450 
Group04_37.txt
216 411 
Group05_02.txt
294 539 590 601 834 919 1011 1022 
Group05_15.txt
539 649 
Group05_16.txt
87 614 680 749 877 933 
Group05_50.txt
579 689 
Group07_22.txt
637 
Group07_48.txt
1075 
Group08_12.txt
285 818 909 
Group08_29.txt
811 1116 
Group10_10.txt
403 
Group10_17.txt
166 361 385 653 659 810 818 825 855 
Group10_24.txt
432 1215 
Group12_49.txt
2174 
Group13_09.txt
56 628 675 
Group13_11.txt
215 226 244 284 320 395 421 445 455 549 574 
Group13_12.txt
265 
Group13_30.txt
162 1905 1957 2001 2288 2319 
Group13_33.txt
212 814 822 884 1903 
Group14_12.txt
499 
