Group01_20.txt
4 18 306 
Group01_22.txt
170 
Group01_32.txt
1207 
Group01_40.txt
607 
Group02_03.txt
956 
Group03_25.txt
591 
Group03_34.txt
170 261 1648 1965 2418 2729 2903 
Group03_36.txt
643 982 1181 
Group03_41.txt
2 39 
Group03_43.txt
370 
Group04_05.txt
217 
Group04_13.txt
331 399 
Group05_02.txt
720 
Group05_25.txt
323 
Group05_26.txt
754 
Group05_32.txt
353 
Group05_48.txt
94 489 
Group06_16.txt
30 
Group06_20.txt
711 
Group06_26.txt
45 
Group08_13.txt
665 712 
Group08_43.txt
414 
Group08_44.txt
49 
Group09_49.txt
814 
Group10_02.txt
171 
Group10_05.txt
170 655 
Group10_08.txt
147 
Group10_26.txt
171 
Group10_33.txt
9 13 18 217 288 388 503 535 828 1190 1416 1650 
Group10_38.txt
124 156 516 
Group10_42.txt
287 341 
Group11-02.txt
1023 
Group11-03.txt
540 
Group11-28.txt
389 
Group11-31.txt
522 
Group12_06.txt
742 
Group13_22.txt
442 475 525 563 634 683 721 815 889 1038 1071 1449 1570 1585 1682 1728 1883 2131 2149 2157 2371 2981 3015 3576 4768 4795 4831 5353 8846 8903 8930 8951 9579 9608 9652 10153 10175 10191 11427 11457 11466 11491 13984 14031 14072 16581 16598 
Group13_27.txt
350 888 1245 1779 2023 2031 2153 2161 2439 2846 2851 
Group13_29.txt
363 1322 1568 1601 2541 2769 
Group13_31.txt
375 550 722 
Group13_47.txt
77 
Group13_48.txt
276 2003 
Group14_21.txt
329 
Group14_25.txt
70 
Group14_46.txt
285 
