Group01_06.txt
381 423 440 
Group01_07.txt
59 433 
Group01_10.txt
301 638 765 
Group01_11.txt
960 
Group01_12.txt
136 
Group01_14.txt
234 381 566 
Group01_15.txt
381 
Group01_18.txt
91 258 
Group01_19.txt
159 386 424 671 
Group01_20.txt
476 
Group01_22.txt
134 
Group01_23.txt
75 
Group01_26.txt
22 
Group01_27.txt
16 77 91 131 
Group01_28.txt
418 
Group01_29.txt
41 277 689 
Group01_30.txt
422 430 
Group01_32.txt
97 
Group01_35.txt
358 655 1213 
Group01_36.txt
357 
Group01_37.txt
342 
Group01_41.txt
481 
Group01_42.txt
203 
Group01_49.txt
543 
Group02_03.txt
102 112 194 629 1034 
Group02_06.txt
387 
Group02_07.txt
799 
Group02_08.txt
494 
Group02_09.txt
797 
Group02_10.txt
974 
Group02_11.txt
366 
Group02_12.txt
169 217 241 475 504 519 542 702 745 773 826 933 939 
Group02_13.txt
215 662 
Group02_16.txt
249 286 868 
Group02_18.txt
150 231 871 1508 2188 2865 2884 2904 
Group02_19.txt
21 175 440 
Group02_20.txt
1037 
Group02_21.txt
39 161 1100 1457 1516 1522 1593 1603 1624 1668 1711 1734 1956 1977 2009 2338 
Group02_22.txt
45 544 954 1096 1392 1838 2116 2492 2495 2502 2545 3321 
Group02_23.txt
547 575 1060 
Group02_24.txt
1202 
Group02_25.txt
602 
Group02_26.txt
595 
Group02_28.txt
992 1131 1612 1746 
Group02_29.txt
245 322 328 517 
Group02_30.txt
3601 3896 
Group02_31.txt
2442 
Group02_33.txt
668 737 
Group02_34.txt
1193 
Group02_37.txt
613 1358 1441 
Group02_38.txt
2988 3392 3603 
Group02_39.txt
26 939 953 1102 1140 1328 
Group02_40.txt
1463 
Group02_41.txt
14 453 830 1508 
Group02_44.txt
1465 
Group02_45.txt
1932 
Group02_46.txt
1342 1680 1993 2000 2069 2195 
Group02_48.txt
328 811 
Group02_49.txt
2167 3737 
Group02_50.txt
676 1959 
Group03_03.txt
316 
Group03_04.txt
119 145 342 1099 1446 2113 
Group03_05.txt
1000 
Group03_07.txt
767 817 
Group03_09.txt
98 551 747 784 
Group03_10.txt
108 358 531 
Group03_12.txt
353 1083 
Group03_13.txt
398 1446 
Group03_16.txt
568 
Group03_17.txt
434 833 
Group03_18.txt
945 
Group03_19.txt
344 545 727 751 
Group03_20.txt
200 874 895 931 
Group03_21.txt
351 387 995 
Group03_22.txt
193 740 787 1089 
Group03_24.txt
1209 1727 
Group03_25.txt
171 196 371 
Group03_26.txt
233 
Group03_27.txt
1165 1299 
Group03_28.txt
164 278 487 673 
Group03_29.txt
347 778 885 983 1759 
Group03_30.txt
223 1263 1283 
Group03_31.txt
169 572 1254 1275 1527 1573 2226 2521 2653 2708 2753 2880 
Group03_32.txt
186 697 731 770 
Group03_33.txt
622 973 
Group03_34.txt
496 1716 1949 2338 2567 2861 
Group03_35.txt
165 907 950 1302 
Group03_36.txt
331 672 
Group03_37.txt
1253 1577 1985 
Group03_38.txt
981 
Group03_39.txt
169 680 714 753 
Group03_40.txt
601 952 
Group03_42.txt
331 768 878 976 
Group03_43.txt
613 
Group03_44.txt
187 726 1245 
Group03_45.txt
235 
Group03_47.txt
611 642 
Group03_48.txt
116 625 741 798 
Group03_49.txt
68 117 321 560 740 
Group03_50.txt
159 837 984 1505 
Group04_01.txt
494 
Group04_02.txt
81 402 
Group04_04.txt
338 344 
Group04_06.txt
312 650 
Group04_07.txt
18 
Group04_10.txt
390 
Group04_11.txt
118 458 472 
Group04_15.txt
712 942 1082 1105 
Group04_16.txt
228 263 
Group04_17.txt
236 272 349 503 996 
Group04_18.txt
115 212 430 
Group04_19.txt
378 
Group04_20.txt
344 510 520 
Group04_22.txt
522 
Group04_24.txt
63 84 
Group04_27.txt
241 508 818 
Group04_39.txt
463 902 
Group04_41.txt
994 1113 
Group04_42.txt
28 244 
Group04_43.txt
293 454 
Group04_46.txt
628 
Group04_49.txt
326 
Group05_04.txt
421 
Group05_05.txt
15 
Group05_06.txt
654 
Group05_10.txt
141 196 277 360 
Group05_13.txt
437 476 
Group05_14.txt
1012 
Group05_17.txt
39 195 346 498 688 996 
Group05_18.txt
803 
Group05_19.txt
4 68 174 235 249 410 
Group05_20.txt
331 390 436 965 
Group05_21.txt
217 840 
Group05_22.txt
190 314 
Group05_23.txt
202 418 1164 
Group05_25.txt
378 387 403 583 
Group05_26.txt
149 253 735 
Group05_27.txt
25 1125 
Group05_30.txt
230 
Group05_32.txt
351 
Group05_34.txt
301 
Group05_35.txt
316 
Group05_37.txt
34 
Group05_39.txt
181 
Group05_43.txt
483 
Group05_44.txt
44 119 471 
Group05_45.txt
103 429 
Group06_01.txt
385 
Group06_04.txt
54 
Group06_06.txt
42 122 673 
Group06_07.txt
519 
Group06_09.txt
143 226 296 360 513 529 
Group06_10.txt
89 216 258 267 291 373 412 633 
Group06_11.txt
464 
Group06_12.txt
532 
Group06_14.txt
166 650 
Group06_15.txt
64 101 388 
Group06_17.txt
66 309 1073 
Group06_18.txt
379 503 658 
Group06_20.txt
31 
Group06_22.txt
177 439 638 
Group06_24.txt
391 
Group06_25.txt
363 392 621 
Group06_27.txt
185 293 303 
Group06_29.txt
492 
Group06_31.txt
66 309 1073 
Group06_32.txt
6 
Group06_34.txt
63 
Group06_35.txt
27 161 171 211 285 325 371 408 
Group06_36.txt
91 
Group06_37.txt
49 249 
Group06_38.txt
503 
Group06_40.txt
449 
Group06_43.txt
666 
Group06_45.txt
223 
Group06_46.txt
151 235 295 746 
Group06_47.txt
16 44 129 141 166 251 524 
Group06_48.txt
18 77 313 460 
Group06_50.txt
48 
Group07_02.txt
513 
Group07_03.txt
252 705 1872 1964 
Group07_04.txt
745 
Group07_05.txt
948 
Group07_08.txt
430 
Group07_10.txt
6 
Group07_11.txt
74 337 460 645 
Group07_12.txt
39 311 852 886 
Group07_13.txt
68 124 
Group07_18.txt
1213 
Group07_19.txt
934 
Group07_20.txt
365 
Group07_21.txt
194 
Group07_22.txt
133 514 546 654 688 
Group07_23.txt
334 
Group07_24.txt
935 
Group07_26.txt
679 
Group07_28.txt
478 
Group07_30.txt
219 
Group07_31.txt
254 1109 
Group07_33.txt
488 
Group07_34.txt
334 
Group07_36.txt
398 656 1018 
Group07_38.txt
84 177 187 
Group07_39.txt
612 
Group07_40.txt
303 678 
Group07_41.txt
145 
Group07_42.txt
549 651 
Group07_44.txt
245 463 591 
Group07_45.txt
302 374 396 477 487 497 
Group07_46.txt
97 181 
Group07_49.txt
2724 
Group07_50.txt
8 429 
Group08_02.txt
218 312 460 628 
Group08_03.txt
28 180 468 
Group08_05.txt
138 213 358 
Group08_06.txt
838 
Group08_09.txt
230 
Group08_11.txt
422 
Group08_13.txt
552 1109 
Group08_14.txt
184 
Group08_15.txt
329 
Group08_16.txt
1538 
Group08_17.txt
638 1139 
Group08_18.txt
252 670 
Group08_20.txt
304 776 1204 
Group08_21.txt
657 
Group08_24.txt
150 
Group08_25.txt
233 898 
Group08_28.txt
73 
Group08_29.txt
201 431 
Group08_30.txt
891 1557 
Group08_31.txt
956 
Group08_35.txt
66 
Group08_37.txt
123 
Group08_39.txt
466 
Group08_40.txt
252 
Group08_41.txt
95 
Group08_42.txt
201 
Group08_49.txt
236 
Group09_02.txt
54 
Group09_03.txt
404 
Group09_05.txt
813 
Group09_09.txt
577 
Group09_12.txt
344 425 509 
Group09_16.txt
246 
Group09_19.txt
211 
Group09_20.txt
363 
Group09_21.txt
74 579 636 1131 
Group09_23.txt
224 360 422 
Group09_24.txt
322 586 
Group09_26.txt
285 648 
Group09_28.txt
133 325 
Group09_30.txt
53 272 340 404 452 476 480 
Group09_32.txt
170 410 507 
Group09_33.txt
429 
Group09_34.txt
573 
Group09_36.txt
85 
Group09_37.txt
500 971 
Group09_38.txt
562 
Group09_39.txt
113 678 
Group09_41.txt
379 401 
Group09_42.txt
4 30 79 393 464 507 
Group09_43.txt
307 
Group09_44.txt
218 
Group09_45.txt
173 
Group09_47.txt
163 265 
Group09_48.txt
57 
Group09_49.txt
468 713 827 
Group10_01.txt
540 
Group10_02.txt
57 479 
Group10_03.txt
379 677 
Group10_05.txt
315 343 
Group10_06.txt
195 
Group10_10.txt
172 196 298 593 847 
Group10_11.txt
769 
Group10_12.txt
33 
Group10_13.txt
126 492 687 
Group10_15.txt
302 
Group10_18.txt
18 568 
Group10_19.txt
454 
Group10_20.txt
37 396 492 
Group10_21.txt
35 388 937 
Group10_23.txt
70 370 640 
Group10_25.txt
259 
Group10_26.txt
57 479 
Group10_27.txt
20 824 
Group10_28.txt
996 
Group10_29.txt
205 305 
Group10_30.txt
492 
Group10_31.txt
98 
Group10_32.txt
729 
Group10_33.txt
171 
Group10_35.txt
315 459 1410 1427 
Group10_36.txt
4 17 182 196 260 671 
Group10_37.txt
205 378 707 
Group10_38.txt
167 890 
Group10_40.txt
541 
Group10_41.txt
373 
Group10_42.txt
620 
Group10_46.txt
252 
Group10_47.txt
829 
Group10_48.txt
608 
Group10_49.txt
685 
Group11-03.txt
23 56 420 626 682 
Group11-04.txt
453 571 
Group11-05.txt
365 
Group11-07.txt
441 
Group11-08.txt
12 396 
Group11-09.txt
327 
Group11-12.txt
513 
Group11-14.txt
830 
Group11-15.txt
680 1146 1219 1457 1773 2011 
Group11-16.txt
91 110 445 521 862 1153 1292 1369 1871 2552 2790 
Group11-20.txt
460 578 
Group11-21.txt
64 293 
Group11-23.txt
103 425 
Group11-24.txt
8 121 706 762 1025 1590 2432 
Group11-30.txt
507 
Group11-31.txt
177 
Group11-34.txt
431 
Group11-35.txt
257 
Group11-36.txt
348 
Group11-38.txt
591 
Group11-40.txt
38 94 279 
Group11-41.txt
358 
Group11-42.txt
3 37 101 558 
Group11-45.txt
438 490 
Group11-46.txt
377 1214 
Group11-49.txt
105 
Group11-50.txt
102 117 296 639 905 
Group12_02.txt
486 904 955 1353 1757 
Group12_03.txt
60 259 330 611 695 748 1038 
Group12_04.txt
1663 1737 1979 2013 2062 2411 2702 
Group12_05.txt
597 
Group12_06.txt
281 336 354 753 
Group12_07.txt
414 1108 1181 1247 
Group12_08.txt
389 
Group12_09.txt
59 180 289 667 
Group12_10.txt
3 386 
Group12_12.txt
904 
Group12_13.txt
245 1491 
Group12_15.txt
52 267 436 769 
Group12_16.txt
338 
Group12_19.txt
616 1111 1279 
Group12_20.txt
387 
Group12_25.txt
509 
Group12_26.txt
909 1214 
Group12_28.txt
221 
Group12_32.txt
142 348 
Group12_34.txt
9 215 280 411 
Group12_35.txt
15 33 116 140 187 218 
Group12_38.txt
604 
Group12_39.txt
117 
Group12_42.txt
392 456 576 
Group12_43.txt
432 867 
Group12_46.txt
282 
Group12_48.txt
481 
Group12_49.txt
413 1310 1878 
Group12_50.txt
469 582 
Group13_01.txt
112 
Group13_02.txt
251 814 875 944 2166 
Group13_03.txt
295 
Group13_04.txt
1036 
Group13_06.txt
1178 
Group13_07.txt
92 
Group13_09.txt
1008 
Group13_14.txt
18 523 
Group13_17.txt
315 
Group13_18.txt
397 
Group13_19.txt
465 
Group13_20.txt
245 526 
Group13_21.txt
184 1208 
Group13_22.txt
768 917 1103 1221 1754 2076 2413 3732 4126 4528 5138 5860 6303 6478 6509 7002 7090 7123 7150 7253 7470 7584 7638 8167 8589 8750 9162 11014 11130 11146 11230 12021 12121 13288 14336 14369 14606 15032 
Group13_23.txt
162 1057 2205 2574 2956 3332 3397 3487 3555 
Group13_24.txt
266 4175 4496 4535 4552 4938 
Group13_25.txt
494 629 1055 1469 1637 2074 
Group13_26.txt
307 431 451 1112 1190 1867 2308 2670 5333 5345 5542 5703 7478 7911 9202 9228 
Group13_27.txt
1003 1413 
Group13_28.txt
27 710 1162 2500 2777 2896 3127 
Group13_29.txt
217 344 416 846 958 1416 2510 2647 2860 3113 3231 3467 3489 3668 3724 4170 4293 4342 4600 
Group13_30.txt
72 338 2451 2564 2679 2873 
Group13_32.txt
225 703 1130 
Group13_33.txt
739 807 1368 2046 2055 2177 
Group13_34.txt
178 
Group13_35.txt
1041 
Group13_36.txt
60 672 771 1452 
Group13_37.txt
85 1609 
Group13_38.txt
94 249 1260 1576 
Group13_39.txt
363 967 1088 1344 
Group13_40.txt
259 1008 
Group13_41.txt
842 1173 
Group13_43.txt
135 194 809 1633 
Group13_44.txt
223 716 1269 1615 2900 3594 
Group13_45.txt
281 460 745 841 1317 1468 1616 
Group13_46.txt
411 1177 2034 2072 2422 
Group13_47.txt
16 70 1160 1534 
Group13_48.txt
16 143 225 234 283 291 368 513 1143 1349 1449 1536 1961 2499 2620 
Group13_49.txt
108 797 1044 1207 1545 2035 2058 2130 
Group13_50.txt
70 
Group14_02.txt
141 
Group14_03.txt
13 182 
Group14_07.txt
336 
Group14_08.txt
71 
Group14_10.txt
103 205 400 403 
Group14_11.txt
58 87 349 
Group14_12.txt
387 
Group14_14.txt
457 
Group14_15.txt
510 
Group14_16.txt
61 73 
Group14_19.txt
145 372 403 439 584 672 810 
Group14_20.txt
460 768 
Group14_21.txt
75 118 303 453 
Group14_25.txt
83 491 
Group14_26.txt
199 339 378 413 434 580 613 
Group14_27.txt
110 287 585 
Group14_28.txt
6 122 
Group14_30.txt
444 
Group14_31.txt
112 749 
Group14_32.txt
1062 
Group14_33.txt
316 
Group14_34.txt
353 729 
Group14_35.txt
339 363 737 837 848 1089 1237 1320 1392 1584 1697 
Group14_36.txt
23 
Group14_37.txt
290 446 458 813 
Group14_38.txt
90 124 132 201 293 
Group14_39.txt
882 1000 
Group14_40.txt
45 738 762 
Group14_41.txt
303 899 964 
Group14_42.txt
112 207 620 709 733 
Group14_43.txt
402 
Group14_44.txt
106 282 834 
Group14_45.txt
59 229 450 
Group14_47.txt
530 
Group14_48.txt
282 627 
Group14_49.txt
176 347 
Group14_50.txt
108 125 215 
