Group01_19.txt
158 
Group01_41.txt
440 
Group03_38.txt
238 562 726 
Group03_46.txt
454 
Group03_49.txt
67 420 
Group04_07.txt
140 802 
Group04_11.txt
223 
Group04_12.txt
486 
Group05_04.txt
481 
Group05_14.txt
1011 
Group07_16.txt
11 62 144 154 492 
Group08_02.txt
501 
Group08_03.txt
27 179 
Group08_13.txt
551 
Group08_19.txt
403 427 
Group08_26.txt
32 
Group08_32.txt
75 
Group08_41.txt
94 
Group09_09.txt
292 
Group09_45.txt
606 
Group10_03.txt
632 
Group10_23.txt
69 639 
Group10_42.txt
47 184 385 
Group10_47.txt
828 
Group10_48.txt
481 
Group11-10.txt
411 
Group11-27.txt
240 
Group11-30.txt
91 504 
Group11-42.txt
116 
Group12_11.txt
820 867 
Group12_12.txt
820 867 
Group12_15.txt
675 768 
Group12_17.txt
376 
Group12_21.txt
452 
Group12_26.txt
908 
Group12_32.txt
193 470 
Group12_33.txt
482 
Group12_49.txt
217 396 1134 1178 1241 1429 1798 2005 2041 2434 2511 
Group13_02.txt
1731 1761 
Group13_03.txt
546 
Group13_22.txt
132 316 916 1718 1753 3731 3786 4125 7622 15480 
Group13_24.txt
4275 
Group13_25.txt
203 276 671 1956 2044 2073 
Group13_26.txt
33 350 406 1929 3279 4281 
Group13_27.txt
1412 3217 
Group13_28.txt
26 1402 1546 1703 1740 2284 
Group13_29.txt
123 458 982 1163 1315 1337 1346 1415 2859 3017 3206 3466 3540 3554 3584 4614 4813 4979 5342 5484 
Group13_30.txt
41 337 1042 
Group13_40.txt
556 569 
Group13_42.txt
118 
Group14_21.txt
189 269 302 365 485 538 
Group14_25.txt
82 156 
