Group01_01.txt
4 21 28 203 220 230 234 244 415 423 469 539 594 
Group01_02.txt
49 181 313 318 321 
Group01_03.txt
11 46 347 511 722 732 768 814 890 895 1219 
Group01_04.txt
1 11 36 57 163 182 316 365 
Group01_05.txt
124 156 163 
Group01_06.txt
227 363 501 756 946 1044 1112 1177 
Group01_07.txt
66 72 83 607 
Group01_08.txt
1 99 525 545 643 660 672 1060 1108 1145 
Group01_09.txt
81 125 160 239 255 286 393 589 635 692 757 
Group01_10.txt
24 107 124 142 200 243 268 469 476 519 662 947 974 
Group01_11.txt
115 133 186 195 231 305 495 608 786 965 
Group01_12.txt
1 67 83 133 524 586 596 604 631 676 
Group01_13.txt
138 
Group01_14.txt
48 372 441 455 557 626 640 
Group01_15.txt
27 69 89 313 
Group01_16.txt
191 342 422 
Group01_18.txt
82 89 161 216 293 
Group01_19.txt
10 176 211 267 374 406 414 456 654 675 704 
Group01_20.txt
105 129 190 264 298 333 375 386 409 452 462 505 536 561 624 651 654 677 691 
Group01_21.txt
80 137 159 230 280 292 354 439 446 
Group01_22.txt
88 153 223 225 283 346 399 428 
Group01_23.txt
110 173 315 433 488 501 
Group01_24.txt
1 11 36 57 163 182 309 358 
Group01_25.txt
45 209 262 646 703 778 875 978 1088 
Group01_26.txt
379 387 398 401 419 579 734 
Group01_27.txt
1 54 101 392 
Group01_28.txt
1 9 41 239 270 277 339 381 467 476 
Group01_29.txt
338 381 383 566 577 598 749 755 818 822 
Group01_30.txt
4 13 130 138 327 331 392 400 439 443 461 525 570 596 610 719 752 784 
Group01_31.txt
81 106 111 146 172 376 480 
Group01_32.txt
19 32 455 513 554 576 598 614 679 727 738 746 845 852 976 1109 1198 1242 1250 1263 
Group01_33.txt
4 236 327 461 538 679 700 
Group01_34.txt
220 547 644 
Group01_35.txt
120 152 255 311 351 714 811 939 
Group01_36.txt
5 140 167 450 574 
Group01_37.txt
177 456 
Group01_38.txt
79 136 158 228 278 290 352 437 444 
Group01_39.txt
137 
Group01_40.txt
203 512 599 665 769 840 
Group01_41.txt
99 144 175 495 508 
Group01_42.txt
370 477 
Group01_43.txt
354 467 
Group01_44.txt
43 49 247 
Group01_45.txt
30 299 416 
Group01_46.txt
22 127 145 179 
Group01_47.txt
168 
Group01_48.txt
339 343 470 
Group01_49.txt
7 48 127 205 217 227 373 448 
Group01_50.txt
85 235 429 468 526 556 
Group02_01.txt
4 9 20 45 81 233 358 367 399 428 572 595 616 644 
Group02_02.txt
12 34 40 70 122 204 208 242 245 254 267 365 402 412 548 582 697 718 762 781 859 866 875 879 898 903 
Group02_03.txt
157 211 249 296 401 458 528 581 682 734 752 916 
Group02_04.txt
54 58 130 196 201 262 448 569 576 625 629 646 657 673 682 692 757 791 
Group02_05.txt
38 69 111 146 153 245 339 385 444 482 503 669 676 721 
Group02_06.txt
134 154 163 180 198 703 781 
Group02_07.txt
1 50 118 149 235 261 543 565 688 708 722 778 808 
Group02_08.txt
15 43 110 118 234 273 304 569 583 612 
Group02_09.txt
15 96 104 263 530 544 550 601 649 679 699 749 752 780 784 
Group02_10.txt
186 480 488 527 576 714 758 777 787 1054 1122 
Group02_11.txt
2 14 71 78 83 97 103 118 132 458 680 814 908 
Group02_12.txt
322 581 639 695 757 881 923 1021 
Group02_13.txt
134 377 455 480 664 918 
Group02_14.txt
30 82 134 169 221 257 308 436 458 811 829 840 919 
Group02_15.txt
54 246 287 293 406 418 425 
Group02_16.txt
55 194 291 301 330 936 
Group02_17.txt
55 75 110 131 243 260 269 330 372 441 468 502 558 639 685 
Group02_18.txt
22 57 109 124 240 257 261 263 280 301 376 460 485 510 518 547 611 627 657 667 932 943 979 987 1034 1057 1096 1102 1108 1125 1134 1216 1252 1280 1293 1310 1358 1389 1408 1442 1447 1473 1482 1499 1506 1570 1604 1638 1655 1705 1717 1723 1761 1866 1962 1978 2017 2223 2277 2319 2324 2445 2455 2640 2708 2719 2780 2892 2928 3008 3063 
Group02_19.txt
81 133 154 202 337 343 383 445 468 547 553 564 651 665 712 729 817 974 1005 1042 1161 1210 1214 1250 1271 1302 1349 1498 1525 1557 1603 1647 1657 1789 1799 
Group02_20.txt
22 60 185 194 256 265 277 297 377 386 409 433 444 599 628 666 704 737 756 768 777 784 796 858 909 977 1054 1077 1174 1252 1257 1289 1317 1383 1439 1511 1525 1590 1666 1832 1846 1861 1886 1921 1954 2092 2108 2153 2177 2245 2386 2392 2536 2675 2688 2692 2729 2787 2898 2901 2940 2976 2994 3000 3075 3118 3121 3159 3176 3182 3544 3615 3668 3684 3692 3713 3823 3863 3878 3908 3933 3971 4051 
Group02_21.txt
12 117 157 226 291 333 415 575 601 637 666 692 730 865 951 997 1023 1045 1068 1125 1239 1264 1350 1378 1385 1469 1471 1587 1704 1773 1840 1849 1916 1969 1987 1995 2001 2013 2073 2115 2218 2239 2243 2254 2276 2451 2508 2536 2592 2639 2646 2671 2685 2714 2778 2806 2840 
Group02_22.txt
14 37 356 384 427 450 483 505 513 522 527 557 573 624 635 639 720 751 763 881 923 1141 1257 1356 1436 1456 1470 1553 1588 1643 1684 1760 1811 1852 1869 1915 1936 1959 1975 1997 2004 2023 2045 2057 2068 2122 2141 2149 2175 2182 2250 2331 2411 2531 2613 2677 2718 2791 2842 2856 2881 2894 2927 2932 2936 2965 3010 3022 3038 3156 3254 3272 3296 3363 3414 3525 3547 3553 3603 3671 3677 3688 3756 
Group02_23.txt
59 85 109 162 166 188 193 205 269 301 318 343 390 452 502 507 540 582 589 608 669 738 859 915 922 945 1011 1026 1046 1055 1116 1165 1223 1243 1462 1498 1508 1525 1536 1603 1609 
Group02_24.txt
39 103 204 215 236 284 303 324 346 353 358 369 371 383 392 405 433 464 477 511 522 530 541 587 596 613 623 633 640 702 754 814 830 841 851 864 901 967 979 996 1014 1030 1043 1066 1073 1087 1093 1105 1159 1194 1388 1431 1439 1445 1468 
Group02_25.txt
63 71 86 363 384 418 430 666 688 701 782 864 898 911 932 940 968 1003 1010 1034 1141 1145 1274 1295 1308 1346 
Group02_26.txt
32 59 82 89 100 154 205 266 361 415 501 505 538 566 578 589 604 624 639 663 741 745 787 797 
Group02_27.txt
30 136 187 191 248 287 309 408 441 446 527 538 565 644 685 699 771 948 975 1158 1185 1226 1257 1275 1278 1297 1312 1355 1418 1425 1435 1472 1532 1555 1568 1571 1598 1637 1650 1658 1692 1723 1809 1827 
Group02_28.txt
115 166 173 227 289 317 375 396 430 470 535 578 633 641 649 664 682 721 743 779 855 873 882 925 1124 1178 1196 1206 1286 1298 1307 1317 1383 1390 1512 1543 1573 1575 1673 1695 1698 1767 1788 1825 1949 1990 2076 2128 
Group02_29.txt
31 81 131 157 164 194 199 205 221 224 234 282 295 304 371 483 526 556 582 615 618 641 656 670 707 746 776 807 882 937 963 1050 1058 1071 1149 1185 1193 1203 1230 
Group02_30.txt
1 5 9 174 233 261 398 429 478 492 509 545 627 640 724 740 751 755 834 922 989 1007 1022 1165 1226 1272 1323 1370 1377 1520 1636 1691 1695 1771 1817 1824 1931 1957 1983 2527 2555 2599 2632 2706 2711 2775 2811 2978 2990 3074 3099 3316 3384 3414 3478 3558 3586 3593 3665 3709 3720 3726 3730 3759 3784 3832 3842 3849 3877 3907 3931 3942 3953 3988 4004 4077 4097 4103 4175 4228 4272 4384 4433 
Group02_31.txt
54 62 95 106 111 129 196 250 298 361 393 435 496 570 577 595 625 743 750 911 1058 1094 1143 1198 1209 1371 1446 1481 1630 1660 1671 1691 1999 2098 2469 2877 
Group02_32.txt
54 63 135 209 232 301 335 348 404 440 473 488 496 514 532 630 640 680 709 737 751 804 817 885 934 968 983 1123 1163 1183 1251 1289 1323 1355 1368 1423 1458 1494 1498 1525 1539 1565 1578 1628 1639 1646 1688 1739 1744 1769 1792 1828 1834 1856 1914 1923 1993 1999 2002 2009 2034 2049 2076 2086 2096 2110 2120 2124 2133 2151 2238 2270 2277 2288 2303 2306 2321 2342 2372 2383 2389 2397 2403 2410 2518 2526 2537 2541 2571 2588 2624 2639 2651 2663 2695 2704 2735 
Group02_33.txt
26 85 122 127 146 159 184 193 202 231 252 265 323 340 366 376 409 437 484 489 498 513 546 562 602 622 632 656 698 716 728 778 812 854 874 970 977 1054 1209 1216 1248 1291 1315 1346 1429 1435 1472 1489 1498 1660 1669 1717 1770 1863 1902 1944 1981 1995 2003 2026 2051 2070 2098 2193 2227 2276 2303 2319 2339 2353 2388 2445 2515 2551 2583 2647 2678 2722 2740 2758 2817 2832 2847 2877 2894 2918 3016 3044 3078 3092 3174 3227 3279 3360 
Group02_34.txt
7 100 134 157 233 363 375 450 521 567 673 731 754 794 836 1048 1060 1077 1150 1155 1302 1325 1390 
Group02_35.txt
125 200 219 235 244 255 280 291 413 540 578 583 605 620 689 738 749 757 784 822 877 879 932 939 
Group02_36.txt
11 27 64 131 221 238 246 265 289 336 407 513 594 611 621 654 660 674 702 717 745 762 771 777 791 804 840 887 943 1039 1087 1124 1132 1277 1282 1309 1314 1324 1373 1377 1387 1393 1413 1432 1445 1448 1459 1493 1503 1540 1593 1600 1626 1641 1664 1707 1740 1778 1782 
Group02_37.txt
8 22 69 86 150 168 183 193 267 279 285 292 300 321 333 346 371 399 422 436 462 470 529 554 576 610 685 697 714 726 765 774 829 868 900 1013 1051 1065 1100 1128 1172 1272 1278 1303 1326 1347 1392 1402 1484 1495 1512 
Group02_38.txt
42 46 118 199 205 248 251 366 441 464 505 535 542 583 596 625 635 662 674 684 724 739 784 833 839 844 859 876 910 1028 1033 1039 1051 1054 1113 1120 1197 1267 1302 1332 1351 1357 1393 1461 1477 1529 1551 1571 1620 1649 1701 1709 1719 1759 1776 1784 1814 1844 1872 1888 1930 1951 1966 1981 1994 2017 2067 2119 2127 2150 2262 2300 2318 2326 2333 2343 2396 2456 2474 2477 2606 2639 2656 2668 2682 2691 2706 2711 2727 2753 2770 2783 2798 2817 2823 2853 2872 2893 2935 2946 2970 2983 2991 3079 3129 3140 3144 3158 3235 3246 3284 3474 3520 
Group02_39.txt
24 120 280 307 386 391 410 433 447 459 463 468 501 521 536 541 557 560 571 591 640 740 774 811 825 841 876 891 908 937 947 960 967 994 1020 1029 1049 1069 1081 1129 1148 1158 1166 1206 1261 1356 1395 1403 1410 1422 1428 1450 1534 1558 1605 1667 1710 1736 
Group02_40.txt
4 56 99 103 111 141 211 228 327 404 415 430 460 468 489 498 514 639 679 709 756 771 793 942 971 991 1004 1043 1052 1059 1068 1088 1100 1247 1271 1315 1326 1350 1441 1466 1474 1490 1533 1538 1545 1582 1600 1613 1637 1661 1809 1844 1862 1881 1897 1947 2001 2012 2036 2064 2109 2190 
Group02_41.txt
20 39 159 163 277 288 310 346 354 365 488 502 557 572 615 675 684 736 747 756 777 794 799 810 854 879 889 909 912 934 944 951 959 989 1006 1030 1036 1056 1135 1201 1210 1260 1313 1322 1429 1514 1566 1571 1605 
Group02_42.txt
60 65 132 140 152 193 243 278 400 422 445 
Group02_43.txt
7 25 46 90 99 106 111 121 167 272 307 338 343 407 486 522 533 586 616 622 800 807 914 977 999 1025 1044 1054 1132 1243 1358 1586 1604 1620 
Group02_44.txt
101 222 245 254 339 419 456 507 611 627 755 777 857 1010 1064 1079 1144 1267 1271 1303 1374 1393 1409 1502 1538 1632 1637 
Group02_45.txt
158 231 324 349 378 411 486 503 575 588 601 615 675 698 725 739 752 813 891 917 938 1055 1084 1095 1106 1125 1144 1189 1231 1248 1267 1293 1302 1368 1378 1381 1384 1450 1521 1608 1614 1687 1718 1749 1771 1935 
Group02_46.txt
50 89 108 130 151 161 179 205 209 230 283 328 331 348 358 367 444 465 659 724 909 948 961 994 1098 1180 1191 1239 1260 1265 1290 1304 1485 1502 1508 1531 1540 1546 1579 1598 1605 1641 1660 1665 1723 1769 1788 1797 1889 1921 1987 2116 2170 2205 2214 2263 2274 2281 2296 2307 2347 2481 2503 2513 2525 2531 2606 
Group02_47.txt
39 147 168 189 204 209 257 262 310 348 358 366 377 403 410 494 512 526 554 588 606 626 661 681 712 716 802 830 846 853 858 875 912 959 986 1003 1015 1158 1216 1250 1269 1270 1275 1341 1355 1454 
Group02_48.txt
15 38 53 80 101 148 183 474 490 495 502 531 636 667 852 1023 1104 1108 1127 1132 1146 1151 1173 1187 1216 1276 1326 1373 1431 1459 1512 1564 1573 1609 1640 1665 1699 1732 1750 1826 1929 1966 1987 2046 2057 2089 2100 2122 2216 2230 2246 2329 2337 2390 2405 2445 2451 2483 2505 2569 2624 2648 2676 2786 2812 2868 2904 2919 2925 
Group02_49.txt
56 70 307 316 462 475 564 589 641 721 732 818 856 908 925 946 960 1028 1117 1168 1184 1188 1209 1222 1269 1297 1325 1331 1355 1412 1418 1559 1565 1579 1596 1744 1786 1797 1803 1814 1833 1841 1853 1928 2023 2030 2128 2150 2326 2338 2357 2459 2527 2582 2635 2643 2691 2795 2821 3070 3113 3117 3149 3218 3232 3258 3342 3349 3361 3366 3379 3434 3490 3497 3516 3636 3747 3919 3950 4006 4031 4051 4079 4130 4152 4188 4199 4235 4246 4266 4310 4348 4356 
Group02_50.txt
128 135 142 152 200 206 238 281 304 339 354 387 408 413 425 549 585 623 637 643 763 770 774 797 837 860 900 969 1002 1019 1076 1120 1151 1182 1192 1205 1243 1250 1298 1346 1375 1406 1440 1471 1508 1522 1529 1548 1553 1599 1621 1634 1727 1733 1756 1789 1808 1814 1853 1863 1902 1989 2032 
Group03_01.txt
1 94 243 249 327 352 382 396 475 
Group03_02.txt
101 105 167 178 189 209 301 367 461 527 600 748 
Group03_03.txt
593 603 638 778 798 806 1119 1153 1268 
Group03_04.txt
1 99 116 135 183 373 437 529 600 632 725 796 833 1230 1383 1469 1570 1651 1860 1874 1879 1961 2008 2099 2118 2135 2176 2224 2302 
Group03_05.txt
1 58 72 92 195 298 321 351 405 409 567 573 595 819 900 930 1039 
Group03_06.txt
150 187 209 362 369 403 424 484 710 824 887 898 931 962 985 989 1667 1671 1943 1965 2176 2373 2425 2556 2586 2596 
Group03_07.txt
147 215 541 813 910 917 932 1189 1438 1462 1665 1805 1930 2018 2480 2588 2595 
Group03_08.txt
126 137 521 551 562 739 763 840 
Group03_09.txt
1 145 402 466 704 751 772 823 841 895 1064 
Group03_10.txt
292 316 319 604 674 680 793 1014 
Group03_11.txt
119 699 803 948 
Group03_12.txt
127 292 1050 1143 
Group03_13.txt
11 49 62 148 163 177 236 261 566 816 849 877 930 1163 1258 1480 1513 
Group03_14.txt
4 146 282 418 430 614 687 764 981 
Group03_15.txt
2 16 35 238 268 282 289 293 301 335 492 527 566 576 636 729 752 
Group03_16.txt
96 165 243 406 415 423 450 489 637 652 760 809 
Group03_17.txt
1 226 263 309 342 350 410 417 570 
Group03_18.txt
395 
Group03_19.txt
33 174 194 212 250 342 354 872 915 
Group03_20.txt
2 48 177 245 266 310 333 548 554 589 601 617 676 729 805 825 841 858 879 908 916 987 995 
Group03_21.txt
208 658 805 1753 1938 1945 2027 
Group03_22.txt
554 567 599 645 772 857 1075 1139 
Group03_23.txt
130 150 203 296 304 323 324 351 383 454 472 658 667 716 735 
Group03_24.txt
99 106 1189 
Group03_25.txt
84 119 136 344 416 473 513 560 606 781 
Group03_26.txt
20 84 132 153 163 197 1151 1155 1289 1376 1394 1406 1415 1441 1450 1459 1463 1488 1499 1503 1517 1529 1563 1574 1584 1591 1597 1603 1635 
Group03_27.txt
452 581 866 970 1423 1462 1596 1608 
Group03_28.txt
139 230 298 911 
Group03_29.txt
25 73 92 105 140 406 496 503 575 629 666 733 749 853 889 1041 1131 1197 1240 1252 1267 1295 1300 1319 1450 1493 1539 1570 1656 1701 1865 1931 2101 2117 2123 2138 
Group03_30.txt
220 687 811 1001 1266 1319 1473 1527 
Group03_31.txt
118 134 219 291 357 392 420 464 475 493 590 749 760 846 876 898 902 914 958 1066 1112 1248 1538 1543 1738 1746 1792 1798 1851 2124 2465 2686 2919 
Group03_32.txt
12 19 78 104 210 221 321 438 747 1080 1138 1144 1175 1212 1414 1465 
Group03_33.txt
375 772 776 1215 
Group03_34.txt
162 214 217 313 329 375 390 413 417 506 540 651 743 765 770 786 802 815 818 848 1116 1141 1152 1168 1179 1187 1224 1234 1248 1352 1456 1467 1635 1759 1793 1812 2202 2316 2431 2463 2480 2502 2506 2606 2626 2633 2652 2763 2776 2780 2812 2896 
Group03_35.txt
54 156 360 451 458 496 510 563 597 623 682 889 913 1143 1255 1299 
Group03_36.txt
165 226 280 483 528 578 633 637 694 747 780 790 859 962 1141 1146 1225 1267 1344 1369 1464 1484 1494 1557 
Group03_37.txt
8 159 183 522 541 654 770 806 931 975 992 1096 1187 1221 1310 1451 1466 1586 1622 1759 1766 1962 2008 2017 2029 2287 2370 
Group03_38.txt
2 13 641 650 670 751 845 919 939 1057 
Group03_39.txt
61 87 193 204 304 421 730 
Group03_40.txt
354 751 755 
Group03_41.txt
179 212 312 
Group03_42.txt
54 73 86 121 390 480 487 559 619 656 723 739 843 882 1038 1128 1215 1258 1270 1285 1313 1318 1337 1468 1511 1560 1591 1682 1727 
Group03_43.txt
8 170 176 189 198 285 353 414 427 437 483 564 
Group03_44.txt
634 645 898 1091 1113 1153 1335 1371 1427 
Group03_45.txt
314 348 367 421 476 
Group03_46.txt
164 264 290 344 553 580 588 
Group03_47.txt
282 359 374 515 697 907 
Group03_48.txt
297 308 386 407 418 435 557 619 715 914 
Group03_49.txt
456 491 512 694 
Group03_50.txt
6 14 138 141 154 192 293 308 321 353 386 414 426 544 577 599 670 684 844 945 1075 1083 1099 1175 1276 1299 1471 1479 1485 1494 
Group04_01.txt
234 444 867 931 
Group04_02.txt
128 555 627 
Group04_03.txt
64 331 364 497 
Group04_04.txt
127 244 276 286 
Group04_05.txt
190 257 500 571 577 
Group04_06.txt
28 139 156 201 482 501 680 862 
Group04_07.txt
215 381 1231 
Group04_08.txt
283 321 430 469 
Group04_09.txt
53 66 257 298 382 387 421 484 579 
Group04_10.txt
1 599 
Group04_11.txt
177 
Group04_12.txt
138 
Group04_13.txt
315 468 764 801 923 1037 1048 1057 1088 1115 1130 
Group04_14.txt
84 290 496 574 579 586 595 
Group04_15.txt
34 134 371 503 652 752 812 877 888 1057 1175 1202 
Group04_16.txt
5 13 112 309 378 395 413 447 457 507 546 
Group04_17.txt
44 123 265 343 416 512 538 550 558 564 986 988 1030 1059 1066 1072 1085 
Group04_18.txt
134 171 524 
Group04_19.txt
340 
Group04_20.txt
146 365 422 
Group04_21.txt
216 578 613 919 977 988 
Group04_22.txt
4 170 375 482 499 556 588 
Group04_23.txt
98 105 160 202 411 445 568 664 
Group04_24.txt
81 228 315 434 451 555 674 694 
Group04_25.txt
263 299 304 311 
Group04_26.txt
275 342 437 565 581 724 783 789 829 836 
Group04_27.txt
24 150 617 667 769 
Group04_28.txt
87 206 296 495 
Group04_29.txt
343 489 569 598 
Group04_30.txt
345 430 571 678 787 1055 
Group04_31.txt
538 578 
Group04_32.txt
467 655 677 766 788 797 853 
Group04_33.txt
173 246 579 596 618 680 
Group04_34.txt
200 323 560 567 615 626 719 771 927 
Group04_35.txt
132 247 300 
Group04_36.txt
106 193 275 280 366 441 605 621 750 
Group04_37.txt
140 511 517 
Group04_38.txt
73 169 234 263 620 
Group04_39.txt
55 490 882 
Group04_40.txt
12 166 194 448 
Group04_41.txt
109 318 350 433 547 596 616 647 844 953 962 1016 1095 1101 1148 
Group04_42.txt
67 125 364 
Group04_43.txt
51 94 139 427 450 534 585 618 759 766 781 
Group04_44.txt
1 464 512 
Group04_45.txt
157 327 458 
Group04_46.txt
37 166 335 478 542 698 717 737 751 818 921 955 1014 1172 
Group04_47.txt
257 350 372 502 
Group04_48.txt
3 15 77 201 285 393 405 
Group04_49.txt
51 114 195 231 521 528 
Group04_50.txt
16 56 85 104 122 
Group05_02.txt
20 41 143 200 1203 1241 
Group05_04.txt
219 540 781 978 
Group05_05.txt
182 485 
Group05_06.txt
60 101 164 241 269 284 380 433 702 714 855 951 1019 1175 
Group05_07.txt
12 43 69 121 291 333 353 
Group05_08.txt
74 107 120 245 246 305 308 343 
Group05_09.txt
105 265 407 428 774 840 
Group05_10.txt
71 96 167 223 232 271 521 548 
Group05_11.txt
2 21 280 291 353 368 
Group05_12.txt
3 53 74 127 
Group05_13.txt
179 780 849 1038 1197 1250 
Group05_14.txt
349 390 548 609 650 673 804 911 988 
Group05_15.txt
86 152 183 209 246 336 400 412 424 442 476 
Group05_16.txt
257 336 486 505 515 668 
Group05_17.txt
189 484 870 
Group05_18.txt
103 310 331 428 457 468 539 629 637 737 740 772 980 
Group05_19.txt
125 294 381 684 693 742 
Group05_20.txt
151 255 478 571 583 702 783 867 930 945 1092 1100 
Group05_21.txt
27 204 253 267 294 486 699 870 924 
Group05_22.txt
120 
Group05_23.txt
6 409 542 717 744 760 880 1000 1075 1246 1416 
Group05_24.txt
358 429 
Group05_25.txt
679 740 976 
Group05_26.txt
122 278 409 444 458 477 624 641 670 742 818 882 
Group05_27.txt
6 71 105 120 151 254 418 1192 1234 1366 1408 1469 
Group05_28.txt
30 419 463 536 582 
Group05_29.txt
478 
Group05_30.txt
127 154 178 190 492 700 755 947 
Group05_31.txt
31 114 130 234 249 
Group05_32.txt
86 535 665 701 741 778 824 
Group05_34.txt
13 252 
Group05_35.txt
232 417 448 455 
Group05_36.txt
25 117 122 125 
Group05_37.txt
27 79 
Group05_38.txt
55 116 226 308 
Group05_39.txt
190 252 
Group05_40.txt
24 210 338 413 
Group05_41.txt
86 100 359 377 434 
Group05_42.txt
32 238 265 343 
Group05_43.txt
163 358 434 504 576 601 617 
Group05_44.txt
9 113 188 405 493 718 792 1029 1115 1127 
Group05_45.txt
136 230 302 636 679 749 933 943 1031 1063 1084 1193 1238 1280 
Group05_46.txt
17 26 69 149 181 298 304 393 397 430 487 554 558 611 
Group05_47.txt
24 82 119 
Group05_48.txt
0 61 125 338 
Group05_49.txt
584 699 762 785 851 
Group05_50.txt
216 242 279 369 434 452 464 482 516 
Group06_01.txt
37 119 132 348 394 
Group06_02.txt
63 188 293 307 332 409 437 471 488 577 693 736 741 764 
Group06_03.txt
198 278 374 403 420 432 445 458 465 631 672 682 752 
Group06_04.txt
17 91 133 323 388 401 457 526 539 693 702 706 751 
Group06_05.txt
157 401 412 461 630 
Group06_06.txt
56 346 427 447 526 545 
Group06_07.txt
476 656 
Group06_08.txt
145 424 441 480 
Group06_09.txt
114 152 286 370 402 451 466 638 676 697 
Group06_10.txt
99 104 540 554 
Group06_11.txt
123 226 317 415 467 552 563 727 850 
Group06_12.txt
237 393 442 535 579 
Group06_13.txt
17 52 252 343 360 411 414 561 582 691 
Group06_14.txt
115 279 518 566 586 631 686 
Group06_15.txt
203 307 437 495 628 656 861 
Group06_16.txt
160 190 199 284 350 417 660 713 820 1030 1048 1055 
Group06_17.txt
80 210 436 579 587 614 700 810 890 903 918 928 1015 
Group06_18.txt
58 172 177 231 557 581 697 
Group06_19.txt
16 72 234 648 
Group06_20.txt
171 227 258 361 383 533 572 577 626 630 661 688 
Group06_21.txt
302 310 482 701 771 
Group06_22.txt
11 57 112 130 205 262 295 327 429 508 
Group06_23.txt
81 328 488 804 810 907 
Group06_24.txt
157 172 247 353 402 
Group06_25.txt
16 167 222 241 269 284 289 303 551 587 655 
Group06_26.txt
23 142 172 254 278 345 360 405 531 534 
Group06_27.txt
26 232 264 414 499 532 
Group06_28.txt
285 320 340 492 558 568 596 724 
Group06_29.txt
124 220 243 260 309 386 552 591 599 640 725 
Group06_30.txt
37 89 125 143 182 288 500 534 542 
Group06_31.txt
80 210 436 579 587 614 700 810 890 903 918 928 1015 
Group06_32.txt
360 484 
Group06_33.txt
51 179 277 412 469 598 739 830 865 
Group06_34.txt
129 189 218 301 366 486 513 
Group06_35.txt
5 99 105 180 188 244 251 266 290 310 340 346 355 422 503 509 513 520 524 534 
Group06_36.txt
249 331 542 564 
Group06_37.txt
10 68 76 92 123 179 205 212 256 264 277 306 345 371 503 
Group06_38.txt
233 619 748 764 
Group06_39.txt
447 491 
Group06_40.txt
17 67 83 102 218 236 255 265 325 414 455 
Group06_41.txt
180 266 294 311 371 385 400 428 434 546 591 
Group06_42.txt
84 154 161 188 273 277 325 409 413 528 576 
Group06_43.txt
13 33 168 417 473 485 508 560 694 
Group06_44.txt
165 282 649 668 677 880 915 922 
Group06_45.txt
192 198 232 254 456 570 616 
Group06_46.txt
26 249 288 331 371 405 527 529 
Group06_47.txt
325 352 491 632 641 
Group06_48.txt
23 132 246 274 289 354 363 367 380 384 389 453 501 549 
Group06_49.txt
80 200 204 267 320 327 334 342 
Group06_50.txt
68 97 271 286 472 618 
Group07_01.txt
39 80 209 300 352 393 439 798 811 879 
Group07_02.txt
305 463 504 675 685 
Group07_03.txt
35 441 771 844 1164 1466 1555 1657 1820 2656 2757 
Group07_04.txt
248 336 343 354 362 505 586 613 764 1131 1168 1249 1275 1290 
Group07_05.txt
318 478 699 800 831 864 
Group07_06.txt
440 442 447 695 
Group07_07.txt
38 168 171 201 316 460 1153 1428 
Group07_08.txt
208 232 534 
Group07_10.txt
286 306 313 354 584 
Group07_11.txt
44 53 68 213 224 361 453 648 
Group07_12.txt
271 325 362 390 402 653 718 981 1064 
Group07_13.txt
37 100 138 
Group07_14.txt
23 289 
Group07_15.txt
25 224 233 242 393 528 551 
Group07_16.txt
25 177 206 210 307 363 372 471 713 788 
Group07_17.txt
52 151 359 510 
Group07_18.txt
42 47 175 303 412 481 536 567 644 656 741 766 804 814 885 906 1081 1087 1096 1102 1132 1145 1225 1262 1289 1305 1346 1401 
Group07_19.txt
141 156 177 239 271 990 
Group07_20.txt
20 218 406 481 
Group07_21.txt
76 133 200 780 
Group07_22.txt
55 274 279 284 289 337 671 
Group07_23.txt
169 345 
Group07_24.txt
3 34 83 116 187 211 232 257 298 305 338 422 624 641 1044 1085 1227 1285 1296 1498 1554 1566 1631 1654 1825 1873 1884 
Group07_25.txt
46 66 95 
Group07_26.txt
2 23 187 219 241 511 
Group07_27.txt
23 113 132 
Group07_28.txt
208 262 268 274 281 286 376 383 417 
Group07_29.txt
27 254 322 328 404 426 451 
Group07_30.txt
31 466 530 535 
Group07_31.txt
198 229 239 609 706 802 849 1425 1490 1495 1504 1738 1809 1887 
Group07_32.txt
31 177 189 196 205 231 345 384 466 
Group07_33.txt
243 445 522 729 
Group07_34.txt
23 342 364 373 556 606 639 
Group07_35.txt
264 512 517 545 577 
Group07_36.txt
2 30 77 728 740 832 1203 1268 1296 
Group07_37.txt
330 366 507 624 659 667 742 843 851 1084 1312 1531 1536 1543 1550 1638 1738 1768 
Group07_38.txt
333 410 416 423 549 920 937 1130 1405 1443 1512 1733 1815 1820 1843 
Group07_39.txt
108 347 636 640 
Group07_40.txt
192 539 734 
Group07_41.txt
295 299 387 470 
Group07_43.txt
25 84 256 
Group07_44.txt
307 321 364 614 849 
Group07_45.txt
45 58 126 138 158 
Group07_46.txt
31 169 195 241 334 354 375 406 417 464 493 585 697 
Group07_47.txt
567 603 
Group07_48.txt
254 310 549 553 626 666 710 715 800 803 814 851 855 931 1032 1062 1067 
Group07_49.txt
142 181 331 395 423 446 508 565 863 950 979 986 1230 1327 1382 1440 1869 1922 1971 2003 2067 2074 2082 2084 2146 2260 2334 2344 2353 
Group07_50.txt
99 674 
Group08_01.txt
113 173 323 382 585 674 741 
Group08_02.txt
211 576 647 
Group08_03.txt
348 426 444 580 
Group08_04.txt
509 
Group08_05.txt
290 
Group08_06.txt
40 103 268 504 554 695 698 749 783 935 1013 
Group08_08.txt
233 
Group08_09.txt
29 59 277 307 342 572 680 707 
Group08_10.txt
212 272 422 481 684 773 840 
Group08_11.txt
229 242 365 436 523 624 
Group08_12.txt
272 416 869 
Group08_13.txt
490 912 954 
Group08_14.txt
2 
Group08_15.txt
184 222 437 499 736 745 777 806 886 
Group08_16.txt
25 51 90 107 166 344 657 973 991 996 1127 1137 1152 1158 1166 1186 1222 1325 1345 1369 1393 1401 1420 1436 1474 1494 1513 
Group08_17.txt
63 143 217 269 434 553 592 997 1024 1041 1121 1147 1219 
Group08_18.txt
153 266 321 379 409 573 668 
Group08_19.txt
49 54 63 117 122 131 188 193 206 287 305 315 637 701 
Group08_20.txt
341 606 617 921 1265 1296 1388 1477 
Group08_21.txt
366 
Group08_22.txt
853 859 
Group08_23.txt
509 
Group08_24.txt
28 72 415 633 655 742 760 871 910 948 1024 1038 1112 
Group08_25.txt
138 241 286 413 430 615 667 881 981 1045 1056 
Group08_26.txt
33 
Group08_27.txt
192 222 230 
Group08_28.txt
11 143 221 416 
Group08_29.txt
738 1152 1316 1369 1481 1528 
Group08_30.txt
171 323 338 387 627 730 843 909 1048 1126 1304 1355 1406 1616 
Group08_31.txt
35 64 136 207 472 589 647 734 
Group08_32.txt
132 139 171 
Group08_33.txt
216 238 
Group08_34.txt
50 91 170 227 272 442 520 
Group08_35.txt
35 112 135 149 245 365 
Group08_36.txt
146 233 
Group08_37.txt
87 232 
Group08_38.txt
70 123 270 
Group08_39.txt
309 
Group08_40.txt
446 
Group08_41.txt
232 252 274 301 
Group08_43.txt
253 549 
Group08_44.txt
53 60 
Group08_45.txt
202 229 304 
Group08_46.txt
149 
Group08_48.txt
99 113 459 
Group08_49.txt
81 103 224 283 
Group08_50.txt
85 235 398 487 499 
Group09_01.txt
112 251 254 430 455 464 497 550 
Group09_02.txt
88 371 379 488 
Group09_03.txt
0 64 84 118 142 227 266 274 285 308 320 325 346 371 452 486 515 525 570 
Group09_04.txt
197 200 448 
Group09_05.txt
48 316 341 413 427 447 465 606 676 700 741 785 793 810 872 879 894 
Group09_06.txt
28 141 149 378 391 430 
Group09_07.txt
10 26 69 182 330 501 506 921 951 
Group09_08.txt
268 
Group09_09.txt
97 165 543 549 753 815 
Group09_10.txt
162 196 445 524 579 784 825 
Group09_11.txt
347 357 485 592 
Group09_12.txt
293 319 388 479 
Group09_13.txt
119 148 258 330 602 611 
Group09_14.txt
694 
Group09_15.txt
36 97 
Group09_16.txt
160 284 351 397 425 
Group09_17.txt
405 540 737 788 
Group09_18.txt
355 374 595 
Group09_20.txt
119 124 294 313 379 394 421 428 533 
Group09_21.txt
313 330 414 681 728 786 1101 1159 
Group09_22.txt
87 302 510 589 594 601 610 
Group09_23.txt
86 161 176 247 637 643 649 
Group09_24.txt
29 178 219 497 561 
Group09_25.txt
8 288 353 453 482 
Group09_26.txt
142 237 239 493 504 512 950 992 1238 1283 1291 
Group09_27.txt
15 33 56 64 76 145 265 273 303 347 376 
Group09_28.txt
343 391 397 483 539 
Group09_29.txt
10 197 232 348 480 515 562 
Group09_30.txt
129 295 379 409 569 587 614 634 650 
Group09_31.txt
96 188 314 367 504 
Group09_32.txt
42 342 380 479 592 
Group09_33.txt
20 65 322 422 492 
Group09_34.txt
61 382 390 483 504 517 598 611 
Group09_35.txt
37 75 100 111 303 616 683 747 
Group09_36.txt
224 276 435 512 
Group09_37.txt
241 784 858 860 902 1133 1137 1162 
Group09_38.txt
30 40 70 265 304 362 393 543 622 
Group09_39.txt
191 248 285 291 345 418 433 461 515 712 
Group09_40.txt
2 53 93 231 370 523 586 690 733 750 
Group09_41.txt
44 55 63 147 161 298 310 320 457 563 593 
Group09_42.txt
43 64 144 234 236 264 288 400 415 490 531 567 604 616 635 
Group09_43.txt
13 73 159 241 293 317 414 491 559 641 
Group09_44.txt
32 298 352 466 
Group09_45.txt
44 129 281 343 562 573 598 611 797 
Group09_46.txt
57 258 279 341 405 436 
Group09_47.txt
306 384 413 460 464 476 488 496 539 548 594 
Group09_48.txt
20 435 463 503 531 568 589 631 666 753 
Group09_49.txt
42 282 858 892 
Group09_50.txt
24 493 624 
Group10_01.txt
368 382 421 497 689 701 733 
Group10_02.txt
291 310 318 
Group10_03.txt
249 265 297 516 541 574 689 820 828 932 
Group10_04.txt
2 10 46 83 141 249 405 436 
Group10_05.txt
159 397 672 792 798 
Group10_06.txt
75 96 108 142 228 254 303 343 355 441 
Group10_07.txt
206 212 361 
Group10_08.txt
3 36 55 91 102 160 213 287 420 560 644 653 
Group10_09.txt
94 130 276 307 357 508 587 605 
Group10_10.txt
179 220 245 254 267 347 448 476 523 557 564 636 667 769 894 
Group10_11.txt
260 296 380 424 429 467 472 476 506 510 517 527 567 627 674 776 794 802 880 931 1032 1073 1113 1167 1246 
Group10_12.txt
9 20 330 399 471 578 704 720 
Group10_13.txt
5 54 140 212 377 382 405 418 458 679 
Group10_14.txt
5 51 298 323 345 373 482 506 534 542 
Group10_15.txt
96 174 287 330 447 579 617 
Group10_16.txt
2 99 205 251 373 548 575 861 
Group10_17.txt
19 128 307 366 388 421 459 477 499 675 755 785 807 819 
Group10_18.txt
130 145 192 621 680 768 
Group10_19.txt
79 115 234 261 324 330 374 476 
Group10_20.txt
297 349 624 647 
Group10_21.txt
81 248 325 473 564 886 890 
Group10_22.txt
87 128 150 162 246 280 296 321 376 522 726 779 791 
Group10_23.txt
77 516 523 619 671 
Group10_24.txt
185 198 238 254 450 676 681 709 711 746 763 887 923 974 1252 
Group10_25.txt
66 70 217 293 374 429 462 632 713 768 801 974 987 
Group10_26.txt
291 310 318 
Group10_27.txt
66 108 117 204 238 314 380 408 449 572 613 1062 
Group10_28.txt
31 37 649 906 
Group10_29.txt
397 486 701 780 963 
Group10_30.txt
0 12 95 245 343 429 
Group10_31.txt
85 247 539 554 563 660 
Group10_32.txt
37 284 332 566 
Group10_33.txt
239 447 460 470 1412 
Group10_34.txt
46 73 151 169 202 205 291 300 452 541 
Group10_35.txt
126 273 308 409 455 475 537 641 798 819 898 950 1051 1054 1077 1187 1220 1284 1399 1467 1473 1499 1568 
Group10_36.txt
25 120 141 201 284 325 337 354 362 504 537 564 616 621 669 747 
Group10_37.txt
32 73 83 151 269 274 288 303 331 568 582 592 597 633 753 788 
Group10_38.txt
29 36 73 237 258 349 463 523 572 621 641 701 712 762 937 977 988 1022 1039 1066 1098 1111 1158 
Group10_39.txt
155 314 380 474 641 958 963 976 
Group10_41.txt
349 398 409 435 439 487 510 557 622 
Group10_42.txt
82 130 235 252 345 373 
Group10_43.txt
230 234 593 613 741 850 1098 
Group10_44.txt
26 73 316 400 405 481 513 577 588 699 743 797 
Group10_45.txt
11 24 44 117 142 199 247 393 401 418 453 622 630 666 678 689 
Group10_46.txt
12 437 581 607 
Group10_47.txt
243 416 673 793 803 810 833 845 962 
Group10_48.txt
257 281 365 375 386 390 
Group10_49.txt
24 64 201 273 300 364 411 430 439 454 478 499 527 533 605 763 773 
Group10_50.txt
76 351 437 457 
Group11-02.txt
19 73 101 129 262 299 725 799 824 1211 1257 
Group11-03.txt
414 462 614 
Group11-04.txt
290 
Group11-05.txt
191 215 234 260 273 381 393 425 448 499 552 556 699 798 920 933 1057 1104 1215 1245 1284 1310 1334 1347 1389 1539 1586 1645 1783 1963 2018 2051 2063 2328 2392 
Group11-06.txt
153 187 247 405 478 
Group11-07.txt
42 94 156 320 324 330 599 672 
Group11-08.txt
306 
Group11-09.txt
75 171 438 460 
Group11-10.txt
142 252 584 
Group11-11.txt
53 167 200 217 233 471 556 
Group11-12.txt
48 153 172 182 238 347 388 394 398 529 
Group11-13.txt
107 112 251 253 389 408 427 509 517 533 552 601 683 693 
Group11-14.txt
105 133 397 408 479 515 524 537 606 695 707 714 717 732 935 1039 1044 
Group11-15.txt
3 10 297 961 976 1280 1510 1804 1961 2127 2140 2244 2302 2390 2504 
Group11-16.txt
33 703 711 836 853 1274 1390 1399 1404 1821 1900 2133 2245 2262 2765 2864 3272 
Group11-17.txt
33 134 204 230 343 395 495 696 704 718 736 740 786 
Group11-18.txt
8 33 78 120 143 151 181 187 214 217 231 254 258 266 318 341 357 396 437 444 488 515 528 546 556 577 599 607 631 667 
Group11-19.txt
12 
Group11-20.txt
199 236 387 405 958 991 1007 
Group11-21.txt
408 472 612 725 764 
Group11-22.txt
19 39 384 589 623 666 742 
Group11-23.txt
127 131 147 177 240 290 312 335 376 405 436 439 470 581 698 701 797 813 829 
Group11-24.txt
5 343 564 1183 1235 1426 1679 1708 1922 2336 2341 2381 2429 2577 
Group11-25.txt
8 26 58 98 143 212 235 250 253 258 336 344 398 598 
Group11-26.txt
111 222 269 315 
Group11-27.txt
172 
Group11-28.txt
425 991 
Group11-29.txt
343 462 482 490 650 778 
Group11-30.txt
27 254 283 372 379 464 509 527 654 
Group11-31.txt
360 523 
Group11-32.txt
325 370 472 683 701 827 
Group11-33.txt
16 110 140 175 183 214 285 480 586 610 664 686 696 703 728 759 797 803 866 909 915 947 966 978 992 1004 1053 
Group11-34.txt
168 298 391 
Group11-35.txt
1 115 
Group11-36.txt
33 77 
Group11-37.txt
116 251 412 420 580 811 820 
Group11-38.txt
43 128 228 293 418 424 563 673 688 745 843 
Group11-39.txt
44 64 120 353 380 597 665 672 
Group11-40.txt
7 105 169 180 266 284 309 332 351 463 529 677 
Group11-41.txt
14 34 56 78 86 159 273 333 363 441 451 
Group11-42.txt
146 279 469 512 549 597 
Group11-43.txt
190 359 
Group11-44.txt
55 75 99 159 239 450 467 495 545 551 559 583 623 636 665 691 
Group11-45.txt
91 128 681 746 978 1000 1134 1196 1213 1250 
Group11-46.txt
154 187 262 509 517 521 550 844 862 892 1249 1308 1357 1381 1419 1432 1443 1457 1482 1517 
Group11-47.txt
278 368 371 529 675 735 866 
Group11-48.txt
90 186 586 657 715 842 
Group11-49.txt
184 216 322 388 465 623 
Group11-50.txt
29 37 163 178 186 205 218 352 417 428 458 556 617 650 683 735 777 818 849 900 911 993 
Group12_01.txt
667 1044 1214 1497 
Group12_02.txt
37 166 269 337 350 380 517 535 539 817 1090 1215 1230 1247 1545 1898 
Group12_03.txt
106 232 242 247 462 903 919 999 1425 
Group12_04.txt
20 67 217 475 503 641 689 755 1002 1167 1208 1230 1247 1252 1385 1388 1396 1787 2008 2017 2191 2335 2351 2512 2622 2752 2797 2803 2819 2842 
Group12_05.txt
267 325 337 348 354 364 481 529 538 586 
Group12_06.txt
1 8 25 36 251 329 341 359 469 514 615 644 1139 1265 1315 1338 1354 1381 1436 1444 
Group12_07.txt
4 67 90 244 254 257 260 263 309 519 528 535 624 631 755 944 1019 1033 1048 1170 1320 1362 1369 
Group12_08.txt
195 291 332 421 467 477 522 555 
Group12_09.txt
3 212 279 325 526 570 755 782 794 957 1003 1065 1083 1100 
Group12_10.txt
48 87 107 115 318 349 792 
Group12_11.txt
427 
Group12_12.txt
427 
Group12_13.txt
337 543 754 1249 1285 1422 1521 1545 1617 1753 1790 1797 1822 1873 1880 1885 1948 2039 2072 
Group12_14.txt
64 190 214 449 453 456 494 790 813 829 850 913 1046 
Group12_15.txt
63 190 256 301 355 442 524 705 729 738 
Group12_16.txt
2 
Group12_17.txt
26 111 213 
Group12_18.txt
5 433 
Group12_19.txt
16 157 289 400 547 605 641 694 768 825 1075 1213 1349 
Group12_20.txt
44 177 540 565 
Group12_21.txt
3 643 
Group12_22.txt
160 325 498 
Group12_23.txt
62 187 314 363 369 435 461 488 
Group12_24.txt
18 765 795 823 
Group12_25.txt
17 77 271 680 
Group12_27.txt
5 57 353 507 
Group12_28.txt
55 345 444 
Group12_29.txt
86 178 242 277 281 631 646 
Group12_30.txt
17 598 601 
Group12_31.txt
46 74 127 193 329 514 
Group12_32.txt
60 366 376 400 485 
Group12_33.txt
8 505 
Group12_34.txt
73 160 204 298 391 465 469 
Group12_35.txt
65 169 347 368 449 730 
Group12_36.txt
127 139 172 308 359 364 482 
Group12_37.txt
20 25 207 250 371 
Group12_38.txt
112 645 
Group12_39.txt
14 39 160 270 390 423 469 521 545 774 806 835 
Group12_40.txt
117 
Group12_41.txt
225 648 656 708 788 805 837 
Group12_42.txt
48 153 215 288 322 351 489 518 689 765 776 1035 1120 1131 1177 1273 1284 1330 1368 1431 
Group12_43.txt
48 366 512 790 804 829 
Group12_44.txt
19 56 126 163 183 249 331 358 392 444 516 554 
Group12_45.txt
199 352 383 429 458 466 472 523 563 
Group12_46.txt
10 25 328 380 
Group12_47.txt
177 205 243 278 458 
Group12_48.txt
4 216 
Group12_49.txt
89 365 430 593 615 695 702 732 776 831 1001 1032 1379 1523 1698 2066 2078 2098 2240 2415 2478 2564 2599 2686 2698 2708 2710 2730 2743 
Group13_01.txt
1 30 168 423 655 676 729 749 
Group13_02.txt
886 900 1163 1205 1220 1400 1567 2004 2091 2316 
Group13_03.txt
148 163 174 195 328 489 
Group13_04.txt
141 196 369 521 567 583 614 649 856 928 1056 1085 1164 1192 1229 1234 
Group13_05.txt
1 117 164 179 271 289 453 725 818 849 998 1001 1056 1126 1136 1371 1596 1604 
Group13_06.txt
229 558 951 972 994 1132 1156 1159 1327 1387 1396 1448 1454 1498 1518 1524 1604 1640 1724 1828 1880 2060 2123 2308 2407 2491 2646 2676 
Group13_07.txt
1 18 53 112 394 526 542 558 
Group13_08.txt
424 541 729 865 971 1054 1223 
Group13_09.txt
104 548 575 631 775 1000 1035 1114 1262 1312 1362 1646 1653 1672 1680 1729 1856 
Group13_10.txt
133 180 210 252 355 508 652 
Group13_11.txt
62 309 458 581 
Group13_12.txt
103 126 147 213 272 510 550 571 618 
Group13_13.txt
207 
Group13_14.txt
1 24 151 169 234 372 468 578 
Group13_15.txt
140 362 505 513 515 605 654 
Group13_16.txt
91 162 233 
Group13_17.txt
3 60 99 501 602 664 
Group13_18.txt
5 224 331 365 621 771 819 915 936 940 
Group13_19.txt
154 232 375 391 452 
Group13_20.txt
11 16 20 63 75 168 305 376 648 670 
Group13_21.txt
79 448 607 663 1017 1129 1399 1541 1552 1720 1758 1806 1928 1991 2053 2063 
Group13_22.txt
38 125 606 699 907 928 945 1114 1150 1274 1419 1702 1886 1986 2011 2286 2312 3106 3217 3363 3625 3650 4147 5069 5737 6048 6056 6090 6152 6518 6926 6964 8525 8938 10855 11330 13397 13424 13635 15882 15896 16329 16403 16594 16610 
Group13_23.txt
105 173 206 211 265 271 367 406 517 884 969 982 1202 1280 1406 1430 1497 1563 1684 1816 1932 2126 2186 2202 2424 2523 2567 2751 2894 2959 3105 3142 3146 3423 3457 3492 3707 3727 3797 3800 3857 
Group13_24.txt
213 300 328 442 458 619 634 639 657 674 1228 1465 1562 1585 1649 1817 1949 1963 1982 2006 2076 2654 2668 2683 2735 2816 3048 3069 3107 3161 3311 3436 3441 3589 3591 3602 3606 3832 4016 4041 4188 4234 4252 4306 4317 4321 4348 4427 4467 4494 4526 4550 4562 4567 4572 4576 4589 4602 4606 4623 4626 4673 4724 4919 4975 5017 5151 5250 5298 5421 5448 5491 5500 5512 5597 
Group13_25.txt
277 416 440 702 1798 2058 2122 2130 2269 2530 2563 
Group13_26.txt
121 278 305 459 752 785 979 1135 1139 1157 1661 1950 1963 2137 2150 2201 2933 4728 5240 5276 6244 6416 6494 6516 6613 6623 6722 6853 6873 7035 7379 7551 7644 7653 7687 7701 7966 8009 8063 8436 8754 9119 9242 9253 9876 9942 9989 10224 10312 10317 
Group13_27.txt
341 479 607 617 813 936 957 1218 1230 1323 1328 1357 1452 1472 1476 1551 1580 1611 1617 1622 1691 1740 1767 1837 2012 2051 2181 2198 2518 2556 2581 2723 2863 2865 2933 2974 3035 3269 3428 
Group13_28.txt
95 141 423 541 638 647 697 923 960 970 1374 1432 1663 1692 1729 2004 2259 2579 2934 3030 
Group13_29.txt
281 312 399 478 698 765 860 875 1019 1210 1562 1582 2608 4460 4514 4526 4577 4984 5345 5357 
Group13_30.txt
268 322 378 480 526 1082 1096 1100 1153 2175 2881 3157 3403 3407 3438 3920 
Group13_31.txt
191 
Group13_32.txt
61 125 473 498 520 561 572 581 604 637 678 699 736 769 807 837 1010 1144 1179 1198 1310 1328 1385 
Group13_33.txt
711 754 769 1415 1567 1908 
Group13_34.txt
343 
Group13_35.txt
189 340 360 383 399 416 441 468 503 540 548 586 636 870 916 927 1367 1399 1493 1514 
Group13_36.txt
906 1215 1490 
Group13_37.txt
184 289 296 348 377 400 484 752 967 978 987 1114 1147 1187 1256 1281 1298 1304 1341 1351 1388 1450 1560 1589 1597 1625 1662 
Group13_38.txt
66 151 187 225 253 259 566 637 664 737 803 987 1131 1165 1173 1358 1445 1481 
Group13_39.txt
137 151 156 328 335 709 791 939 949 1038 1075 1182 1473 1482 1525 1616 1702 1991 2166 2223 
Group13_40.txt
329 454 615 634 652 692 824 838 852 930 950 969 1022 1029 
Group13_41.txt
145 396 490 578 588 649 653 706 717 775 806 898 1410 1465 
Group13_42.txt
145 170 420 426 464 476 493 559 567 951 1152 1201 
Group13_43.txt
79 425 465 580 590 620 631 799 902 1347 1556 1599 1620 1705 1820 
Group13_44.txt
8 246 266 332 383 413 478 539 561 690 838 1054 1434 1488 1548 1575 1697 1749 1776 2254 2519 2546 2556 2580 2595 2612 2670 2875 2887 2935 3126 3211 3371 3433 3508 3580 3652 3796 3870 3882 
Group13_45.txt
8 188 198 376 390 430 464 789 816 833 969 1166 1193 1200 1472 1486 1506 1521 1558 1585 1621 1638 
Group13_46.txt
449 520 580 632 641 669 687 722 924 939 1142 1266 1341 1712 1728 1779 1896 1927 1935 1969 2085 2106 2165 2243 2253 2309 
Group13_47.txt
7 234 444 550 604 628 877 962 1262 1414 1430 1592 1609 1643 1672 1718 
Group13_48.txt
2 228 346 546 556 655 870 942 1138 1160 1337 1423 1513 1521 1632 1667 1673 1809 1865 1938 1959 2064 2073 2103 2198 2282 2410 2655 
Group13_49.txt
1 3 12 88 122 242 262 365 442 543 547 589 602 633 662 756 835 909 932 995 1027 1052 1060 1147 1152 1181 1203 1312 1322 1427 1436 1438 1446 1503 1522 1530 1670 1722 1725 1752 1764 1789 1825 1878 1882 1945 1948 2051 2101 2171 2185 2212 
Group13_50.txt
55 249 365 512 556 696 769 822 1136 1281 
Group14_01.txt
181 388 444 472 475 
Group14_02.txt
194 228 315 353 476 508 
Group14_03.txt
168 319 418 496 
Group14_05.txt
79 149 168 323 341 532 
Group14_06.txt
27 71 80 110 139 209 222 276 454 462 546 
Group14_07.txt
22 49 92 195 274 
Group14_08.txt
162 281 415 455 487 
Group14_09.txt
69 111 114 191 333 
Group14_10.txt
31 64 211 325 370 417 
Group14_11.txt
93 108 180 212 286 333 411 503 
Group14_12.txt
14 168 235 239 247 278 287 298 339 349 
Group14_13.txt
19 24 63 89 114 274 337 513 
Group14_14.txt
140 175 200 252 
Group14_15.txt
334 372 451 
Group14_16.txt
267 390 489 
Group14_17.txt
94 163 173 389 476 
Group14_18.txt
179 318 
Group14_19.txt
80 115 222 229 382 392 404 418 455 507 511 529 545 595 646 670 676 724 739 745 769 815 
Group14_20.txt
26 221 416 564 582 665 669 863 
Group14_21.txt
3 20 229 287 446 450 466 516 576 
Group14_22.txt
93 349 371 379 415 461 551 
Group14_23.txt
23 144 152 360 501 525 
Group14_24.txt
108 394 440 503 518 
Group14_25.txt
3 19 172 176 313 489 526 530 557 567 
Group14_26.txt
5 148 166 177 187 270 384 395 485 495 569 676 704 800 829 889 926 
Group14_27.txt
5 113 271 327 346 369 456 558 568 870 
Group14_28.txt
13 70 244 553 599 650 689 843 874 889 922 940 
Group14_29.txt
131 161 222 434 
Group14_30.txt
49 157 169 205 346 473 519 589 641 
Group14_31.txt
58 149 170 235 242 379 501 599 672 686 698 763 776 925 939 
Group14_32.txt
78 111 243 274 284 356 396 424 481 593 782 892 1112 
Group14_33.txt
171 217 368 533 580 668 745 785 944 975 1008 1046 1126 1150 
Group14_34.txt
47 157 186 197 332 361 563 669 
Group14_35.txt
186 218 323 424 430 583 819 987 1184 1378 1403 1485 1541 1655 
Group14_36.txt
167 173 313 334 397 408 
Group14_37.txt
184 302 328 355 370 421 708 731 745 856 866 
Group14_38.txt
42 60 383 443 455 486 603 676 706 839 893 
Group14_39.txt
290 636 650 668 776 
Group14_40.txt
72 701 913 
Group14_41.txt
94 129 204 421 536 564 626 643 787 850 993 
Group14_42.txt
205 237 281 470 476 655 693 807 879 
Group14_43.txt
40 122 185 479 497 556 581 650 664 
Group14_44.txt
177 434 676 719 818 
Group14_45.txt
85 128 207 217 348 380 457 484 526 
Group14_46.txt
11 272 309 320 
Group14_47.txt
55 86 139 266 324 373 585 627 664 681 694 734 742 749 
Group14_48.txt
123 193 202 206 229 256 303 383 424 446 687 716 
Group14_49.txt
109 174 203 324 397 728 
Group14_50.txt
141 166 173 330 703 
