Group01_01.txt
202 248 321 463 604 
Group01_02.txt
29 75 127 138 163 171 222 233 
Group01_03.txt
385 629 656 663 751 1255 
Group01_04.txt
130 220 372 400 
Group01_05.txt
59 142 291 331 
Group01_06.txt
55 167 254 379 460 496 527 587 858 1053 
Group01_07.txt
64 137 213 533 563 618 
Group01_08.txt
128 173 397 407 496 553 565 636 667 671 749 817 831 947 959 965 
Group01_09.txt
102 133 625 
Group01_10.txt
133 266 419 579 761 941 946 1010 
Group01_11.txt
13 22 176 230 347 723 728 763 894 933 973 
Group01_12.txt
300 486 547 568 611 
Group01_13.txt
57 77 84 106 151 173 
Group01_14.txt
99 255 413 417 454 598 602 639 
Group01_15.txt
193 227 312 419 
Group01_16.txt
101 362 
Group01_17.txt
36 84 134 347 
Group01_18.txt
179 232 267 
Group01_19.txt
6 25 54 417 487 596 705 
Group01_20.txt
89 128 179 274 304 385 399 437 488 576 
Group01_21.txt
169 181 237 308 454 480 
Group01_22.txt
21 210 213 342 354 375 
Group01_23.txt
8 95 383 420 437 606 
Group01_24.txt
130 220 365 393 
Group01_25.txt
23 138 175 283 749 1011 
Group01_26.txt
83 95 147 248 337 406 422 460 758 
Group01_27.txt
34 48 81 121 134 153 381 
Group01_28.txt
269 271 285 501 
Group01_29.txt
348 413 
Group01_30.txt
72 121 336 455 591 595 600 609 629 670 718 729 738 778 
Group01_31.txt
159 216 320 333 
Group01_32.txt
186 337 352 1067 1097 1122 
Group01_33.txt
155 264 421 
Group01_34.txt
184 
Group01_35.txt
163 187 192 269 437 521 555 617 945 1051 1162 1197 1280 
Group01_36.txt
200 255 307 352 449 520 
Group01_37.txt
308 
Group01_38.txt
168 180 235 306 452 477 
Group01_39.txt
110 142 563 
Group01_40.txt
99 346 369 437 443 548 618 727 805 859 
Group01_42.txt
97 220 481 510 549 555 619 
Group01_43.txt
39 383 518 
Group01_44.txt
31 42 146 320 377 384 409 411 430 
Group01_45.txt
139 449 
Group01_46.txt
12 249 271 292 323 356 359 488 509 
Group01_47.txt
392 
Group01_48.txt
103 141 342 
Group01_49.txt
177 186 195 226 261 272 344 474 508 537 
Group01_50.txt
87 467 525 
Group02_01.txt
19 89 232 244 271 301 304 361 404 579 
Group02_02.txt
160 837 865 874 902 910 920 935 943 
Group02_03.txt
43 70 92 171 299 319 497 728 792 837 876 879 
Group02_04.txt
158 315 458 575 604 691 774 
Group02_05.txt
19 24 90 110 206 371 443 540 611 668 720 
Group02_06.txt
275 369 581 598 672 756 
Group02_07.txt
28 380 450 626 
Group02_08.txt
358 465 
Group02_09.txt
191 543 617 643 656 793 807 
Group02_10.txt
389 648 793 831 851 1121 
Group02_11.txt
23 82 340 522 639 656 756 
Group02_12.txt
120 317 365 683 
Group02_13.txt
28 152 231 454 770 786 876 893 905 913 959 985 1002 
Group02_14.txt
61 112 153 237 299 397 736 764 776 
Group02_15.txt
89 204 300 309 355 376 378 396 398 424 440 465 494 535 
Group02_16.txt
83 226 300 360 542 547 933 
Group02_17.txt
268 350 355 368 428 501 507 646 655 667 686 712 715 770 
Group02_18.txt
239 260 262 369 428 463 472 491 499 546 640 649 665 909 942 1124 1188 1317 1376 1462 1571 1680 1839 1913 1977 2016 2066 2189 2309 2556 2574 2668 2710 2842 2850 2927 2992 3007 3096 
Group02_19.txt
42 181 218 330 348 429 454 467 677 692 844 905 931 984 1082 1213 1326 1468 1519 1536 1539 1567 1601 1671 1824 1868 
Group02_20.txt
251 590 1010 1347 1358 1438 1457 1520 1569 1657 2038 2107 2152 2510 2519 2525 2553 2560 2564 2687 3078 3305 3560 3578 3667 3722 3942 4146 
Group02_21.txt
16 26 32 41 66 156 469 474 478 491 505 515 528 536 546 558 569 578 611 644 658 664 719 791 802 852 869 1008 1094 1096 1099 1203 1263 1349 1450 1456 1520 1866 1906 1945 2012 2016 2363 2386 2420 2422 2492 2591 2670 2777 
Group02_22.txt
97 118 247 295 449 482 512 662 711 829 922 1023 1065 1077 1478 1706 1743 1823 2012 2342 2354 2365 2642 2653 2942 3030 3253 3259 3362 3381 3520 3523 3546 3651 3687 
Group02_23.txt
58 165 192 212 217 389 418 427 440 887 921 986 1173 1507 1524 1672 
Group02_24.txt
251 432 562 1034 1122 1143 1192 1200 1430 1470 
Group02_25.txt
70 82 716 764 770 886 910 955 1058 1323 
Group02_26.txt
45 138 291 390 409 453 504 537 565 796 
Group02_27.txt
190 201 210 247 398 407 445 492 558 729 790 1187 1256 1277 1362 1453 1541 1554 1570 1824 
Group02_28.txt
374 395 414 632 648 796 983 1041 1057 1071 1098 1195 1414 1518 1526 1546 1697 1745 1753 2002 2058 
Group02_29.txt
94 223 568 581 623 672 1064 1118 
Group02_30.txt
173 332 477 852 910 1030 1064 1128 1921 2072 2473 2844 2855 2902 3033 3719 3729 3783 3848 3855 3915 4040 4087 4096 4227 4321 
Group02_31.txt
82 85 101 359 360 384 414 506 551 682 694 792 795 861 922 923 1007 1109 1118 1152 1268 1317 1415 1441 1574 2018 2063 2123 2129 2144 2153 2425 2461 2495 2910 2973 
Group02_32.txt
64 168 238 330 395 439 631 639 670 697 1039 1106 1254 1268 1279 1783 1908 2001 2093 2126 2305 2320 2333 2388 2525 2570 2623 2729 
Group02_33.txt
33 126 375 408 436 455 495 574 976 1001 1107 1555 1677 1695 1724 1748 1980 2151 2188 2231 2342 2542 2611 2692 2729 2812 2827 2840 2876 3333 3348 
Group02_34.txt
109 140 529 544 1087 1171 1179 
Group02_35.txt
25 35 265 308 376 544 577 767 821 967 
Group02_36.txt
74 135 230 522 526 556 571 797 1076 1081 1097 1182 1313 1327 1401 1447 1466 1579 1606 1739 1781 1792 
Group02_37.txt
2 167 254 398 585 799 814 845 1140 1200 1240 1251 1280 1405 1416 1418 
Group02_38.txt
117 182 250 340 571 692 738 951 1119 1230 1310 1405 1993 2499 2726 3295 
Group02_39.txt
104 119 241 350 467 481 494 559 570 608 619 642 654 713 860 1080 1097 1205 1409 1712 1735 
Group02_40.txt
17 143 156 326 580 606 770 1015 1034 1067 1174 1219 1557 1627 1685 1749 1779 1797 1826 1929 1957 1980 2038 2293 2313 2337 
Group02_41.txt
56 66 581 798 826 839 853 875 899 911 958 1464 1466 1565 1604 
Group02_42.txt
144 285 444 
Group02_43.txt
12 24 38 45 117 138 264 276 323 350 357 442 452 456 515 548 1087 1136 1321 1339 1393 1509 
Group02_44.txt
223 612 936 1143 1239 1257 1266 1284 1331 1418 
Group02_45.txt
101 242 419 445 600 818 1132 1383 1806 
Group02_46.txt
129 160 208 298 330 469 649 723 960 1106 1281 1490 1530 1571 1597 1805 1877 2172 2280 2295 2524 2530 
Group02_47.txt
102 167 261 278 427 493 509 531 557 587 612 646 715 747 777 829 842 883 911 944 1061 1103 1157 1188 1215 1274 1340 1354 1418 1429 1442 1449 
Group02_48.txt
63 87 114 128 476 489 666 1009 1150 1307 1568 1572 1612 1834 2010 2097 2117 2327 2389 2642 2665 2694 2811 2828 
Group02_49.txt
315 817 966 1071 1150 1187 1208 1268 1395 1444 1600 1619 1645 1852 1901 1998 2014 2029 2349 2468 2627 2820 3100 3191 3524 3642 3866 3949 4030 4078 4151 4163 4187 4198 4208 4234 4265 4309 4328 4340 4347 
Group03_01.txt
68 111 343 491 
Group03_02.txt
43 51 242 538 557 
Group03_03.txt
359 440 514 602 637 868 1310 
Group03_04.txt
155 168 319 331 335 356 510 552 951 1229 1439 1498 1551 2155 2229 
Group03_05.txt
16 109 147 166 200 239 388 421 445 619 660 829 1019 1054 
Group03_06.txt
116 272 414 986 990 1083 1245 1648 2161 2372 2480 2484 2547 2585 2691 
Group03_07.txt
77 378 525 727 807 831 1066 1580 1804 2710 
Group03_08.txt
30 388 535 561 616 725 863 
Group03_09.txt
0 23 163 448 651 706 760 766 1026 1093 
Group03_10.txt
250 770 
Group03_11.txt
138 307 383 651 740 759 
Group03_12.txt
403 627 747 755 1100 1294 1336 
Group03_13.txt
26 48 158 372 381 393 470 711 856 929 1088 1089 1265 1405 1420 
Group03_14.txt
14 106 182 201 370 392 429 818 852 889 1024 1244 
Group03_15.txt
58 102 119 136 182 228 389 458 460 463 496 560 
Group03_16.txt
113 140 369 537 820 
Group03_17.txt
138 227 266 634 794 873 
Group03_18.txt
109 142 252 853 877 879 
Group03_19.txt
42 712 761 890 
Group03_20.txt
173 210 294 309 399 779 817 926 
Group03_21.txt
108 260 1281 1529 1609 1655 1761 1810 
Group03_22.txt
82 155 191 344 368 502 576 635 676 689 784 981 988 1017 1101 
Group03_23.txt
131 169 303 475 584 666 684 
Group03_24.txt
50 101 108 211 322 342 345 391 799 888 915 1149 1178 1306 1349 1422 1444 1674 1772 1793 
Group03_25.txt
7 125 
Group03_26.txt
135 169 185 351 370 510 733 880 988 1062 1267 1286 1316 1324 1573 
Group03_27.txt
48 227 248 380 696 1040 1353 1370 1536 1547 1658 1888 1896 
Group03_28.txt
62 226 327 464 627 875 
Group03_29.txt
1 104 224 606 819 966 1012 1115 1199 1382 1440 1471 1483 1530 1552 1572 1590 1631 1734 1988 2108 
Group03_30.txt
143 733 990 1271 1555 
Group03_31.txt
17 139 381 390 564 700 717 825 1022 1079 1215 1265 1284 1314 1410 1611 1626 1803 1824 1834 2137 2328 2369 2380 2401 2609 2742 2841 2870 2879 2912 
Group03_32.txt
28 96 111 220 268 284 320 373 387 405 437 500 592 695 712 721 786 864 923 991 1101 1255 1258 1288 1333 
Group03_33.txt
61 70 298 328 344 360 507 515 572 690 702 734 861 951 1058 1139 1155 1170 1217 1263 1481 
Group03_34.txt
10 125 303 374 505 578 718 728 758 779 814 1033 1140 1178 1190 1203 1222 1226 1369 1417 1493 1505 1596 1621 1662 1671 1700 1736 1745 1861 1868 2314 2379 2399 2501 2779 2868 2895 
Group03_35.txt
377 413 432 484 504 545 579 654 661 687 740 744 843 906 921 929 979 997 1073 1111 1138 1206 1352 
Group03_36.txt
263 488 696 711 799 813 829 1094 1140 1166 1493 1519 1709 
Group03_37.txt
18 151 260 338 401 411 418 521 576 590 787 796 804 947 991 1058 1085 1121 1128 1150 1213 1285 1336 1426 1436 1460 1471 1483 1487 1502 1508 1535 1564 1573 1646 1660 1680 1689 1693 1731 1734 1821 2042 2327 2391 
Group03_38.txt
37 472 788 836 1056 
Group03_39.txt
11 79 94 203 251 267 303 356 370 388 420 483 575 678 695 704 769 847 906 
Group03_40.txt
40 49 277 307 323 339 486 494 551 669 681 713 840 930 1037 1118 1134 1149 
Group03_41.txt
54 198 206 218 
Group03_42.txt
1 85 205 596 809 959 1005 1112 1217 1400 1458 1489 1501 1551 1573 1593 1611 1657 
Group03_43.txt
73 137 292 320 372 636 685 699 
Group03_44.txt
50 176 1528 
Group03_45.txt
140 
Group03_46.txt
12 54 162 187 326 440 495 
Group03_47.txt
51 75 93 328 332 364 524 609 640 696 895 
Group03_48.txt
42 64 70 75 79 129 197 210 239 274 290 469 497 533 673 736 740 743 749 805 832 
Group03_49.txt
82 472 509 529 534 577 706 764 780 822 
Group03_50.txt
47 137 163 216 369 462 529 563 569 828 879 955 1082 1114 1293 1336 1364 1439 1478 1484 1504 
Group04_01.txt
329 678 
Group04_02.txt
127 146 180 290 321 323 415 422 504 506 667 
Group04_03.txt
234 343 478 496 513 
Group04_04.txt
66 75 94 148 180 
Group04_05.txt
570 587 
Group04_06.txt
345 419 490 522 593 726 792 833 
Group04_07.txt
20 33 380 670 1134 
Group04_08.txt
22 367 380 552 
Group04_09.txt
118 128 136 347 414 536 543 559 578 
Group04_10.txt
835 
Group04_11.txt
334 406 
Group04_12.txt
215 242 451 463 
Group04_13.txt
193 207 222 226 240 250 341 358 421 427 433 565 727 840 
Group04_14.txt
48 219 585 
Group04_15.txt
8 120 443 454 463 497 532 651 673 807 816 825 908 925 1037 
Group04_16.txt
456 
Group04_17.txt
88 219 264 457 586 758 814 889 1047 1071 
Group04_18.txt
288 409 502 
Group04_20.txt
249 
Group04_21.txt
94 119 130 181 227 258 269 296 322 368 450 457 
Group04_22.txt
126 229 281 305 322 391 425 447 586 
Group04_23.txt
410 
Group04_24.txt
36 282 482 559 
Group04_25.txt
113 303 310 474 
Group04_26.txt
385 580 776 788 793 
Group04_27.txt
98 128 173 276 294 303 343 424 494 715 789 800 804 
Group04_28.txt
125 403 
Group04_29.txt
52 
Group04_30.txt
196 303 325 685 717 755 1040 
Group04_31.txt
65 434 
Group04_32.txt
126 241 560 604 654 660 676 
Group04_33.txt
22 214 241 448 465 528 590 624 
Group04_34.txt
625 770 868 
Group04_35.txt
175 276 
Group04_36.txt
637 
Group04_38.txt
295 360 
Group04_39.txt
204 277 346 752 775 836 988 
Group04_40.txt
156 489 
Group04_41.txt
319 356 402 468 488 561 651 661 831 946 1029 1093 1120 
Group04_42.txt
66 197 314 439 
Group04_43.txt
60 95 138 212 311 323 369 433 758 780 
Group04_44.txt
314 413 574 644 703 
Group04_45.txt
30 72 113 513 
Group04_46.txt
736 745 1086 1132 1152 1171 
Group04_47.txt
99 293 393 
Group04_48.txt
242 
Group04_49.txt
145 164 167 174 185 222 250 284 312 349 457 476 540 
Group05_02.txt
108 150 320 462 545 610 749 757 971 1227 
Group05_03.txt
191 
Group05_04.txt
105 422 1009 
Group05_05.txt
135 
Group05_06.txt
6 31 218 260 300 373 649 685 726 779 1018 1118 1131 
Group05_07.txt
120 214 430 469 
Group05_08.txt
6 119 140 244 284 
Group05_09.txt
117 341 420 819 
Group05_10.txt
175 586 
Group05_11.txt
367 
Group05_13.txt
31 98 920 967 
Group05_14.txt
79 137 213 381 389 417 653 684 745 747 767 
Group05_15.txt
324 448 
Group05_16.txt
9 261 482 622 
Group05_17.txt
105 194 251 374 387 399 531 825 
Group05_18.txt
309 456 568 632 739 892 
Group05_20.txt
753 873 
Group05_21.txt
193 319 622 803 
Group05_23.txt
136 532 609 610 719 723 768 1020 1155 1162 1171 1180 1260 1271 1337 1355 1364 1406 1420 1431 
Group05_24.txt
5 
Group05_25.txt
36 147 517 754 769 861 878 949 
Group05_26.txt
98 121 189 609 881 
Group05_27.txt
231 298 344 388 
Group05_28.txt
418 502 
Group05_29.txt
320 411 465 
Group05_30.txt
291 918 962 967 
Group05_32.txt
337 700 
Group05_34.txt
256 
Group05_35.txt
105 
Group05_38.txt
54 358 388 
Group05_39.txt
243 
Group05_40.txt
60 71 212 
Group05_41.txt
85 
Group05_42.txt
7 11 
Group05_43.txt
111 181 341 350 406 488 
Group05_44.txt
13 45 556 645 665 673 678 786 790 894 946 1089 
Group05_45.txt
50 357 390 438 521 527 626 634 672 789 878 1034 1134 1191 
Group05_46.txt
73 81 180 195 222 232 510 539 563 582 638 
Group05_48.txt
37 
Group05_49.txt
34 121 199 243 315 497 765 796 
Group05_50.txt
357 488 
Group06_01.txt
433 
Group06_02.txt
292 479 487 793 
Group06_03.txt
79 405 413 492 630 751 755 
Group06_04.txt
90 456 538 692 701 
Group06_05.txt
70 91 133 292 364 471 533 653 
Group06_06.txt
105 581 
Group06_07.txt
64 178 489 522 631 
Group06_08.txt
229 341 
Group06_09.txt
454 484 489 509 
Group06_10.txt
160 166 354 681 
Group06_11.txt
270 636 
Group06_12.txt
578 
Group06_13.txt
24 51 137 225 331 338 342 356 413 459 494 557 
Group06_14.txt
525 572 649 
Group06_15.txt
69 90 100 189 362 387 487 518 583 760 825 
Group06_16.txt
118 171 204 260 453 824 920 945 1086 1092 1111 
Group06_17.txt
395 417 1022 
Group06_18.txt
783 
Group06_19.txt
142 589 602 
Group06_20.txt
576 597 629 716 
Group06_21.txt
317 325 
Group06_22.txt
56 185 269 491 507 592 617 621 
Group06_23.txt
138 850 905 
Group06_24.txt
231 418 457 
Group06_25.txt
302 386 
Group06_26.txt
156 197 242 274 301 374 381 471 503 514 
Group06_27.txt
130 
Group06_28.txt
231 572 606 
Group06_29.txt
275 286 711 
Group06_30.txt
17 110 124 287 
Group06_31.txt
395 417 1022 
Group06_32.txt
32 359 386 
Group06_33.txt
137 276 376 468 526 628 658 
Group06_35.txt
23 35 85 104 284 370 
Group06_36.txt
183 292 457 
Group06_37.txt
22 37 40 53 73 166 305 327 388 514 
Group06_38.txt
740 
Group06_39.txt
412 
Group06_40.txt
101 264 418 
Group06_41.txt
293 467 532 554 590 
Group06_42.txt
94 160 299 397 
Group06_44.txt
149 308 453 474 541 667 676 807 841 
Group06_45.txt
197 253 340 
Group06_46.txt
259 325 542 
Group06_47.txt
96 347 357 590 
Group06_48.txt
291 383 
Group06_49.txt
156 192 
Group06_50.txt
351 499 
Group07_01.txt
42 117 370 529 626 799 
Group07_02.txt
40 152 319 430 452 457 514 603 645 650 656 662 686 791 
Group07_03.txt
377 817 1064 1077 1163 1181 1233 1508 1513 1515 1521 1665 1784 1792 1797 1825 1851 1927 1985 2118 2356 2775 2827 2838 
Group07_04.txt
294 337 714 879 926 1234 
Group07_05.txt
192 194 493 612 688 
Group07_07.txt
207 385 458 677 724 749 877 940 1009 1073 1082 1170 1367 
Group07_08.txt
42 50 61 107 121 143 225 403 469 544 607 
Group07_09.txt
203 213 219 226 273 280 282 286 318 390 422 521 566 596 
Group07_10.txt
169 362 371 446 509 533 619 
Group07_11.txt
138 155 258 401 506 542 636 
Group07_12.txt
178 421 432 520 543 851 922 1101 
Group07_13.txt
182 210 260 479 
Group07_14.txt
184 314 442 499 
Group07_15.txt
60 194 251 344 482 602 
Group07_16.txt
80 110 129 278 345 602 
Group07_17.txt
200 241 313 509 
Group07_18.txt
29 173 207 491 498 600 710 837 845 873 1107 1368 
Group07_19.txt
23 197 248 957 
Group07_20.txt
37 290 386 478 480 
Group07_21.txt
61 75 95 339 347 406 594 651 863 909 
Group07_22.txt
362 512 524 691 828 
Group07_23.txt
54 89 299 426 440 488 
Group07_24.txt
46 170 243 491 526 1047 1273 1387 1520 1636 1792 2024 2084 2110 
Group07_25.txt
43 144 290 
Group07_26.txt
248 417 428 469 479 488 496 499 518 524 571 572 598 664 764 
Group07_27.txt
460 555 
Group07_28.txt
63 406 508 
Group07_29.txt
289 
Group07_30.txt
37 59 126 146 333 354 394 453 586 623 641 789 946 
Group07_31.txt
24 47 51 55 60 62 248 714 720 1210 1248 1400 1732 1748 1760 1970 
Group07_32.txt
188 223 400 454 501 
Group07_33.txt
75 175 269 316 444 515 527 709 
Group07_34.txt
70 159 177 462 663 
Group07_35.txt
53 143 155 257 354 446 474 497 538 541 544 569 574 
Group07_36.txt
86 227 239 348 355 403 483 517 530 567 624 632 645 681 686 713 991 1024 1079 1259 
Group07_37.txt
63 90 356 615 643 852 880 939 1073 1209 1562 1665 1710 
Group07_38.txt
44 83 356 422 425 445 459 504 514 544 1044 1255 1452 1502 1661 1680 1685 1695 
Group07_39.txt
96 120 153 357 363 473 553 568 
Group07_40.txt
31 65 182 219 230 241 248 266 306 329 357 459 482 489 510 530 557 692 745 794 
Group07_41.txt
199 415 416 469 552 
Group07_42.txt
221 223 498 512 564 609 615 696 739 
Group07_43.txt
242 336 472 
Group07_44.txt
349 596 598 608 672 826 842 
Group07_45.txt
85 164 220 271 310 406 411 414 420 543 546 
Group07_46.txt
300 435 538 586 
Group07_47.txt
314 544 590 592 674 704 
Group07_48.txt
292 316 361 444 600 854 1066 
Group07_49.txt
95 256 320 389 776 816 1112 1311 1688 1936 2002 2081 2655 
Group07_50.txt
612 615 
Group08_01.txt
8 68 132 513 539 622 689 750 
Group08_02.txt
293 
Group08_03.txt
19 340 371 395 
Group08_04.txt
221 400 472 747 754 766 
Group08_05.txt
252 
Group08_06.txt
215 234 719 811 958 978 1008 
Group08_07.txt
88 259 306 
Group08_09.txt
599 608 623 
Group08_10.txt
8 167 231 612 638 721 788 849 
Group08_11.txt
341 648 674 692 717 729 732 796 
Group08_12.txt
218 249 394 449 621 826 859 882 919 1054 1069 
Group08_13.txt
50 126 289 379 466 
Group08_14.txt
342 
Group08_15.txt
265 270 521 758 789 809 
Group08_16.txt
177 706 1154 1167 1201 1493 1514 1583 1589 1610 1779 1794 
Group08_17.txt
62 142 216 268 717 815 1116 1146 
Group08_18.txt
138 152 176 230 244 667 
Group08_19.txt
636 713 
Group08_20.txt
161 258 302 440 627 723 815 896 907 929 1051 1137 1352 1432 1469 
Group08_21.txt
199 311 621 
Group08_23.txt
221 400 472 748 755 767 
Group08_24.txt
60 104 135 140 168 205 876 1023 1044 
Group08_25.txt
239 284 285 440 612 713 726 1195 
Group08_26.txt
158 
Group08_27.txt
229 323 369 393 
Group08_28.txt
643 
Group08_29.txt
304 828 834 1072 1105 1137 1151 1368 1507 
Group08_30.txt
313 322 325 735 878 1037 1047 1264 1405 1588 
Group08_31.txt
116 440 497 626 716 870 892 901 
Group08_32.txt
158 
Group08_33.txt
165 184 197 
Group08_34.txt
90 112 164 365 384 399 413 
Group08_35.txt
87 214 290 379 
Group08_36.txt
299 
Group08_37.txt
34 46 69 187 
Group08_38.txt
69 75 104 111 122 138 304 
Group08_39.txt
234 
Group08_41.txt
231 273 279 
Group08_42.txt
179 191 
Group08_43.txt
382 453 482 
Group08_46.txt
207 
Group08_47.txt
54 213 293 
Group08_48.txt
320 
Group08_49.txt
183 223 235 278 
Group08_50.txt
486 
Group09_01.txt
411 507 625 
Group09_03.txt
60 89 97 171 307 319 370 403 475 485 
Group09_04.txt
453 566 
Group09_05.txt
386 646 784 792 871 884 
Group09_06.txt
174 195 197 
Group09_07.txt
25 61 68 227 313 564 709 950 
Group09_09.txt
244 430 534 683 691 
Group09_10.txt
246 494 604 643 771 
Group09_11.txt
98 315 330 356 
Group09_12.txt
139 224 510 511 
Group09_13.txt
53 78 570 
Group09_14.txt
203 395 665 733 819 841 
Group09_16.txt
478 
Group09_17.txt
427 736 
Group09_18.txt
425 467 489 497 594 637 
Group09_19.txt
295 
Group09_20.txt
39 200 202 390 
Group09_21.txt
582 844 985 1040 1127 
Group09_22.txt
51 231 600 
Group09_23.txt
642 648 
Group09_24.txt
206 484 
Group09_25.txt
71 
Group09_26.txt
33 113 120 274 290 420 530 636 640 719 775 807 819 859 868 884 957 1002 
Group09_27.txt
96 267 
Group09_28.txt
542 
Group09_29.txt
86 223 367 
Group09_30.txt
64 113 172 181 254 506 
Group09_31.txt
53 122 297 320 379 460 
Group09_32.txt
93 165 265 328 352 372 478 553 
Group09_33.txt
496 
Group09_34.txt
236 277 342 449 486 
Group09_35.txt
99 379 
Group09_36.txt
54 72 84 105 125 160 195 278 321 350 379 403 411 429 523 562 
Group09_37.txt
365 404 572 869 1132 
Group09_38.txt
252 392 399 469 528 
Group09_39.txt
284 613 629 
Group09_40.txt
186 193 211 236 263 591 689 
Group09_41.txt
146 246 
Group09_42.txt
113 165 237 263 344 399 456 496 570 649 
Group09_43.txt
92 132 292 419 506 567 
Group09_44.txt
59 160 190 490 504 
Group09_45.txt
261 568 597 629 
Group09_47.txt
308 368 412 
Group09_48.txt
160 634 
Group09_49.txt
98 281 359 374 413 587 634 646 668 756 763 857 
Group09_50.txt
337 
Group10_01.txt
31 39 143 713 
Group10_03.txt
9 156 296 306 455 472 
Group10_04.txt
294 468 546 549 552 
Group10_05.txt
32 88 101 382 412 542 755 797 952 957 
Group10_06.txt
107 302 
Group10_07.txt
14 307 329 390 429 594 
Group10_08.txt
16 116 430 654 661 664 
Group10_09.txt
32 76 135 198 529 
Group10_10.txt
108 112 188 300 323 366 421 563 569 596 714 820 
Group10_11.txt
39 66 516 1031 1095 1219 1274 
Group10_12.txt
43 329 
Group10_13.txt
195 206 274 277 299 500 516 645 654 
Group10_14.txt
29 433 
Group10_15.txt
435 647 658 
Group10_16.txt
143 152 601 770 
Group10_17.txt
154 245 287 832 916 
Group10_18.txt
107 129 134 144 207 405 679 788 
Group10_19.txt
19 63 145 204 241 351 364 378 492 509 551 564 
Group10_20.txt
630 
Group10_21.txt
11 179 314 802 828 
Group10_23.txt
427 
Group10_24.txt
122 135 253 310 411 816 901 911 1037 1127 1266 1297 
Group10_25.txt
151 167 397 441 448 468 507 580 606 736 780 787 807 846 919 945 1213 1228 
Group10_27.txt
56 199 374 525 571 
Group10_28.txt
41 172 658 661 1105 
Group10_29.txt
108 117 168 
Group10_30.txt
1 196 
Group10_31.txt
25 126 167 223 375 423 575 603 
Group10_32.txt
42 212 305 
Group10_33.txt
55 506 591 598 603 616 637 640 648 673 879 1043 1271 1337 1361 1396 1411 1424 1432 1683 
Group10_34.txt
31 38 87 157 235 306 325 451 
Group10_35.txt
200 266 334 381 519 687 688 1053 1156 1222 1534 1547 1573 1577 1586 1590 1594 1619 
Group10_36.txt
55 119 336 361 395 444 581 620 668 
Group10_37.txt
48 236 268 292 337 347 373 462 480 581 768 780 
Group10_38.txt
3 72 92 172 350 388 409 448 462 467 522 527 761 848 911 
Group10_39.txt
222 239 243 313 473 526 
Group10_40.txt
61 257 362 
Group10_41.txt
79 151 369 397 509 565 
Group10_42.txt
302 467 575 599 641 648 
Group10_43.txt
18 154 186 329 357 416 440 449 643 868 887 948 1111 
Group10_44.txt
72 508 703 796 
Group10_45.txt
23 57 221 238 253 267 452 609 636 669 677 
Group10_46.txt
64 118 285 606 
Group10_47.txt
141 167 171 290 778 792 838 844 854 860 865 
Group10_48.txt
100 265 374 501 710 
Group10_49.txt
63 68 272 308 523 657 733 
Group10_50.txt
53 164 253 
Group11-01.txt
137 294 322 387 475 
Group11-02.txt
15 39 54 172 204 535 556 698 710 724 729 823 830 968 1252 1267 
Group11-03.txt
153 281 319 433 469 486 551 655 
Group11-04.txt
158 347 514 555 577 585 613 623 905 
Group11-05.txt
184 190 233 447 500 555 626 698 887 916 942 1039 1043 1092 1113 1451 1784 1916 2096 2170 2240 2260 2283 
Group11-06.txt
67 96 224 239 430 502 511 
Group11-07.txt
98 129 180 293 313 329 598 626 647 662 667 
Group11-08.txt
324 577 
Group11-09.txt
188 
Group11-10.txt
175 236 269 491 
Group11-11.txt
538 
Group11-12.txt
204 210 221 233 346 387 393 536 
Group11-13.txt
58 415 432 495 529 551 607 622 
Group11-14.txt
278 459 484 618 640 731 768 881 895 914 968 1055 1147 1220 
Group11-15.txt
296 360 476 804 829 841 851 882 975 1013 1055 1145 1232 1235 1277 1431 1523 1767 1960 2091 2224 2230 2308 2311 2362 2418 2477 
Group11-16.txt
129 358 398 621 710 756 1206 1258 1353 1433 1604 1625 1670 1774 1820 2000 2045 2079 2252 2261 2278 2445 2473 2590 2603 2608 2672 2701 2735 2738 2743 2879 2940 2963 3117 3198 3325 
Group11-17.txt
500 554 602 635 766 
Group11-18.txt
88 297 302 352 565 
Group11-19.txt
43 130 306 325 357 379 704 710 718 
Group11-20.txt
28 188 228 233 358 361 517 553 959 992 1008 
Group11-21.txt
695 727 
Group11-22.txt
37 299 407 416 608 670 725 766 787 805 927 
Group11-23.txt
100 356 404 488 545 593 611 652 
Group11-24.txt
249 360 447 558 589 623 682 956 1009 1157 1184 1208 1335 1354 1457 1460 1517 1895 1921 1959 2075 2082 2098 2106 2115 2235 2333 2367 2380 2478 2548 2624 
Group11-25.txt
126 252 466 586 597 629 
Group11-26.txt
1 59 110 351 
Group11-27.txt
178 195 216 226 
Group11-28.txt
239 365 597 967 976 990 1038 1042 
Group11-29.txt
754 763 777 825 829 
Group11-30.txt
208 282 314 326 512 630 639 653 701 705 
Group11-31.txt
428 504 
Group11-32.txt
112 129 169 185 284 413 641 682 803 812 826 874 878 
Group11-33.txt
97 241 256 322 685 907 914 
Group11-34.txt
6 24 94 176 184 252 267 297 
Group11-35.txt
16 44 114 418 
Group11-36.txt
20 109 222 322 341 343 368 
Group11-37.txt
286 506 570 573 718 
Group11-38.txt
350 423 
Group11-39.txt
84 119 326 377 421 489 538 610 
Group11-40.txt
179 293 457 534 
Group11-41.txt
362 450 
Group11-42.txt
145 468 525 596 
Group11-43.txt
246 
Group11-44.txt
46 117 412 422 449 466 588 690 752 770 810 817 
Group11-45.txt
38 116 346 382 528 587 615 680 759 765 956 977 990 1059 1075 
Group11-46.txt
61 106 114 133 153 157 414 481 525 653 747 843 849 872 1210 1248 1401 1408 1412 1414 1424 
Group11-47.txt
87 206 262 277 583 793 
Group11-48.txt
89 185 455 490 671 841 
Group11-49.txt
93 
Group11-50.txt
185 200 369 400 469 505 529 616 697 780 
Group12_01.txt
251 545 666 693 1016 1329 1391 1496 
Group12_02.txt
11 213 251 554 1172 1204 1339 1363 1400 1494 1551 1849 1852 1856 1861 1866 
Group12_03.txt
126 137 179 191 279 289 517 1319 1413 1437 1446 
Group12_04.txt
256 498 707 754 783 1132 1139 1207 1395 1618 1724 1785 1978 2001 2158 2165 2183 2334 2621 2689 2750 
Group12_05.txt
565 663 
Group12_06.txt
24 276 304 505 634 1171 1380 1442 
Group12_07.txt
121 369 423 433 531 583 606 884 890 914 1040 1245 1325 1393 
Group12_08.txt
280 364 521 
Group12_09.txt
58 278 521 525 569 892 973 1002 
Group12_10.txt
256 257 348 462 581 607 835 867 
Group12_11.txt
400 491 501 
Group12_12.txt
400 491 501 
Group12_13.txt
571 612 710 1038 1204 1401 1411 1444 1532 1909 1975 1992 2044 2068 
Group12_14.txt
727 743 838 1031 1040 
Group12_15.txt
74 168 273 280 354 383 392 452 473 653 
Group12_16.txt
164 245 392 
Group12_17.txt
262 265 284 510 
Group12_18.txt
291 389 466 
Group12_19.txt
282 454 592 756 797 933 1107 1135 1265 
Group12_20.txt
18 122 251 262 313 396 564 
Group12_21.txt
94 277 381 
Group12_22.txt
128 152 544 799 
Group12_23.txt
385 
Group12_24.txt
17 52 59 157 165 279 674 728 776 
Group12_25.txt
172 310 679 
Group12_26.txt
434 437 564 987 1159 1330 1441 1596 
Group12_27.txt
235 247 288 337 352 415 492 
Group12_28.txt
149 156 162 205 397 631 
Group12_29.txt
296 313 576 
Group12_30.txt
91 292 329 422 
Group12_31.txt
73 93 108 151 192 222 304 432 462 488 541 
Group12_32.txt
308 424 
Group12_33.txt
325 463 
Group12_34.txt
297 390 442 
Group12_35.txt
64 168 
Group12_36.txt
47 268 286 506 
Group12_37.txt
484 506 
Group12_38.txt
474 547 586 710 
Group12_39.txt
13 159 192 286 510 745 761 769 805 
Group12_40.txt
252 379 464 469 
Group12_41.txt
283 298 400 460 492 584 590 601 655 681 707 718 
Group12_42.txt
297 381 712 842 1163 1164 1203 1224 
Group12_43.txt
139 511 536 720 
Group12_44.txt
36 149 162 219 265 443 467 506 515 
Group12_45.txt
56 267 351 369 
Group12_46.txt
579 606 696 
Group12_47.txt
349 
Group12_49.txt
297 570 974 1432 1446 1642 1729 1853 1879 2289 2477 2563 
Group12_50.txt
124 
Group13_02.txt
17 29 270 406 490 539 580 732 815 839 931 934 937 967 1004 1119 1164 1209 1219 1566 1608 1765 1776 1785 1800 1804 1819 1897 1962 2008 2079 2290 2327 2379 2408 
Group13_03.txt
155 162 327 434 455 459 507 523 
Group13_04.txt
71 142 173 320 344 368 405 433 582 625 712 751 767 953 958 964 1136 1167 1184 1209 
Group13_05.txt
178 236 249 288 295 378 406 425 648 690 703 710 746 806 887 898 926 1087 1158 1167 1188 1191 1203 1308 1310 1385 1393 1814 1851 1916 1940 1993 
Group13_06.txt
262 278 284 339 382 555 616 670 689 884 909 914 923 970 1031 1036 1176 1376 1377 1422 1451 1497 1523 1840 2167 2221 2274 2334 2663 
Group13_07.txt
303 310 342 
Group13_08.txt
480 520 636 764 1002 1003 1177 1193 
Group13_09.txt
116 119 146 176 192 474 488 507 513 519 682 693 777 802 843 887 964 1137 1168 1473 1482 1503 1556 1565 1748 1853 1873 1921 
Group13_10.txt
515 595 
Group13_11.txt
159 580 
Group13_12.txt
102 125 143 603 642 
Group13_13.txt
92 164 
Group13_14.txt
39 63 79 94 224 281 641 665 
Group13_15.txt
384 599 640 
Group13_17.txt
259 
Group13_18.txt
236 395 610 
Group13_19.txt
17 114 153 161 284 390 
Group13_20.txt
34 128 184 237 443 713 767 
Group13_21.txt
5 148 224 291 678 1139 1316 1406 1490 1561 1576 1970 
Group13_22.txt
190 629 887 1347 1369 1373 1469 1606 1627 2010 2179 2303 2860 3052 3109 3238 3579 3623 3675 4092 4119 4270 5080 5142 5643 5688 5717 6139 6151 6267 6367 6407 6422 6432 7271 7510 7576 7691 7746 7771 7806 8076 8576 8733 9181 9344 9357 9376 10309 11494 11765 12708 12898 13347 13659 13967 13978 14330 14353 14524 14743 14827 14858 14924 15048 15052 15084 15097 15108 15147 15200 15486 15630 15813 15871 15895 15966 16001 16126 16158 16165 16215 16221 16267 16294 16301 16428 16467 16475 16485 16509 16517 16527 
Group13_23.txt
190 202 228 245 282 663 684 805 997 1391 1869 2292 2566 2824 2837 2971 3043 3409 3435 3456 3653 3690 3739 
Group13_24.txt
25 235 316 380 477 483 522 526 540 606 721 815 818 840 971 1142 1324 1429 1437 1539 1584 1648 1718 1760 1766 1887 1981 2163 2592 2606 2852 2903 3143 3216 3327 3331 3344 3475 3581 3599 3605 3624 3634 3854 3975 4047 4298 4420 4549 4618 4645 4677 4728 4918 5006 5297 5322 5447 5453 
Group13_25.txt
151 532 701 938 1174 1227 1244 1384 1470 1492 2034 2254 2268 
Group13_26.txt
147 194 304 416 677 730 742 896 1044 1063 1138 1156 1618 1866 2144 2775 2882 3011 3068 3369 3634 3691 3784 3826 4271 4472 4549 4595 5338 5473 5495 5526 5583 5876 5935 6024 6040 6292 6312 6336 6361 6363 6958 6991 7034 7053 7171 7691 8030 8041 8062 8143 8312 8435 8568 8579 8637 8828 8841 8878 8932 9129 9286 9345 9363 9388 9475 9523 9530 9535 9544 9595 9647 9736 10186 
Group13_27.txt
42 173 334 812 935 956 976 1112 1339 1368 1430 1465 1789 1815 1935 1938 1967 2075 2492 2719 2722 2900 2929 2932 3268 3403 
Group13_28.txt
422 485 495 514 646 704 770 866 922 1461 2292 2308 2541 2569 2654 2782 2901 2983 3223 3357 3366 
Group13_29.txt
445 555 811 962 1038 1051 1070 1805 1853 1947 1989 2043 2140 2267 2363 2473 2495 2499 2619 2698 2725 3499 3570 3600 3715 4071 4163 4169 4198 4214 4244 4476 4531 4542 4627 4762 4914 5344 5356 5412 
Group13_30.txt
244 270 321 441 1095 1170 1258 1364 1648 1662 1740 1855 1873 1893 2325 2341 2346 2425 2872 2883 3798 4094 
Group13_31.txt
443 759 
Group13_32.txt
60 124 229 239 327 415 458 706 794 904 965 1070 1197 1245 1248 1286 1327 
Group13_33.txt
24 271 320 416 504 527 536 584 594 761 771 1262 1498 1630 1779 2030 2061 2212 
Group13_35.txt
16 63 195 590 962 1098 1109 1210 1378 
Group13_36.txt
118 155 285 297 310 382 414 491 498 574 674 838 841 935 946 1050 1092 1096 1136 1147 1200 1469 
Group13_37.txt
5 224 326 478 515 519 527 1170 1321 1374 1626 1641 
Group13_38.txt
512 645 689 789 799 988 992 1275 1368 
Group13_39.txt
17 424 596 626 809 890 1299 1413 1523 1607 1911 1918 2050 2119 
Group13_40.txt
29 254 311 376 437 1036 1048 
Group13_41.txt
156 292 311 375 480 526 648 654 1231 1256 1358 1641 1670 
Group13_42.txt
213 243 425 492 539 877 1236 1259 
Group13_43.txt
1057 1109 1458 1718 1826 1848 
Group13_44.txt
342 346 972 1017 1024 1041 1542 1586 1733 1959 2006 2140 2382 2727 2894 3034 3057 3168 3270 3303 3361 3370 3438 3444 3613 3738 3845 3928 
Group13_45.txt
158 262 414 514 881 1018 1519 1520 
Group13_46.txt
68 151 388 464 640 923 938 1033 1271 1351 1734 1816 1827 1857 2112 2150 2258 2311 2444 
Group13_47.txt
96 315 359 389 513 627 695 841 859 896 1001 1144 1492 1499 
Group13_48.txt
108 224 294 324 375 713 775 1191 1210 1216 1219 1385 1490 1543 2563 2633 
Group13_49.txt
164 174 177 203 303 322 352 492 511 520 535 571 703 1041 1215 1304 1515 1528 1573 1774 1811 1835 1909 1944 2116 2139 2163 2190 2209 
Group13_50.txt
63 92 335 351 456 462 695 987 1074 1324 
Group14_01.txt
188 258 394 408 455 482 
Group14_02.txt
74 154 428 472 487 489 533 534 
Group14_03.txt
5 122 484 
Group14_04.txt
10 205 296 
Group14_05.txt
49 81 107 
Group14_06.txt
22 123 130 304 360 468 506 509 540 545 558 
Group14_07.txt
334 387 
Group14_08.txt
193 274 464 
Group14_09.txt
5 109 259 292 306 390 421 
Group14_10.txt
210 
Group14_11.txt
142 149 196 242 393 399 494 
Group14_12.txt
222 230 263 435 
Group14_13.txt
188 313 
Group14_14.txt
366 
Group14_15.txt
162 193 309 343 366 
Group14_16.txt
19 23 110 258 301 453 
Group14_17.txt
306 507 
Group14_18.txt
70 125 
Group14_19.txt
1 156 228 526 
Group14_20.txt
229 375 556 650 
Group14_21.txt
80 122 525 
Group14_22.txt
82 84 102 146 172 300 309 579 
Group14_23.txt
521 
Group14_24.txt
187 274 296 301 353 
Group14_25.txt
143 171 231 335 413 
Group14_26.txt
260 282 288 307 665 687 
Group14_27.txt
578 603 760 772 
Group14_28.txt
131 322 401 495 621 683 1003 
Group14_30.txt
33 661 701 880 
Group14_31.txt
148 697 836 852 876 
Group14_32.txt
15 301 613 630 750 790 807 979 1068 1118 
Group14_33.txt
252 599 651 678 681 912 
Group14_34.txt
145 385 475 
Group14_35.txt
96 237 336 498 549 588 634 655 756 780 879 897 903 961 975 996 1132 1192 1269 1393 1509 1516 1553 1664 1680 1684 1732 
Group14_36.txt
29 62 209 372 480 
Group14_37.txt
51 317 356 470 776 791 897 900 
Group14_38.txt
44 87 459 493 654 838 937 
Group14_39.txt
657 770 
Group14_40.txt
12 34 71 177 670 693 877 918 925 
Group14_41.txt
139 311 326 367 483 600 837 865 931 987 
Group14_42.txt
119 145 677 704 930 
Group14_43.txt
598 644 
Group14_44.txt
176 186 217 817 872 
Group14_45.txt
216 
Group14_46.txt
16 26 185 200 530 572 716 736 
Group14_47.txt
497 706 725 
Group14_48.txt
82 408 418 562 628 702 728 
Group14_49.txt
475 549 
Group14_50.txt
83 95 132 278 294 325 466 507 655 684 
