Group01_01.txt
76 142 264 362 403 
Group01_02.txt
9 32 58 68 85 118 202 214 
Group01_03.txt
33 53 118 425 472 578 590 687 702 749 774 778 786 993 1077 1083 1087 1098 1135 1223 1242 
Group01_04.txt
21 138 256 350 
Group01_05.txt
267 329 343 
Group01_06.txt
194 206 489 564 777 806 855 917 
Group01_07.txt
630 
Group01_08.txt
115 142 276 301 344 382 412 
Group01_09.txt
84 136 260 366 397 401 
Group01_10.txt
157 195 235 255 526 914 954 
Group01_11.txt
220 350 655 668 688 773 779 974 
Group01_12.txt
186 338 393 427 591 607 649 700 
Group01_13.txt
165 
Group01_14.txt
52 396 581 
Group01_18.txt
92 166 174 186 209 272 
Group01_19.txt
40 103 124 186 195 203 343 404 511 683 749 
Group01_20.txt
142 153 248 267 346 460 570 579 642 
Group01_22.txt
7 14 38 132 250 297 323 378 
Group01_23.txt
91 253 301 340 342 346 423 494 531 
Group01_24.txt
21 138 256 343 
Group01_25.txt
53 105 280 760 969 
Group01_26.txt
105 227 253 258 
Group01_27.txt
23 69 102 174 199 222 233 271 302 
Group01_28.txt
91 155 162 218 230 289 292 325 340 469 523 
Group01_29.txt
84 162 359 491 516 733 
Group01_30.txt
32 218 414 452 514 665 
Group01_31.txt
441 
Group01_32.txt
110 189 283 300 339 523 1166 1231 
Group01_33.txt
58 267 354 438 516 562 617 646 748 762 
Group01_35.txt
135 144 320 393 430 493 565 717 758 958 962 1060 1209 
Group01_37.txt
75 252 477 498 508 
Group01_39.txt
430 497 545 
Group01_40.txt
21 52 60 86 251 257 430 610 620 654 701 777 843 
Group01_41.txt
233 
Group01_42.txt
517 
Group01_43.txt
565 
Group01_44.txt
212 
Group01_46.txt
26 31 60 
Group01_47.txt
355 
Group01_48.txt
67 145 231 244 256 
Group01_49.txt
237 482 579 
Group01_50.txt
330 481 
Group02_01.txt
223 
Group02_02.txt
0 24 334 495 641 798 848 894 926 
Group02_03.txt
155 
Group02_04.txt
679 
Group02_05.txt
417 
Group02_06.txt
178 381 605 796 
Group02_07.txt
5 31 730 
Group02_08.txt
558 
Group02_09.txt
51 298 645 
Group02_10.txt
179 
Group02_13.txt
791 799 
Group02_14.txt
369 465 
Group02_15.txt
209 497 
Group02_16.txt
423 909 
Group02_17.txt
245 307 339 
Group02_18.txt
283 310 1115 1844 2537 2541 2610 
Group02_19.txt
45 98 1495 
Group02_20.txt
520 782 939 1066 1299 1579 1616 1710 2213 2318 2733 2804 3223 3284 3378 3540 3690 3779 
Group02_21.txt
77 304 838 891 1158 
Group02_22.txt
172 759 815 845 1046 1099 1132 1618 2097 2156 2478 2764 3045 
Group02_23.txt
438 707 835 965 1664 
Group02_24.txt
17 153 651 684 1171 1183 
Group02_25.txt
5 
Group02_27.txt
1233 
Group02_29.txt
383 
Group02_30.txt
1458 1502 1878 2350 3063 
Group02_31.txt
213 274 539 773 1348 1436 1710 1722 1793 2135 2914 2924 
Group02_32.txt
579 981 994 2394 2515 
Group02_33.txt
559 1111 1839 2306 2564 3023 3167 3338 
Group02_34.txt
778 
Group02_35.txt
388 507 664 706 788 935 
Group02_36.txt
421 
Group02_37.txt
130 1269 
Group02_38.txt
623 669 1956 1971 2686 2778 2786 2802 3252 
Group02_39.txt
744 1015 
Group02_40.txt
51 647 1261 1644 1711 1804 2140 2328 
Group02_41.txt
454 760 
Group02_43.txt
645 950 1038 1493 1606 
Group02_44.txt
1106 1353 1655 
Group02_45.txt
136 284 382 794 797 1365 1502 1532 1573 1584 1627 
Group02_46.txt
1738 
Group02_47.txt
1013 1106 
Group02_48.txt
51 344 529 1490 1618 1771 1860 2458 2617 2634 2681 2725 2850 2940 
Group02_49.txt
3887 3891 
Group02_50.txt
1057 1338 1353 1670 
Group03_01.txt
26 66 85 129 135 446 495 
Group03_02.txt
22 33 88 311 618 696 729 742 
Group03_03.txt
83 160 475 902 1025 1109 1162 
Group03_04.txt
518 1120 1156 1177 1393 1406 1452 1519 1579 1702 2251 
Group03_05.txt
262 396 398 400 402 786 1024 1027 
Group03_06.txt
297 316 851 1238 1357 1408 1455 2081 2099 2614 2673 2763 
Group03_07.txt
16 362 371 385 1617 1647 2427 2713 
Group03_08.txt
575 826 836 869 
Group03_09.txt
38 57 299 362 586 647 693 757 782 905 1090 
Group03_10.txt
313 620 638 800 
Group03_11.txt
16 23 43 84 126 223 712 752 
Group03_12.txt
135 205 644 647 760 924 1301 
Group03_13.txt
181 301 314 578 587 631 874 1096 1142 1294 1321 1486 
Group03_14.txt
958 997 
Group03_15.txt
87 108 144 306 450 742 755 759 766 
Group03_16.txt
149 170 349 591 672 692 793 815 
Group03_17.txt
35 115 364 
Group03_18.txt
738 740 847 1065 1164 
Group03_19.txt
183 188 385 493 772 779 836 
Group03_20.txt
297 364 375 460 883 952 968 990 
Group03_21.txt
1733 1745 1767 
Group03_22.txt
19 105 488 621 662 861 1092 1102 
Group03_23.txt
160 477 520 692 703 727 
Group03_24.txt
427 649 1794 1960 1963 1967 
Group03_25.txt
207 250 279 699 703 786 789 
Group03_26.txt
183 190 375 771 900 963 1049 1160 1231 1508 1607 
Group03_27.txt
873 1041 
Group03_29.txt
230 254 509 579 660 1676 
Group03_30.txt
41 93 279 1125 1504 1579 1585 
Group03_31.txt
42 74 78 263 284 362 371 429 496 946 1041 1132 1281 1350 1643 1682 1701 1897 2777 
Group03_32.txt
55 182 306 313 457 467 598 674 729 767 808 845 926 1055 1120 1134 1179 1392 1405 1412 1416 1421 1431 1460 1478 1486 1493 
Group03_33.txt
86 333 863 1021 1119 1289 1341 1349 
Group03_34.txt
189 194 748 910 1060 1582 1779 1828 1885 1912 2715 2786 2813 2884 
Group03_35.txt
1 526 599 791 
Group03_36.txt
59 458 538 599 881 1299 1332 1526 1571 1698 
Group03_37.txt
550 552 647 1155 1444 1561 1649 1779 1808 2107 2333 2351 2367 2384 
Group03_38.txt
19 289 388 542 560 698 942 998 
Group03_39.txt
38 165 289 296 440 450 581 657 712 750 791 828 
Group03_40.txt
65 312 842 1000 1098 
Group03_41.txt
4 
Group03_42.txt
211 235 493 563 650 1702 
Group03_43.txt
38 50 70 99 101 243 259 281 392 516 
Group03_44.txt
227 324 
Group03_45.txt
360 427 494 
Group03_46.txt
144 165 
Group03_47.txt
322 937 
Group03_48.txt
37 121 215 243 341 727 850 
Group03_49.txt
662 670 863 
Group03_50.txt
18 21 24 27 178 328 458 555 666 704 819 942 1091 1097 1191 1303 1349 
Group04_01.txt
262 
Group04_02.txt
228 272 
Group04_03.txt
155 372 426 
Group04_04.txt
15 25 354 462 464 503 
Group04_05.txt
515 
Group04_06.txt
51 187 279 405 464 608 
Group04_08.txt
336 421 463 516 547 560 564 
Group04_09.txt
119 189 427 437 666 
Group04_10.txt
54 140 340 351 
Group04_12.txt
211 
Group04_13.txt
311 458 752 766 968 1068 
Group04_14.txt
166 206 267 328 399 460 474 494 551 
Group04_15.txt
41 204 206 318 421 643 654 662 726 768 1097 
Group04_17.txt
249 632 
Group04_18.txt
396 469 
Group04_20.txt
236 238 251 382 
Group04_21.txt
803 
Group04_22.txt
173 
Group04_23.txt
342 372 425 512 614 617 680 
Group04_24.txt
9 200 561 628 
Group04_25.txt
124 200 208 629 
Group04_26.txt
617 802 
Group04_27.txt
140 740 
Group04_28.txt
215 
Group04_30.txt
47 128 278 
Group04_33.txt
28 219 
Group04_34.txt
36 688 836 
Group04_35.txt
402 
Group04_36.txt
70 125 628 
Group04_38.txt
20 208 
Group04_39.txt
164 236 
Group04_40.txt
161 455 
Group04_41.txt
217 228 287 625 862 1089 
Group04_42.txt
8 33 44 430 466 
Group04_43.txt
275 629 
Group04_44.txt
132 707 
Group04_45.txt
143 
Group04_46.txt
319 565 723 757 932 1023 1071 
Group04_47.txt
169 205 384 650 
Group04_48.txt
21 122 396 483 
Group04_49.txt
11 74 137 197 548 567 
Group05_02.txt
213 279 285 379 397 772 1043 
Group05_04.txt
304 840 876 1023 
Group05_06.txt
111 411 972 1023 1159 1171 
Group05_07.txt
14 25 52 64 296 405 
Group05_08.txt
201 319 
Group05_09.txt
14 261 309 339 371 399 409 666 847 899 
Group05_10.txt
29 34 91 177 193 252 330 335 457 476 562 
Group05_11.txt
81 294 533 
Group05_13.txt
856 
Group05_14.txt
12 50 72 87 106 145 409 557 691 728 732 
Group05_15.txt
14 39 58 67 105 338 387 530 
Group05_16.txt
106 435 560 570 
Group05_17.txt
391 654 851 983 
Group05_18.txt
89 376 503 782 1024 
Group05_20.txt
90 141 871 1114 1116 
Group05_21.txt
499 773 797 
Group05_22.txt
11 559 
Group05_23.txt
45 858 1048 1052 1100 1127 1296 1348 
Group05_24.txt
350 
Group05_25.txt
157 782 893 971 1012 
Group05_26.txt
153 286 357 424 487 525 550 831 
Group05_27.txt
48 467 497 505 674 727 1070 1370 
Group05_28.txt
327 362 467 542 
Group05_29.txt
152 285 407 443 
Group05_30.txt
68 323 467 540 567 794 
Group05_32.txt
374 400 440 618 
Group05_34.txt
302 
Group05_35.txt
90 
Group05_38.txt
169 177 273 375 
Group05_39.txt
16 38 103 153 169 293 319 321 
Group05_40.txt
53 66 107 
Group05_41.txt
382 
Group05_42.txt
30 36 219 233 254 
Group05_43.txt
71 78 559 
Group05_44.txt
251 361 478 776 852 989 1135 
Group05_45.txt
164 334 504 565 694 717 952 1072 1116 1143 1157 
Group05_46.txt
130 203 
Group05_48.txt
513 
Group05_49.txt
41 54 99 114 129 142 216 236 251 311 489 708 803 
Group05_50.txt
14 40 59 68 102 129 371 420 570 
Group06_02.txt
152 449 721 
Group06_03.txt
473 
Group06_04.txt
501 547 
Group06_07.txt
115 492 
Group06_10.txt
90 110 586 
Group06_12.txt
538 557 
Group06_13.txt
300 448 725 
Group06_14.txt
310 
Group06_15.txt
195 249 434 447 
Group06_16.txt
55 183 219 790 795 853 1052 
Group06_17.txt
49 406 725 859 905 1051 
Group06_18.txt
105 205 663 
Group06_19.txt
63 632 
Group06_20.txt
68 304 634 
Group06_21.txt
573 823 
Group06_22.txt
363 368 399 
Group06_23.txt
332 543 682 
Group06_24.txt
548 
Group06_26.txt
11 27 187 199 206 269 285 413 621 635 
Group06_27.txt
360 463 
Group06_28.txt
4 335 600 
Group06_29.txt
330 397 424 560 564 658 
Group06_30.txt
80 501 
Group06_31.txt
49 406 725 859 905 1051 
Group06_35.txt
25 138 409 486 
Group06_37.txt
19 
Group06_38.txt
149 176 750 
Group06_40.txt
33 99 
Group06_42.txt
164 581 
Group06_45.txt
315 
Group06_46.txt
714 
Group06_47.txt
306 
Group06_48.txt
100 
Group06_49.txt
113 351 
Group06_50.txt
72 393 
Group07_01.txt
226 
Group07_02.txt
60 76 
Group07_03.txt
194 263 1496 1522 1573 1683 2067 2679 
Group07_04.txt
77 82 92 101 123 366 544 623 667 729 790 1003 1210 
Group07_05.txt
544 
Group07_06.txt
385 790 
Group07_07.txt
85 227 657 718 933 1118 1298 
Group07_08.txt
28 109 
Group07_09.txt
99 
Group07_10.txt
4 22 87 189 301 321 329 339 356 485 599 
Group07_11.txt
47 525 
Group07_12.txt
341 379 534 675 690 802 954 972 1040 
Group07_14.txt
540 543 
Group07_15.txt
456 
Group07_16.txt
141 182 337 754 
Group07_18.txt
806 842 864 1197 
Group07_19.txt
36 516 
Group07_20.txt
171 
Group07_21.txt
174 307 634 664 
Group07_22.txt
227 255 677 
Group07_23.txt
143 400 539 
Group07_24.txt
137 595 853 1736 
Group07_25.txt
498 
Group07_26.txt
119 131 368 490 591 593 604 
Group07_28.txt
28 57 547 
Group07_29.txt
39 205 
Group07_30.txt
574 
Group07_31.txt
3 403 408 449 540 757 864 878 902 1647 
Group07_33.txt
377 
Group07_34.txt
90 507 651 
Group07_35.txt
218 224 410 458 
Group07_36.txt
221 540 619 626 766 881 958 1047 1111 1116 1313 1390 
Group07_37.txt
362 370 1279 1586 1616 
Group07_38.txt
495 669 923 994 1183 1197 1223 1774 
Group07_40.txt
308 716 768 
Group07_42.txt
350 
Group07_44.txt
540 552 570 603 
Group07_45.txt
51 128 534 540 
Group07_46.txt
486 519 674 
Group07_47.txt
214 285 
Group07_48.txt
264 317 355 362 432 569 577 834 866 
Group07_49.txt
147 595 664 1389 1502 1985 2516 2564 
Group07_50.txt
33 
Group08_01.txt
418 579 
Group08_02.txt
581 
Group08_03.txt
343 436 
Group08_04.txt
16 69 328 759 
Group08_05.txt
280 
Group08_06.txt
212 257 621 653 984 1015 1091 
Group08_08.txt
182 
Group08_09.txt
296 
Group08_10.txt
517 678 
Group08_11.txt
771 
Group08_12.txt
723 725 
Group08_13.txt
976 
Group08_15.txt
630 660 664 772 
Group08_16.txt
139 348 918 1131 1567 1600 
Group08_17.txt
314 346 357 437 509 639 734 858 1060 1080 
Group08_18.txt
47 76 130 167 242 287 537 564 658 
Group08_20.txt
123 228 533 
Group08_21.txt
144 191 235 248 539 569 638 
Group08_23.txt
16 69 328 760 
Group08_24.txt
126 219 292 302 404 661 730 768 862 959 
Group08_25.txt
436 498 632 643 822 845 
Group08_27.txt
132 
Group08_28.txt
550 
Group08_29.txt
14 766 805 837 1124 1141 1144 1161 1177 1412 
Group08_30.txt
1129 1417 1522 1552 
Group08_31.txt
158 335 546 628 697 
Group08_33.txt
77 186 214 294 
Group08_34.txt
97 293 316 370 433 515 
Group08_35.txt
123 128 147 330 
Group08_37.txt
80 193 207 213 257 
Group08_38.txt
45 85 131 173 274 
Group08_39.txt
438 
Group08_40.txt
106 174 384 516 
Group08_41.txt
50 119 227 268 313 337 
Group08_43.txt
505 
Group08_44.txt
73 
Group08_45.txt
46 53 147 
Group08_46.txt
86 182 195 307 349 
Group08_47.txt
70 423 
Group08_48.txt
37 
Group08_50.txt
571 
Group09_01.txt
225 228 453 634 
Group09_02.txt
132 412 446 
Group09_03.txt
225 260 429 
Group09_05.txt
19 29 66 268 706 820 
Group09_06.txt
146 153 490 
Group09_07.txt
72 472 942 
Group09_10.txt
146 708 
Group09_11.txt
63 
Group09_12.txt
322 
Group09_13.txt
67 556 
Group09_17.txt
581 
Group09_18.txt
196 310 
Group09_19.txt
203 531 
Group09_20.txt
283 506 
Group09_21.txt
446 979 1037 1116 
Group09_22.txt
178 218 279 342 413 474 488 508 566 
Group09_24.txt
604 
Group09_26.txt
99 223 445 502 611 765 863 1136 1266 
Group09_27.txt
8 41 72 258 374 470 
Group09_28.txt
78 406 454 468 
Group09_30.txt
2 19 29 168 219 240 354 512 526 600 667 
Group09_31.txt
226 269 331 351 532 
Group09_32.txt
10 160 582 
Group09_33.txt
412 
Group09_34.txt
46 
Group09_35.txt
115 138 444 535 625 707 
Group09_36.txt
41 142 186 189 203 342 355 389 
Group09_37.txt
45 73 229 1035 1085 1114 
Group09_38.txt
44 75 164 396 
Group09_39.txt
589 
Group09_40.txt
217 359 
Group09_41.txt
11 39 
Group09_42.txt
498 535 556 
Group09_43.txt
26 49 404 442 563 
Group09_44.txt
429 487 
Group09_45.txt
35 718 
Group09_47.txt
14 93 121 581 
Group09_48.txt
574 680 
Group09_49.txt
248 704 711 923 
Group10_02.txt
356 471 
Group10_03.txt
19 23 54 101 136 214 292 368 376 382 390 413 
Group10_04.txt
94 129 137 513 601 
Group10_05.txt
71 418 649 
Group10_06.txt
11 212 270 566 611 
Group10_07.txt
183 373 
Group10_08.txt
78 183 344 472 562 606 619 636 
Group10_09.txt
18 182 984 
Group10_10.txt
274 316 341 896 
Group10_11.txt
102 159 731 830 986 1089 1194 1196 1228 
Group10_13.txt
408 577 581 697 
Group10_14.txt
150 369 
Group10_15.txt
588 
Group10_16.txt
257 810 944 967 
Group10_17.txt
69 81 107 581 867 
Group10_18.txt
123 137 196 
Group10_19.txt
335 473 
Group10_20.txt
355 
Group10_21.txt
25 33 90 122 288 539 622 693 725 
Group10_22.txt
37 106 116 184 270 528 620 738 788 802 
Group10_23.txt
94 439 574 653 
Group10_24.txt
420 533 766 854 985 1108 1119 
Group10_25.txt
54 60 146 179 196 414 573 588 753 912 927 1156 
Group10_26.txt
356 471 
Group10_27.txt
5 165 399 866 
Group10_29.txt
206 401 1024 
Group10_30.txt
130 290 484 
Group10_31.txt
19 317 577 
Group10_32.txt
246 266 320 
Group10_33.txt
220 583 589 624 630 642 650 1152 1578 1607 
Group10_35.txt
139 169 176 220 256 358 365 589 841 1006 1044 1062 1200 1234 1338 1348 1411 1456 1720 1729 
Group10_36.txt
384 552 676 695 697 759 
Group10_37.txt
154 311 408 491 638 
Group10_38.txt
898 
Group10_39.txt
163 236 241 309 388 
Group10_41.txt
443 
Group10_42.txt
371 547 
Group10_43.txt
13 203 505 
Group10_44.txt
120 186 658 684 
Group10_46.txt
481 
Group10_50.txt
227 265 267 
Group11-01.txt
135 743 
Group11-02.txt
81 102 601 737 1004 
Group11-03.txt
181 185 284 
Group11-04.txt
249 
Group11-05.txt
902 1260 1595 1896 1921 
Group11-06.txt
76 118 
Group11-07.txt
9 399 485 514 518 521 
Group11-08.txt
560 
Group11-09.txt
211 
Group11-10.txt
165 231 554 577 
Group11-11.txt
277 424 
Group11-12.txt
266 608 
Group11-13.txt
369 614 625 
Group11-14.txt
377 937 942 956 972 977 1025 1188 1199 
Group11-15.txt
349 824 999 1754 1918 1920 2151 2225 
Group11-16.txt
661 774 910 942 1221 2204 2224 2436 2723 3123 3142 3296 
Group11-17.txt
434 487 492 
Group11-18.txt
176 293 452 620 636 
Group11-19.txt
353 443 605 715 
Group11-20.txt
204 709 889 893 1359 
Group11-21.txt
278 546 654 669 713 
Group11-22.txt
504 533 554 844 879 917 
Group11-23.txt
381 546 586 793 
Group11-24.txt
56 88 452 592 726 875 880 1011 1095 1105 1116 1119 1302 1390 1541 1555 1630 1676 1739 1903 1966 2175 2358 2401 2611 2617 
Group11-25.txt
114 130 238 244 423 430 618 647 714 
Group11-26.txt
295 304 
Group11-27.txt
19 25 45 54 68 123 134 140 145 154 160 218 253 261 267 272 
Group11-28.txt
299 
Group11-29.txt
105 132 252 450 539 594 620 638 
Group11-30.txt
17 22 44 66 72 102 110 116 121 180 322 422 428 520 540 
Group11-31.txt
541 
Group11-32.txt
38 140 206 219 346 398 694 
Group11-33.txt
259 660 919 
Group11-34.txt
27 58 85 107 171 189 191 201 248 264 
Group11-35.txt
25 40 64 408 436 
Group11-37.txt
159 334 823 
Group11-38.txt
278 364 530 849 
Group11-39.txt
407 
Group11-42.txt
91 149 240 539 579 587 
Group11-45.txt
750 755 818 888 963 1019 
Group11-46.txt
567 1477 
Group11-48.txt
872 
Group11-50.txt
284 590 666 677 688 758 827 852 862 
Group12_01.txt
1293 
Group12_02.txt
794 1413 1703 1713 1870 1873 2055 
Group12_03.txt
12 457 946 1206 
Group12_04.txt
170 410 1762 1765 1794 2727 2730 2759 
Group12_06.txt
216 345 1156 1349 1366 
Group12_07.txt
9 17 809 1038 
Group12_08.txt
0 256 261 267 
Group12_09.txt
215 679 809 1041 
Group12_10.txt
324 
Group12_13.txt
479 522 1304 1351 1503 
Group12_15.txt
28 100 122 156 293 357 434 674 
Group12_17.txt
161 
Group12_19.txt
911 1302 
Group12_22.txt
98 314 
Group12_23.txt
408 
Group12_26.txt
1162 
Group12_30.txt
546 
Group12_31.txt
50 491 
Group12_32.txt
467 
Group12_34.txt
141 544 
Group12_35.txt
488 
Group12_36.txt
236 
Group12_37.txt
37 86 130 319 333 403 
Group12_39.txt
289 
Group12_40.txt
133 
Group12_41.txt
244 462 622 628 
Group12_42.txt
275 586 1154 
Group12_43.txt
849 
Group12_44.txt
273 343 348 545 
Group12_45.txt
73 106 
Group12_46.txt
186 461 512 685 
Group12_48.txt
140 241 
Group12_49.txt
1627 1632 1996 2044 2313 
Group13_01.txt
486 
Group13_03.txt
588 597 
Group13_04.txt
177 202 208 213 570 818 1016 1195 
Group13_05.txt
125 197 216 246 277 342 550 913 1049 1058 1065 1084 1428 1455 1803 
Group13_06.txt
767 
Group13_08.txt
1204 
Group13_09.txt
1129 1134 1147 
Group13_10.txt
330 359 
Group13_11.txt
80 91 144 479 567 
Group13_13.txt
25 124 130 169 241 
Group13_14.txt
178 235 358 393 661 
Group13_15.txt
219 293 608 622 
Group13_16.txt
284 293 
Group13_17.txt
144 353 361 363 533 554 
Group13_19.txt
37 46 144 343 
Group13_20.txt
106 113 134 145 383 643 661 693 
Group13_21.txt
149 173 177 364 548 666 1266 1880 
Group13_22.txt
445 963 2127 2261 2325 2465 3785 4123 4131 4389 5194 5762 6567 7702 9191 9519 10204 11281 11341 15288 16499 16618 16624 
Group13_23.txt
178 273 357 427 637 922 942 1023 1084 1389 1532 1675 1829 1915 2476 2483 2613 2625 3841 
Group13_24.txt
480 579 1553 2411 2549 2556 2817 3443 3643 3647 3658 3663 
Group13_25.txt
413 970 1077 2026 2128 
Group13_26.txt
104 129 159 164 172 235 433 1040 1287 1409 1574 1586 2425 3476 3514 3564 3659 3754 4079 4319 4425 5476 5603 5804 5920 6296 6338 6390 6960 7062 8026 9331 9515 9747 9798 
Group13_27.txt
1447 1719 2202 2574 2628 2720 2826 2930 3330 3349 3367 3400 
Group13_28.txt
644 918 1044 1051 1064 1093 1388 2313 2360 
Group13_29.txt
275 505 534 613 620 722 862 925 1062 1094 1098 1109 1208 1238 1285 1314 1427 1598 1660 2072 2085 2143 2168 2171 2199 2246 2272 2376 2550 2574 2596 2684 2694 2964 3786 3975 4060 4086 4298 4349 4839 4866 4889 4922 4933 4967 4986 5185 5191 5205 5266 5303 5384 5387 5440 5450 5504 
Group13_30.txt
2 32 806 1409 2103 2171 2501 2561 3226 
Group13_31.txt
97 176 257 272 359 
Group13_32.txt
888 1075 1090 1320 
Group13_33.txt
156 1049 1067 1379 1773 2192 
Group13_35.txt
200 406 521 706 714 1497 
Group13_36.txt
39 1458 
Group13_37.txt
96 205 342 494 578 1224 1245 1267 1396 
Group13_38.txt
444 513 761 784 1115 1265 1454 1489 1496 1555 1579 
Group13_39.txt
99 119 372 1295 1492 2043 
Group13_40.txt
0 13 298 325 517 631 987 
Group13_41.txt
75 825 917 1220 1241 1266 1289 1321 1450 1491 1500 1649 
Group13_42.txt
120 349 618 1157 1380 
Group13_43.txt
149 212 257 420 728 1044 1218 1526 1745 1782 1792 
Group13_44.txt
121 256 800 929 1231 1247 1449 1818 1988 2034 2041 2108 2149 2284 2319 2467 3008 3212 3807 
Group13_45.txt
80 100 172 176 288 588 593 596 602 637 647 685 845 869 909 1022 1076 1089 1093 1403 1415 1491 1511 1648 1653 
Group13_46.txt
396 415 485 677 702 732 1133 1348 1991 2240 2277 2285 2305 2425 
Group13_47.txt
101 240 303 490 518 561 1004 1105 1195 1237 1463 1538 
Group13_48.txt
185 309 311 313 426 431 1442 1593 2551 2587 2625 2662 2677 
Group13_49.txt
32 186 255 271 319 327 368 701 748 854 857 860 1183 1196 1254 1272 1327 1332 2106 
Group13_50.txt
282 332 339 354 420 560 854 
Group14_01.txt
216 289 345 
Group14_02.txt
35 49 206 397 483 497 
Group14_03.txt
7 136 210 370 
Group14_04.txt
134 206 
Group14_05.txt
288 489 
Group14_06.txt
150 185 412 480 496 
Group14_07.txt
491 520 
Group14_08.txt
5 46 95 287 294 341 
Group14_09.txt
37 263 458 472 
Group14_10.txt
243 392 
Group14_11.txt
111 115 136 143 191 234 238 455 464 481 
Group14_12.txt
257 314 
Group14_13.txt
361 
Group14_14.txt
230 401 
Group14_15.txt
13 44 101 277 448 
Group14_16.txt
311 326 438 
Group14_17.txt
130 148 453 
Group14_18.txt
308 509 
Group14_19.txt
135 294 322 352 407 428 514 651 659 829 
Group14_20.txt
102 110 445 479 517 519 608 643 
Group14_21.txt
617 
Group14_22.txt
112 397 424 440 
Group14_23.txt
27 86 257 
Group14_24.txt
56 420 
Group14_25.txt
304 
Group14_26.txt
33 65 89 110 125 190 511 656 931 940 
Group14_27.txt
36 77 202 316 429 
Group14_28.txt
22 26 38 674 708 757 852 
Group14_30.txt
122 287 290 327 354 362 376 421 845 
Group14_31.txt
307 311 542 824 
Group14_32.txt
99 401 443 450 596 622 646 676 724 734 738 870 915 
Group14_33.txt
211 381 402 492 574 594 608 804 1067 1085 
Group14_34.txt
32 39 
Group14_35.txt
20 26 58 190 219 226 302 329 422 586 696 701 1498 1567 1688 1710 
Group14_36.txt
14 24 33 70 85 120 249 386 395 401 405 483 
Group14_37.txt
88 105 130 202 259 423 665 873 904 
Group14_38.txt
18 57 282 379 495 807 927 
Group14_39.txt
267 531 748 
Group14_40.txt
385 425 881 
Group14_41.txt
86 215 410 623 631 740 751 920 935 997 
Group14_42.txt
462 599 721 764 
Group14_43.txt
0 482 
Group14_44.txt
65 169 180 200 902 950 
Group14_45.txt
79 87 125 403 
Group14_46.txt
37 42 53 59 69 83 149 154 205 218 405 709 722 770 779 823 827 831 
Group14_47.txt
67 135 225 417 657 684 
Group14_48.txt
234 442 551 709 
Group14_49.txt
0 54 71 163 380 554 664 769 772 
Group14_50.txt
120 368 408 437 460 481 496 529 685 697 
