Group01_03.txt
109 166 887 918 1132 
Group02_20.txt
2884 3101 
Group02_26.txt
619 
Group02_27.txt
1675 1684 1691 
Group02_29.txt
1179 
Group02_30.txt
1525 1533 1550 1556 1587 1606 
Group02_31.txt
312 328 367 1374 1382 1466 1779 1786 2089 2185 2738 
Group02_32.txt
554 2596 2638 
Group02_33.txt
215 228 
Group02_34.txt
325 332 
Group02_35.txt
798 800 802 805 848 850 852 
Group02_42.txt
413 
Group02_49.txt
387 408 2060 
Group06_11.txt
254 
Group06_35.txt
114 116 
Group07_01.txt
666 
Group07_11.txt
230 
Group07_27.txt
170 305 551 583 
Group09_09.txt
409 
Group10_03.txt
239 
Group11-25.txt
417 
Group13_16.txt
146 
Group13_24.txt
4362 
