Group06_21.txt
333 
Group07_19.txt
403 
Group07_27.txt
62 443 
Group07_39.txt
512 530 
Group07_41.txt
1 30 143 182 319 343 431 487 497 510 597 635 
Group10_11.txt
337 396 
Group10_23.txt
623 
Group10_39.txt
772 
Group10_44.txt
757 
Group11-03.txt
324 339 
Group11-04.txt
13 775 776 
Group12_41.txt
784 
Group13_02.txt
6 49 94 190 264 293 345 422 448 488 572 657 688 742 754 763 860 873 999 1190 1266 1280 1305 1379 1450 1462 1621 1652 1665 1810 1845 1906 2016 2068 2177 2360 2365 
Group13_06.txt
3 41 64 77 140 151 193 353 438 496 522 535 567 625 706 795 814 858 945 1060 1155 1186 1215 1253 1311 1399 1503 1686 1700 1730 1845 1953 2016 2111 2228 2361 2373 2406 2467 2539 2569 2615 2645 2673 2736 2788 
Group13_22.txt
7922 14219 14268 14284 
Group13_49.txt
969 
Group14_21.txt
638 
