Group01_05.txt
2 23 
Group03_05.txt
836 
Group03_21.txt
1654 
Group03_38.txt
714 
Group03_50.txt
111 
Group04_08.txt
3 37 64 82 87 148 289 582 
Group04_10.txt
234 521 
Group04_24.txt
632 
Group05_21.txt
814 
Group06_16.txt
113 
Group06_21.txt
487 
Group07_07.txt
1250 
Group07_37.txt
1748 
Group08_19.txt
270 
Group11-31.txt
60 93 
Group11-33.txt
35 236 
Group11-42.txt
391 
Group12_04.txt
646 
Group12_41.txt
663 667 782 
Group13_02.txt
131 
Group13_10.txt
268 444 721 
Group13_22.txt
10586 10611 12114 14148 14175 14196 
Group13_24.txt
1743 3636 4797 4836 
Group13_26.txt
3114 7116 
Group13_27.txt
2553 
Group13_28.txt
2050 3260 3277 3334 3369 
Group13_29.txt
1453 
Group13_30.txt
132 137 225 468 486 627 769 814 851 891 1487 1520 1779 1794 2040 2488 2497 3565 3795 
Group13_45.txt
1129 1259 
