Group01_02.txt
4 253 
Group01_03.txt
50 175 473 579 591 1146 
Group01_06.txt
706 
Group01_07.txt
329 610 
Group01_08.txt
316 472 953 1024 
Group01_10.txt
269 944 999 
Group01_11.txt
177 770 780 
Group01_12.txt
27 178 
Group01_13.txt
2 
Group01_14.txt
137 
Group01_15.txt
195 348 
Group01_16.txt
413 
Group01_19.txt
187 
Group01_25.txt
285 
Group01_28.txt
495 
Group01_29.txt
392 
Group01_30.txt
559 
Group01_35.txt
121 176 871 
Group01_37.txt
506 
Group01_44.txt
187 432 
Group01_46.txt
48 
Group01_47.txt
307 
Group01_48.txt
377 
Group01_49.txt
42 
Group01_50.txt
19 62 213 
Group02_01.txt
13 576 
Group02_03.txt
610 944 
Group02_04.txt
162 197 783 
Group02_11.txt
511 734 783 
Group02_12.txt
224 
Group02_13.txt
108 988 
Group02_15.txt
324 
Group02_16.txt
79 
Group02_18.txt
193 841 
Group02_19.txt
71 183 1362 1652 
Group02_20.txt
16 154 257 445 492 521 1080 1512 1991 2031 2342 2734 
Group02_21.txt
964 967 1307 
Group02_22.txt
625 800 979 1357 1630 2864 3564 
Group02_23.txt
1447 
Group02_24.txt
262 1486 
Group02_25.txt
389 995 
Group02_26.txt
51 190 
Group02_28.txt
1150 1955 
Group02_29.txt
461 710 
Group02_30.txt
1696 1830 3013 4032 4116 
Group02_31.txt
2514 
Group02_33.txt
875 904 1490 1499 
Group02_35.txt
223 367 651 717 
Group02_36.txt
427 533 552 1807 
Group02_37.txt
1366 
Group02_38.txt
2607 3479 
Group02_39.txt
1056 
Group02_40.txt
223 417 1127 1848 2111 2182 
Group02_41.txt
1057 1344 
Group02_43.txt
209 265 602 1070 1362 
Group02_44.txt
178 913 
Group02_45.txt
1599 
Group02_46.txt
189 1379 1760 1861 1892 2211 2348 
Group02_47.txt
1439 
Group02_48.txt
304 587 1469 1666 1959 2582 2649 2920 
Group02_49.txt
2504 
Group02_50.txt
959 974 
Group03_02.txt
57 
Group03_03.txt
8 405 
Group03_04.txt
309 757 1526 2069 
Group03_05.txt
9 192 381 581 631 1022 
Group03_06.txt
1075 2566 
Group03_07.txt
39 
Group03_08.txt
70 351 813 
Group03_09.txt
824 
Group03_10.txt
1006 
Group03_11.txt
559 
Group03_12.txt
207 
Group03_13.txt
941 
Group03_14.txt
779 
Group03_18.txt
277 309 325 387 
Group03_19.txt
63 
Group03_20.txt
701 818 
Group03_21.txt
664 
Group03_22.txt
931 
Group03_23.txt
589 
Group03_24.txt
917 1429 1652 
Group03_25.txt
395 
Group03_26.txt
256 575 886 
Group03_27.txt
874 
Group03_28.txt
821 
Group03_29.txt
654 
Group03_30.txt
980 1415 
Group03_31.txt
143 228 324 373 681 1962 2022 2159 2671 
Group03_32.txt
20 748 
Group03_34.txt
497 1829 
Group03_35.txt
41 271 460 903 1320 1347 
Group03_36.txt
609 1322 
Group03_37.txt
413 1083 1574 1941 2082 
Group03_38.txt
340 820 
Group03_39.txt
731 
Group03_41.txt
317 
Group03_42.txt
644 
Group03_43.txt
177 191 571 
Group03_44.txt
1081 1361 
Group03_45.txt
443 
Group03_46.txt
183 
Group03_47.txt
52 116 680 
Group03_50.txt
132 387 428 686 1179 
Group04_02.txt
400 
Group04_03.txt
121 
Group04_07.txt
845 1074 1096 
Group04_09.txt
141 
Group04_13.txt
188 
Group04_14.txt
56 261 
Group04_15.txt
196 333 353 429 656 761 1058 
Group04_16.txt
114 
Group04_17.txt
393 
Group04_18.txt
42 274 
Group04_21.txt
965 
Group04_22.txt
324 
Group04_23.txt
280 643 665 708 
Group04_24.txt
44 
Group04_26.txt
121 
Group04_27.txt
321 577 738 787 
Group04_31.txt
11 241 
Group04_33.txt
29 
Group04_34.txt
693 
Group04_35.txt
290 
Group04_37.txt
486 
Group04_39.txt
91 282 439 733 807 844 
Group04_40.txt
126 273 476 
Group04_41.txt
53 197 436 520 
Group04_43.txt
185 582 
Group04_44.txt
244 436 650 701 
Group04_45.txt
107 390 490 
Group04_46.txt
293 1024 
Group04_48.txt
317 
Group04_49.txt
227 
Group04_50.txt
333 360 716 
Group05_03.txt
55 155 
Group05_06.txt
580 887 
Group05_08.txt
76 102 
Group05_10.txt
352 
Group05_13.txt
34 
Group05_14.txt
534 
Group05_17.txt
230 642 
Group05_18.txt
458 662 
Group05_20.txt
116 201 1043 
Group05_21.txt
862 
Group05_23.txt
219 859 
Group05_26.txt
513 
Group05_27.txt
200 
Group05_28.txt
413 
Group05_31.txt
40 
Group05_40.txt
41 465 
Group05_41.txt
374 
Group05_43.txt
211 236 443 
Group05_44.txt
782 
Group05_46.txt
108 
Group05_48.txt
289 
Group05_49.txt
23 685 
Group06_03.txt
207 
Group06_05.txt
311 572 
Group06_08.txt
279 
Group06_13.txt
36 
Group06_14.txt
300 
Group06_16.txt
1106 
Group06_19.txt
610 
Group06_20.txt
636 
Group06_21.txt
415 
Group06_22.txt
618 
Group06_23.txt
43 103 612 912 
Group06_29.txt
227 
Group06_33.txt
176 
Group06_40.txt
159 
Group06_48.txt
297 
Group06_49.txt
433 
Group06_50.txt
19 154 
Group07_01.txt
104 
Group07_02.txt
576 687 
Group07_03.txt
93 131 150 311 702 821 1747 1755 2797 
Group07_04.txt
50 205 707 
Group07_05.txt
272 281 520 614 706 780 933 
Group07_06.txt
402 459 665 796 
Group07_07.txt
678 1120 1401 
Group07_08.txt
115 138 274 470 508 
Group07_10.txt
170 
Group07_11.txt
285 556 566 
Group07_12.txt
719 
Group07_14.txt
459 507 
Group07_17.txt
73 
Group07_18.txt
212 232 348 359 386 817 862 1038 1152 1166 1263 
Group07_19.txt
347 427 958 968 
Group07_20.txt
150 
Group07_21.txt
635 761 
Group07_23.txt
72 190 
Group07_24.txt
117 130 144 498 
Group07_25.txt
36 
Group07_26.txt
137 158 384 497 530 574 586 594 605 706 
Group07_28.txt
70 287 540 
Group07_31.txt
7 571 786 836 865 883 1353 1726 1983 
Group07_32.txt
401 404 447 
Group07_33.txt
173 192 408 707 711 
Group07_34.txt
161 247 653 675 
Group07_35.txt
127 417 561 
Group07_36.txt
376 469 1238 
Group07_37.txt
543 696 746 900 1185 1646 
Group07_38.txt
168 622 930 
Group07_39.txt
296 494 
Group07_40.txt
309 423 552 
Group07_41.txt
278 
Group07_42.txt
68 191 694 700 735 
Group07_43.txt
190 
Group07_44.txt
309 584 827 
Group07_45.txt
272 535 
Group07_46.txt
34 226 268 308 471 549 771 
Group07_47.txt
406 475 507 513 610 641 
Group07_48.txt
442 570 578 643 
Group07_49.txt
285 471 2156 2185 2459 2570 2665 2676 
Group07_50.txt
450 636 
Group08_04.txt
760 
Group08_06.txt
1092 
Group08_08.txt
171 
Group08_11.txt
719 790 
Group08_12.txt
241 273 
Group08_16.txt
379 1051 
Group08_17.txt
531 789 
Group08_18.txt
443 517 538 544 630 
Group08_20.txt
728 863 980 1084 
Group08_23.txt
761 
Group08_25.txt
708 1227 
Group08_27.txt
134 407 
Group08_28.txt
227 334 
Group08_29.txt
151 936 1067 
Group08_30.txt
209 331 475 646 705 1523 
Group08_31.txt
767 
Group08_33.txt
167 
Group08_39.txt
440 
Group08_40.txt
265 
Group08_42.txt
186 
Group08_43.txt
585 630 
Group09_01.txt
491 590 
Group09_03.txt
300 552 
Group09_04.txt
51 186 
Group09_05.txt
838 
Group09_09.txt
346 
Group09_13.txt
149 
Group09_14.txt
177 833 
Group09_17.txt
650 
Group09_18.txt
563 
Group09_22.txt
59 273 
Group09_25.txt
484 
Group09_26.txt
251 385 415 970 1292 
Group09_27.txt
350 
Group09_28.txt
293 
Group09_29.txt
370 576 
Group09_30.txt
105 242 
Group09_36.txt
95 549 
Group09_37.txt
31 1036 
Group09_39.txt
504 
Group09_40.txt
39 
Group09_45.txt
468 688 
Group09_48.txt
754 
Group09_49.txt
864 
Group10_01.txt
2 399 
Group10_02.txt
295 
Group10_05.txt
141 
Group10_06.txt
9 351 581 
Group10_07.txt
439 
Group10_08.txt
409 578 
Group10_11.txt
569 
Group10_13.txt
290 410 413 490 501 
Group10_14.txt
299 543 
Group10_16.txt
488 986 
Group10_17.txt
688 740 
Group10_18.txt
629 803 
Group10_19.txt
59 416 
Group10_20.txt
583 
Group10_21.txt
31 124 237 582 
Group10_22.txt
451 
Group10_24.txt
172 192 734 898 
Group10_26.txt
295 
Group10_27.txt
491 644 
Group10_28.txt
90 840 920 1107 
Group10_29.txt
180 
Group10_30.txt
154 
Group10_32.txt
247 
Group10_35.txt
52 700 736 
Group10_36.txt
15 
Group10_37.txt
74 140 289 307 558 
Group10_40.txt
278 
Group10_41.txt
441 489 
Group10_43.txt
865 1001 
Group10_44.txt
685 
Group10_45.txt
455 514 
Group10_50.txt
462 
Group11-02.txt
139 180 585 
Group11-03.txt
256 423 431 444 756 
Group11-04.txt
137 265 
Group11-05.txt
1352 2263 2342 
Group11-07.txt
486 
Group11-11.txt
183 
Group11-14.txt
90 677 888 1211 
Group11-15.txt
1188 1252 2474 
Group11-16.txt
388 647 1209 1794 1927 2119 2145 
Group11-17.txt
753 
Group11-18.txt
586 637 
Group11-20.txt
1169 
Group11-21.txt
320 597 655 772 844 
Group11-24.txt
52 224 345 1121 1303 1446 1568 1602 
Group11-25.txt
91 583 
Group11-27.txt
128 
Group11-31.txt
341 
Group11-37.txt
662 
Group11-39.txt
218 541 582 
Group11-40.txt
171 
Group11-44.txt
114 452 667 
Group11-45.txt
343 482 674 677 889 1192 1328 
Group11-46.txt
108 118 602 1271 
Group11-47.txt
870 
Group11-49.txt
15 
Group11-50.txt
124 998 
Group12_01.txt
625 773 
Group12_02.txt
878 1369 1847 1979 
Group12_03.txt
745 1033 
Group12_04.txt
175 1272 
Group12_05.txt
127 451 506 
Group12_06.txt
289 347 721 
Group12_07.txt
5 98 378 961 1232 
Group12_08.txt
263 417 426 561 606 
Group12_09.txt
105 135 143 282 
Group12_10.txt
350 693 
Group12_11.txt
326 356 585 755 
Group12_12.txt
326 356 585 755 
Group12_13.txt
137 648 885 1347 
Group12_14.txt
840 1033 
Group12_18.txt
434 446 468 
Group12_19.txt
411 769 1131 1172 1218 1233 1263 
Group12_20.txt
16 120 241 311 
Group12_22.txt
436 540 
Group12_26.txt
236 604 
Group12_27.txt
220 392 459 475 
Group12_30.txt
449 
Group12_32.txt
154 357 
Group12_33.txt
10 24 126 270 345 444 
Group12_35.txt
406 470 713 
Group12_36.txt
492 
Group12_38.txt
350 661 
Group12_41.txt
713 
Group12_43.txt
795 
Group12_48.txt
150 
Group12_49.txt
411 1084 1640 2714 
Group13_02.txt
31 81 408 517 541 868 1159 1927 1964 2039 2329 2405 
Group13_04.txt
1119 
Group13_05.txt
119 234 866 1395 1730 1927 2137 
Group13_06.txt
117 241 270 295 347 513 672 1023 1039 2258 2510 
Group13_07.txt
99 202 480 485 
Group13_08.txt
588 
Group13_09.txt
46 454 854 
Group13_10.txt
607 
Group13_12.txt
551 619 
Group13_13.txt
1 8 
Group13_14.txt
676 
Group13_17.txt
354 
Group13_19.txt
2 
Group13_21.txt
150 161 483 855 1291 1869 
Group13_22.txt
2563 3240 3399 3426 5002 5184 6380 7285 7354 7609 9101 9378 11305 13082 14602 14620 14784 14832 15103 16479 16521 
Group13_23.txt
1506 1617 1657 1764 2826 3019 3728 
Group13_24.txt
28 217 1023 1042 1472 2845 4137 
Group13_25.txt
719 2572 
Group13_26.txt
1178 2829 2894 2994 4226 4679 4861 7507 7632 8027 8553 
Group13_27.txt
1336 1623 1902 
Group13_28.txt
277 428 450 1075 1673 1682 3219 
Group13_29.txt
1226 1794 1809 2137 2257 2459 5414 
Group13_30.txt
15 1020 1450 1536 1574 1696 1890 3541 3998 
Group13_32.txt
3 149 589 628 695 742 1055 1329 
Group13_33.txt
599 755 1670 1781 2084 
Group13_35.txt
715 
Group13_36.txt
41 1048 1189 1236 
Group13_37.txt
103 918 989 1674 
Group13_38.txt
277 450 888 954 1360 
Group13_39.txt
1394 1517 1677 1881 2089 
Group13_40.txt
199 251 640 
Group13_41.txt
200 306 728 1310 
Group13_42.txt
483 667 
Group13_44.txt
324 453 618 683 873 880 2000 2083 2460 3272 
Group13_45.txt
92 641 1646 
Group13_46.txt
81 925 1544 1811 1897 2080 2315 
Group13_47.txt
357 433 893 
Group13_48.txt
333 1208 1474 2656 2671 
Group13_49.txt
1664 
Group13_50.txt
318 691 
Group14_02.txt
536 
Group14_03.txt
532 
Group14_05.txt
154 
Group14_06.txt
85 
Group14_10.txt
51 299 346 361 
Group14_11.txt
100 
Group14_12.txt
106 
Group14_13.txt
56 71 
Group14_14.txt
144 169 
Group14_15.txt
102 497 
Group14_17.txt
467 
Group14_18.txt
119 
Group14_19.txt
827 
Group14_22.txt
451 
Group14_23.txt
205 
Group14_25.txt
276 596 
Group14_28.txt
403 805 923 
Group14_30.txt
321 775 882 
Group14_31.txt
380 650 853 
Group14_32.txt
286 
Group14_33.txt
645 
Group14_35.txt
67 431 589 859 1049 
Group14_36.txt
335 
Group14_38.txt
24 211 527 604 
Group14_39.txt
330 462 628 
Group14_40.txt
106 175 875 
Group14_41.txt
146 293 572 
Group14_42.txt
201 302 471 
Group14_43.txt
339 424 593 612 
Group14_44.txt
486 679 766 840 
Group14_45.txt
75 
Group14_46.txt
62 480 
Group14_47.txt
631 750 
Group14_49.txt
124 
