Group01_06.txt
772 788 
Group01_07.txt
339 
Group02_18.txt
1688 1704 1735 
Group02_26.txt
623 
Group02_30.txt
3793 3822 
Group02_31.txt
2741 2846 
Group02_32.txt
1981 2221 
Group02_33.txt
145 2582 2593 
Group02_36.txt
1380 1388 1390 1776 1779 
Group02_38.txt
2877 2881 2889 
Group02_39.txt
1425 1427 1444 
Group02_41.txt
1403 
Group02_47.txt
774 865 880 977 
Group02_48.txt
827 868 2363 
Group02_49.txt
1937 2181 2192 2225 2236 2274 2329 2341 2345 2360 2366 2374 2380 2864 
Group04_09.txt
286 
Group04_41.txt
155 
Group06_19.txt
47 
Group07_24.txt
1582 
Group07_27.txt
200 338 573 
Group07_49.txt
1341 1386 
Group08_35.txt
244 
Group10_08.txt
583 615 634 670 
Group12_22.txt
602 
Group12_48.txt
185 
Group13_09.txt
50 625 672 
Group13_22.txt
3096 
Group13_49.txt
62 74 679 
