Group03_31.txt
2088 
Group05_04.txt
468 612 
Group05_25.txt
56 
Group05_26.txt
486 
Group06_01.txt
231 
Group13_08.txt
405 431 494 
Group13_22.txt
717 6513 6724 6954 8099 8852 10873 13031 
Group13_24.txt
3938 
Group13_26.txt
602 947 1151 1205 1276 1319 1452 1509 1550 1639 2047 2121 2439 3084 3153 3698 3797 3817 4104 4429 4464 4498 6167 6304 6782 6896 6931 6961 7203 7356 7387 7621 7830 8050 8095 8412 8445 8984 9568 
Group13_27.txt
446 465 1699 2286 2308 2532 2634 2685 3415 
Group13_29.txt
507 580 
Group13_30.txt
3176 3214 
Group13_42.txt
625 
