Group03_26.txt
456 
Group04_01.txt
548 
Group05_04.txt
82 629 
Group05_05.txt
460 
Group05_09.txt
911 
Group05_13.txt
235 
Group05_14.txt
249 618 
Group05_21.txt
53 154 476 
Group05_41.txt
165 
Group05_49.txt
105 389 
Group07_16.txt
127 
Group11-06.txt
183 
Group11-31.txt
334 409 
Group11-33.txt
537 
Group13_08.txt
168 171 285 319 
Group13_09.txt
217 
Group13_22.txt
7926 8635 8707 9496 12015 12148 12384 12469 14222 16132 
Group13_24.txt
5036 
Group13_25.txt
315 
Group13_26.txt
2157 3715 4061 4242 4293 6038 6072 6137 6384 6474 6844 7250 7296 8296 8324 9396 
Group13_27.txt
2123 2222 2623 3488 
Group13_28.txt
2046 
Group13_30.txt
140 1681 2801 2969 3237 
Group13_40.txt
132 
Group14_04.txt
219 
