Group01_03.txt
348 
Group01_37.txt
131 
Group02_20.txt
2988 3056 
Group02_22.txt
1955 1961 1972 
Group02_24.txt
408 882 
Group02_27.txt
1449 
Group02_29.txt
1169 
Group02_31.txt
1286 1360 1979 2039 2079 2203 
Group02_32.txt
887 
Group02_34.txt
349 
Group02_38.txt
421 3379 3411 3444 3462 
Group02_46.txt
989 998 1006 1027 1091 1214 
Group02_48.txt
97 105 202 277 581 661 1166 1229 1241 1257 1268 1283 1300 1337 1451 1458 1550 2190 2420 2875 2886 2939 2941 2947 
Group02_49.txt
921 1228 1255 2246 2286 2309 
Group02_50.txt
1053 
Group03_29.txt
638 
Group03_42.txt
628 
Group06_18.txt
552 
Group06_26.txt
122 
Group06_32.txt
715 
Group06_35.txt
426 
Group06_40.txt
476 
Group07_48.txt
190 
Group08_25.txt
871 
Group09_31.txt
182 
Group09_35.txt
72 
Group09_39.txt
406 
Group10_37.txt
77 560 
Group12_02.txt
1028 
Group12_19.txt
1144 
Group13_22.txt
8175 13201 13217 
Group14_09.txt
139 
Group14_50.txt
602 
