Group01_01.txt
27 61 190 306 501 512 538 555 583 600 
Group01_02.txt
336 
Group01_10.txt
632 
Group01_14.txt
67 
Group01_32.txt
498 
Group01_46.txt
507 
Group01_48.txt
166 334 356 381 
Group01_50.txt
171 
Group02_03.txt
506 526 
Group02_06.txt
319 
Group02_10.txt
288 
Group02_11.txt
1 864 
Group02_16.txt
544 
Group02_27.txt
1617 
Group02_30.txt
166 1388 
Group02_34.txt
87 
Group02_36.txt
93 
Group02_37.txt
7 21 85 
Group02_48.txt
1383 
Group03_03.txt
335 446 521 591 662 676 771 779 783 929 956 1070 1297 
Group03_04.txt
201 285 462 562 708 
Group03_05.txt
261 
Group03_07.txt
620 717 763 1188 2644 
Group03_09.txt
1042 
Group03_11.txt
254 375 
Group03_20.txt
535 
Group03_22.txt
717 
Group03_23.txt
33 56 196 316 712 715 741 
Group03_24.txt
209 1823 
Group03_25.txt
370 
Group03_31.txt
2395 2461 2817 2825 
Group03_34.txt
2386 2642 
Group03_38.txt
93 
Group03_45.txt
200 
Group03_48.txt
443 922 
Group03_50.txt
320 
Group04_07.txt
685 
Group04_14.txt
476 
Group04_25.txt
158 438 444 
Group04_32.txt
120 356 574 808 
Group04_41.txt
52 84 
Group04_44.txt
301 325 378 
Group04_46.txt
595 668 790 
Group05_12.txt
81 
Group05_13.txt
720 
Group05_23.txt
44 
Group05_37.txt
53 
Group06_04.txt
29 
Group06_05.txt
155 
Group06_22.txt
59 
Group06_23.txt
57 793 809 
Group06_27.txt
474 
Group07_01.txt
568 
Group07_03.txt
2 294 538 575 708 795 1172 1231 1473 1578 2131 2244 
Group07_05.txt
13 143 227 237 244 287 640 
Group07_06.txt
247 302 333 664 
Group07_07.txt
297 845 
Group07_12.txt
241 630 998 
Group07_13.txt
36 70 558 
Group07_14.txt
488 
Group07_18.txt
653 679 
Group07_19.txt
76 203 
Group07_26.txt
190 298 
Group07_30.txt
297 546 817 
Group07_32.txt
235 307 473 
Group07_34.txt
10 114 
Group07_36.txt
1391 
Group07_37.txt
527 899 962 
Group07_38.txt
527 
Group07_39.txt
325 346 353 625 
Group07_40.txt
446 503 563 702 715 738 
Group07_41.txt
596 
Group07_42.txt
71 429 573 
Group07_43.txt
55 162 
Group07_44.txt
77 344 484 535 573 621 810 
Group07_46.txt
5 30 240 376 
Group07_47.txt
50 59 110 
Group07_49.txt
16 115 453 653 1118 
Group07_50.txt
216 
Group08_14.txt
339 
Group08_22.txt
880 892 
Group08_30.txt
1576 1607 1615 
Group09_03.txt
10 294 338 466 470 512 571 
Group09_07.txt
176 669 
Group09_09.txt
579 
Group09_10.txt
8 29 88 117 142 171 194 265 378 483 563 615 669 687 726 731 
Group09_17.txt
181 
Group09_22.txt
490 
Group09_26.txt
220 966 982 1112 
Group09_27.txt
71 415 
Group09_32.txt
311 490 519 
Group09_38.txt
534 
Group09_46.txt
553 
Group10_05.txt
144 954 
Group10_10.txt
431 
Group10_17.txt
454 652 
Group10_21.txt
648 
Group10_24.txt
671 719 757 
Group10_29.txt
698 1006 
Group10_33.txt
543 
Group10_35.txt
1201 1323 1339 1369 
Group10_43.txt
592 
Group10_44.txt
269 
Group10_47.txt
461 490 
Group10_50.txt
372 
Group11-01.txt
539 
Group11-05.txt
216 1105 
Group11-10.txt
8 90 257 
Group11-12.txt
478 
Group11-15.txt
1247 1566 2317 
Group11-16.txt
1082 1344 1872 1917 
Group11-17.txt
74 
Group11-18.txt
280 
Group11-19.txt
579 
Group11-20.txt
203 
Group11-22.txt
639 
Group11-24.txt
2279 
Group11-39.txt
54 66 
Group11-40.txt
9 268 381 549 
Group11-45.txt
675 
Group11-46.txt
189 468 900 
Group12_01.txt
580 728 1060 1230 1313 
Group12_04.txt
1317 2581 2861 
Group12_06.txt
833 
Group12_07.txt
457 998 
Group12_09.txt
257 
Group12_11.txt
157 717 
Group12_12.txt
157 717 
Group12_13.txt
1607 
Group12_14.txt
309 
Group12_18.txt
214 372 
Group12_19.txt
650 1082 1324 1341 1373 
Group12_21.txt
8 141 577 
Group12_30.txt
600 
Group12_35.txt
72 177 
Group12_38.txt
23 115 324 608 
Group12_42.txt
22 
Group12_49.txt
161 1348 
Group13_03.txt
429 684 
Group13_05.txt
1746 1767 1796 
Group13_06.txt
663 1121 1148 1752 
Group13_09.txt
55 627 674 720 1912 
Group13_13.txt
157 177 
Group13_21.txt
1070 1088 1418 
Group13_22.txt
3880 5299 5886 8491 8498 9096 10277 10458 11198 13556 13763 15293 
Group13_23.txt
2105 2436 2906 2958 3287 
Group13_24.txt
4372 
Group13_25.txt
1554 2538 
Group13_26.txt
5272 5831 5854 9929 10126 10189 
Group13_28.txt
891 1842 1890 1946 
Group13_30.txt
1266 
Group13_33.txt
8 30 622 903 1011 1029 1061 1079 2058 
Group13_35.txt
284 367 378 582 869 909 1168 1451 
Group13_36.txt
1042 
Group13_37.txt
9 196 333 909 977 1066 1119 1295 1449 1503 1646 
Group13_40.txt
250 333 475 
Group13_41.txt
668 696 713 754 876 1441 
Group13_43.txt
139 1032 1175 1668 
Group13_44.txt
80 
Group13_45.txt
398 946 
Group13_47.txt
219 
Group13_48.txt
220 454 2121 2196 
Group13_49.txt
219 588 796 834 1025 1035 1630 1823 
Group14_08.txt
401 
Group14_17.txt
402 
Group14_28.txt
1019 
Group14_32.txt
198 
Group14_37.txt
268 
Group14_38.txt
47 
Group14_39.txt
235 459 
Group14_41.txt
80 
