Group01_01.txt
570 
Group01_03.txt
456 763 913 1171 1181 
Group01_05.txt
58 144 281 
Group01_06.txt
10 395 594 1039 1064 
Group01_08.txt
25 274 374 487 549 704 761 980 
Group01_09.txt
30 494 
Group01_10.txt
389 576 
Group01_11.txt
775 
Group01_12.txt
73 121 154 514 
Group01_14.txt
23 84 358 543 
Group01_15.txt
101 267 277 405 411 
Group01_16.txt
253 276 
Group01_18.txt
27 
Group01_19.txt
56 69 
Group01_20.txt
156 249 328 
Group01_21.txt
527 
Group01_22.txt
26 147 
Group01_26.txt
684 
Group01_27.txt
7 
Group01_29.txt
73 281 563 592 671 
Group01_32.txt
791 1230 
Group01_35.txt
459 619 828 
Group01_38.txt
524 
Group01_40.txt
445 
Group01_42.txt
207 347 
Group01_43.txt
75 140 314 
Group01_44.txt
154 399 
Group01_47.txt
401 
Group01_48.txt
240 271 440 
Group01_50.txt
417 442 527 
Group02_01.txt
139 
Group02_02.txt
523 
Group02_03.txt
337 515 611 
Group02_04.txt
176 
Group02_08.txt
423 600 619 
Group02_10.txt
535 
Group02_13.txt
325 690 960 
Group02_14.txt
867 
Group02_15.txt
22 35 150 154 192 302 442 514 
Group02_16.txt
435 
Group02_17.txt
341 363 374 
Group02_18.txt
87 136 1580 1800 2220 3101 
Group02_20.txt
1026 
Group02_21.txt
721 888 963 1717 2319 
Group02_22.txt
211 789 801 957 1146 1443 1891 1905 1943 2162 2762 
Group02_24.txt
263 563 
Group02_25.txt
100 
Group02_26.txt
353 
Group02_27.txt
826 1126 1709 1817 
Group02_28.txt
422 584 
Group02_29.txt
422 
Group02_30.txt
571 637 661 832 1623 1985 2094 2154 3684 4230 4371 
Group02_31.txt
151 2073 2553 2995 
Group02_32.txt
2290 
Group02_34.txt
29 809 1128 
Group02_36.txt
315 
Group02_37.txt
294 
Group02_38.txt
763 1199 1210 2149 3163 3268 3334 
Group02_39.txt
497 846 1202 
Group02_43.txt
706 910 1009 
Group02_44.txt
211 247 265 587 802 992 1024 1032 1058 1194 1367 1595 
Group02_45.txt
969 
Group02_46.txt
915 2507 
Group02_49.txt
1778 4275 
Group02_50.txt
912 1837 1947 
Group03_01.txt
271 
Group03_02.txt
641 
Group03_03.txt
238 830 1211 
Group03_04.txt
217 747 984 1017 1032 1399 1527 1703 1914 1983 2075 2080 2092 2196 
Group03_05.txt
620 673 
Group03_06.txt
59 324 331 1119 1187 1454 1483 1802 2390 2741 
Group03_09.txt
31 525 850 1004 
Group03_10.txt
84 90 333 641 690 730 
Group03_11.txt
264 329 560 583 610 794 
Group03_12.txt
578 1194 
Group03_13.txt
568 1251 
Group03_14.txt
87 354 
Group03_15.txt
63 
Group03_16.txt
224 326 608 743 911 
Group03_17.txt
166 547 650 
Group03_18.txt
305 1007 1027 1157 
Group03_19.txt
62 688 812 
Group03_20.txt
175 718 797 
Group03_21.txt
1592 1735 1875 
Group03_22.txt
448 618 700 813 1027 1117 
Group03_23.txt
159 190 257 501 523 
Group03_24.txt
38 203 266 344 443 660 681 738 870 1080 1130 1275 1676 
Group03_25.txt
373 396 
Group03_26.txt
512 980 
Group03_27.txt
225 239 
Group03_28.txt
529 645 665 
Group03_29.txt
608 760 790 1736 1999 
Group03_30.txt
739 834 869 
Group03_31.txt
234 279 364 625 674 984 1093 1703 1727 1868 2188 2201 2491 2538 2597 2691 
Group03_32.txt
1052 1149 
Group03_33.txt
95 190 574 983 
Group03_34.txt
88 378 554 602 606 721 1300 1839 2270 2872 
Group03_35.txt
2 444 478 1006 1125 1178 
Group03_36.txt
490 507 714 736 
Group03_37.txt
507 1844 1933 
Group03_38.txt
1001 1006 
Group03_40.txt
74 169 553 962 
Group03_41.txt
190 
Group03_42.txt
598 750 780 
Group03_44.txt
391 1341 
Group03_45.txt
159 221 456 
Group03_47.txt
7 456 627 
Group03_48.txt
271 384 795 
Group03_49.txt
806 834 
Group03_50.txt
89 435 510 663 693 809 818 831 954 1077 1084 1160 1169 1234 1473 1480 
Group04_01.txt
333 854 
Group04_02.txt
531 
Group04_06.txt
97 
Group04_07.txt
880 
Group04_10.txt
462 
Group04_13.txt
409 420 682 1150 
Group04_15.txt
878 1069 1147 1168 1219 
Group04_16.txt
321 
Group04_17.txt
1002 
Group04_18.txt
406 551 
Group04_19.txt
62 196 290 435 
Group04_20.txt
225 232 353 
Group04_21.txt
606 966 
Group04_22.txt
237 361 
Group04_23.txt
285 
Group04_24.txt
82 730 
Group04_26.txt
479 
Group04_27.txt
141 167 286 572 823 846 
Group04_28.txt
127 
Group04_30.txt
32 113 684 
Group04_34.txt
778 
Group04_35.txt
107 112 
Group04_36.txt
436 
Group04_38.txt
629 637 
Group04_39.txt
246 302 504 
Group04_40.txt
554 
Group04_41.txt
139 464 764 800 833 848 1138 
Group04_42.txt
45 
Group04_44.txt
26 83 201 478 
Group04_45.txt
529 
Group04_46.txt
320 576 770 
Group04_47.txt
280 
Group04_49.txt
56 119 228 
Group04_50.txt
231 
Group05_03.txt
13 
Group05_04.txt
209 
Group05_05.txt
239 
Group05_06.txt
66 635 891 910 1054 
Group05_09.txt
444 597 673 681 947 
Group05_10.txt
119 221 307 
Group05_16.txt
183 582 
Group05_20.txt
434 
Group05_22.txt
231 484 
Group05_23.txt
442 703 792 1339 1374 
Group05_25.txt
216 873 939 1067 
Group05_29.txt
238 
Group05_30.txt
138 257 719 
Group05_44.txt
231 677 1055 
Group05_45.txt
172 196 486 566 654 713 968 1036 
Group05_47.txt
101 
Group06_02.txt
443 
Group06_03.txt
92 
Group06_04.txt
180 205 
Group06_05.txt
150 535 709 
Group06_06.txt
36 156 186 833 
Group06_08.txt
437 497 
Group06_10.txt
154 750 
Group06_11.txt
218 
Group06_12.txt
171 
Group06_13.txt
206 
Group06_14.txt
156 171 503 580 600 609 
Group06_16.txt
324 
Group06_17.txt
282 355 383 942 
Group06_18.txt
664 767 
Group06_19.txt
200 285 745 
Group06_20.txt
217 565 
Group06_21.txt
404 
Group06_22.txt
379 596 
Group06_23.txt
578 684 913 
Group06_26.txt
290 552 
Group06_27.txt
208 299 
Group06_28.txt
183 
Group06_30.txt
120 
Group06_31.txt
282 355 383 942 
Group06_33.txt
639 
Group06_34.txt
448 
Group06_35.txt
20 
Group06_36.txt
223 
Group06_40.txt
199 
Group06_42.txt
557 
Group06_43.txt
423 
Group06_45.txt
515 573 
Group06_46.txt
618 
Group06_47.txt
388 430 
Group07_01.txt
123 547 748 794 
Group07_03.txt
1174 1550 2075 2535 2577 
Group07_04.txt
348 587 648 783 807 1111 1212 
Group07_05.txt
311 892 
Group07_06.txt
138 780 
Group07_07.txt
229 449 
Group07_09.txt
374 
Group07_10.txt
283 393 
Group07_11.txt
206 282 546 551 567 577 580 583 589 631 
Group07_12.txt
654 874 1035 
Group07_13.txt
451 581 593 672 
Group07_15.txt
142 308 603 
Group07_16.txt
330 
Group07_17.txt
134 323 328 
Group07_18.txt
287 780 834 
Group07_19.txt
200 993 
Group07_20.txt
181 440 
Group07_21.txt
308 448 655 
Group07_22.txt
600 693 773 
Group07_23.txt
174 204 
Group07_24.txt
108 576 831 879 896 1272 1927 1978 2086 
Group07_26.txt
302 367 551 625 643 717 732 
Group07_27.txt
377 383 
Group07_28.txt
288 
Group07_30.txt
330 708 
Group07_31.txt
8 469 725 906 1213 1515 1702 1824 1883 
Group07_32.txt
162 409 425 451 463 
Group07_33.txt
604 615 656 672 679 
Group07_34.txt
166 237 420 447 535 
Group07_36.txt
226 621 683 701 994 1113 1207 1219 
Group07_37.txt
66 153 203 242 646 694 783 800 1160 1336 
Group07_38.txt
427 506 516 546 836 1027 1047 1518 1604 1662 1682 
Group07_39.txt
345 
Group07_40.txt
104 231 477 574 
Group07_41.txt
140 390 396 548 
Group07_42.txt
195 401 736 
Group07_44.txt
41 87 169 605 
Group07_45.txt
99 276 
Group07_46.txt
12 79 572 
Group07_47.txt
81 497 524 538 550 552 642 
Group07_48.txt
296 571 579 607 635 644 1166 
Group07_49.txt
472 736 2360 2460 
Group08_02.txt
428 564 
Group08_06.txt
728 
Group08_09.txt
318 602 
Group08_11.txt
740 
Group08_12.txt
839 
Group08_16.txt
937 942 947 1448 
Group08_17.txt
404 458 609 832 867 1166 
Group08_18.txt
371 631 
Group08_20.txt
534 670 841 
Group08_21.txt
151 236 314 500 
Group08_24.txt
872 
Group08_25.txt
321 598 1244 
Group08_27.txt
193 
Group08_28.txt
130 
Group08_29.txt
102 135 322 724 1544 
Group08_30.txt
993 1625 
Group08_39.txt
311 442 
Group08_44.txt
46 
Group08_47.txt
230 
Group09_01.txt
301 416 
Group09_03.txt
185 
Group09_05.txt
916 
Group09_06.txt
307 
Group09_07.txt
414 852 
Group09_10.txt
395 645 
Group09_14.txt
243 
Group09_15.txt
44 477 
Group09_18.txt
229 
Group09_20.txt
433 585 
Group09_21.txt
100 290 
Group09_27.txt
130 451 
Group09_28.txt
187 
Group09_29.txt
34 
Group09_30.txt
390 
Group09_32.txt
357 524 
Group09_33.txt
381 
Group09_34.txt
377 400 
Group09_35.txt
537 
Group09_37.txt
439 1071 1074 1078 1121 1128 
Group09_42.txt
581 
Group09_44.txt
22 86 127 496 503 
Group09_46.txt
268 
Group09_49.txt
873 
Group09_50.txt
119 
Group10_01.txt
672 
Group10_04.txt
20 266 276 
Group10_05.txt
459 935 
Group10_07.txt
529 572 
Group10_08.txt
97 108 
Group10_09.txt
782 934 
Group10_10.txt
879 
Group10_11.txt
501 1288 
Group10_12.txt
338 648 772 
Group10_13.txt
263 
Group10_14.txt
388 
Group10_17.txt
59 91 
Group10_19.txt
31 429 
Group10_20.txt
269 
Group10_21.txt
175 220 528 688 913 
Group10_22.txt
412 422 631 
Group10_24.txt
512 677 747 764 
Group10_25.txt
150 1025 
Group10_28.txt
568 585 
Group10_29.txt
788 947 
Group10_33.txt
37 314 561 728 1007 1169 1476 1485 
Group10_34.txt
203 309 
Group10_35.txt
231 287 609 623 1256 1349 
Group10_38.txt
455 594 960 
Group10_40.txt
259 
Group10_41.txt
257 
Group10_43.txt
345 594 
Group10_44.txt
121 276 510 690 718 
Group10_45.txt
215 538 552 
Group10_46.txt
250 435 
Group10_47.txt
45 
Group10_48.txt
512 
Group10_49.txt
525 
Group10_50.txt
36 
Group11-01.txt
277 
Group11-02.txt
301 
Group11-03.txt
715 
Group11-05.txt
502 810 997 1167 
Group11-08.txt
388 
Group11-12.txt
242 
Group11-13.txt
591 
Group11-14.txt
405 620 629 642 781 883 
Group11-15.txt
62 411 768 1073 1438 1577 1898 1973 2122 2218 
Group11-16.txt
131 292 400 854 911 943 988 1444 1830 1839 1862 1971 1980 2235 2332 2577 2786 2822 2865 3297 3328 
Group11-17.txt
196 680 790 
Group11-18.txt
252 281 299 310 378 
Group11-20.txt
1170 
Group11-21.txt
670 714 
Group11-22.txt
285 293 508 762 
Group11-23.txt
681 
Group11-24.txt
112 265 514 652 727 1558 1605 1641 2077 2237 2244 
Group11-25.txt
34 416 538 600 
Group11-31.txt
342 
Group11-33.txt
287 
Group11-38.txt
772 
Group11-39.txt
196 
Group11-40.txt
391 
Group11-44.txt
634 
Group11-45.txt
959 993 1309 
Group11-46.txt
445 1458 
Group11-47.txt
830 
Group11-50.txt
778 
Group12_01.txt
552 641 700 789 
Group12_02.txt
876 949 2033 
Group12_03.txt
267 576 
Group12_04.txt
1126 2324 
Group12_05.txt
235 241 403 
Group12_06.txt
787 959 
Group12_07.txt
295 312 1233 1242 
Group12_09.txt
25 31 153 160 977 984 990 1062 1073 
Group12_10.txt
615 765 861 
Group12_12.txt
895 
Group12_13.txt
759 1590 1869 
Group12_19.txt
932 1188 1222 1234 1240 
Group12_22.txt
528 666 
Group12_24.txt
540 759 
Group12_26.txt
571 594 1113 
Group12_28.txt
554 584 
Group12_38.txt
531 630 684 
Group12_39.txt
288 770 
Group12_41.txt
401 440 
Group12_42.txt
912 
Group12_43.txt
786 
Group12_49.txt
471 2614 
Group13_02.txt
510 528 542 607 624 887 939 1218 1546 1757 2007 2275 
Group13_04.txt
449 1124 1139 1240 
Group13_05.txt
22 34 637 665 674 888 901 1513 1580 
Group13_06.txt
132 370 385 407 479 487 581 592 698 745 925 1351 1379 1392 1616 1795 1964 2007 2068 2101 2248 2293 2304 2329 2333 2349 2501 2513 2596 2601 2638 2779 
Group13_07.txt
161 
Group13_09.txt
784 789 1321 1584 
Group13_12.txt
433 
Group13_14.txt
69 
Group13_16.txt
308 
Group13_17.txt
623 
Group13_19.txt
286 
Group13_20.txt
318 644 
Group13_21.txt
200 366 793 877 882 1763 
Group13_22.txt
1818 3002 3943 5763 7700 10083 10995 11310 14009 14817 16192 
Group13_23.txt
12 248 335 606 677 733 797 905 911 918 953 987 1003 1032 1151 1195 1215 1259 1351 1507 2021 2144 2245 3030 3109 3134 3543 3744 3790 
Group13_24.txt
1327 2854 2869 3493 3699 4168 4864 5067 5131 
Group13_25.txt
661 1226 1609 
Group13_26.txt
905 3293 4386 4454 4789 6088 6759 8326 8358 9148 10210 
Group13_27.txt
3011 
Group13_28.txt
318 2367 
Group13_30.txt
2667 3229 
Group13_32.txt
111 184 289 326 334 420 428 743 819 889 1049 1076 1353 
Group13_33.txt
863 866 1019 1044 1154 1360 1632 1671 1929 2146 
Group13_34.txt
378 
Group13_35.txt
55 160 308 435 657 687 957 1012 1170 
Group13_36.txt
16 173 313 409 519 602 614 676 689 746 911 927 993 1045 1054 1057 
Group13_37.txt
104 217 294 308 317 520 643 784 
Group13_38.txt
1547 1565 1585 
Group13_39.txt
415 1300 1470 
Group13_40.txt
460 736 759 774 908 996 
Group13_41.txt
417 729 1047 1104 1495 1570 1580 1598 
Group13_42.txt
193 522 681 957 1023 1033 1174 
Group13_43.txt
234 791 1615 1827 
Group13_44.txt
15 724 754 774 1304 1587 1659 1829 2318 2445 2468 2492 2585 2603 2618 3251 3281 3302 3533 3547 3565 3616 3788 3828 3844 
Group13_45.txt
701 920 1062 1548 
Group13_46.txt
707 1342 1903 1982 
Group13_47.txt
75 171 766 973 1000 1080 
Group13_48.txt
777 799 829 1106 1315 1356 1567 1622 1783 1894 2213 2526 2590 
Group13_49.txt
534 590 718 754 1401 1434 1665 1873 1969 2150 
Group13_50.txt
106 143 218 1026 1153 1187 
Group14_01.txt
3 65 169 205 235 291 346 458 
Group14_02.txt
484 
Group14_04.txt
135 428 
Group14_05.txt
207 259 313 
Group14_06.txt
158 166 505 
Group14_07.txt
440 
Group14_09.txt
424 
Group14_10.txt
274 444 
Group14_11.txt
156 229 
Group14_12.txt
61 232 384 
Group14_15.txt
270 
Group14_16.txt
22 91 
Group14_17.txt
368 
Group14_19.txt
2 19 232 254 343 
Group14_21.txt
632 
Group14_23.txt
154 
Group14_24.txt
129 544 
Group14_26.txt
375 455 667 689 
Group14_27.txt
727 808 816 
Group14_28.txt
685 750 
Group14_30.txt
328 546 549 688 
Group14_31.txt
538 652 699 858 864 882 
Group14_32.txt
7 14 671 677 779 
Group14_33.txt
326 457 669 1058 
Group14_34.txt
592 
Group14_35.txt
25 520 722 758 950 1384 
Group14_36.txt
472 482 
Group14_37.txt
312 655 846 
Group14_38.txt
183 498 880 
Group14_39.txt
439 555 703 974 
Group14_40.txt
254 889 982 1004 
Group14_41.txt
486 908 990 
Group14_42.txt
22 222 271 530 
Group14_43.txt
137 388 393 651 
Group14_44.txt
55 161 228 320 382 763 841 
Group14_46.txt
123 361 814 
Group14_47.txt
364 460 546 
Group14_48.txt
211 225 
Group14_49.txt
398 
Group14_50.txt
58 98 509 654 
