Group01_20.txt
587 
Group01_34.txt
69 
Group02_08.txt
56 
Group02_13.txt
1012 
Group03_12.txt
612 
Group03_13.txt
1436 
Group03_25.txt
448 702 
Group04_01.txt
0 11 19 164 505 663 838 
Group04_04.txt
534 
Group04_35.txt
489 
Group05_03.txt
20 107 
Group05_26.txt
790 
Group05_43.txt
525 
Group06_23.txt
34 456 527 547 624 726 803 
Group06_32.txt
691 
Group06_39.txt
8 90 266 
Group06_43.txt
397 
Group07_49.txt
1841 
Group08_21.txt
553 
Group09_04.txt
340 
Group09_10.txt
814 
Group09_47.txt
9 49 230 398 458 531 567 
Group10_47.txt
66 114 
Group10_49.txt
22 216 291 447 473 
Group11-10.txt
16 44 66 
Group11-17.txt
467 
Group11-19.txt
257 
Group11-24.txt
83 765 1780 
Group11-28.txt
53 184 517 592 723 
Group11-38.txt
191 227 292 600 785 814 
Group11-39.txt
189 402 462 
Group12_02.txt
344 1112 1256 1348 1617 1638 1887 
Group12_04.txt
52 71 161 227 388 924 930 943 1010 1072 1295 1324 1363 1406 1569 1677 1966 2271 2332 2591 2632 
Group12_05.txt
527 607 
Group12_06.txt
463 693 946 
Group12_07.txt
1191 
Group12_08.txt
157 208 552 627 
Group12_09.txt
166 191 211 225 753 
Group12_10.txt
384 452 
Group12_14.txt
551 574 
Group12_15.txt
545 
Group12_17.txt
427 
Group12_18.txt
484 
Group12_19.txt
390 514 
Group12_22.txt
687 
Group12_23.txt
156 343 361 
Group12_24.txt
806 
Group12_42.txt
290 691 1225 1340 
Group12_49.txt
2131 
Group13_22.txt
5 158 676 989 1565 1767 2433 2471 2565 2622 3971 5034 5603 5778 6030 6806 6953 7037 7781 8240 8868 9145 9211 9541 9886 10747 10761 10950 11392 11530 12728 12843 14562 
Group13_26.txt
4652 4735 8102 10018 
Group13_29.txt
163 321 751 855 1642 2505 2618 2670 2911 2975 2986 3012 4080 4336 4383 5060 
Group13_37.txt
2 80 123 178 216 234 304 458 490 594 688 767 807 817 882 1013 1025 1065 1146 1165 1258 1340 1368 1442 1553 1561 1613 1622 
Group13_41.txt
183 
Group14_02.txt
102 352 
Group14_19.txt
169 611 
Group14_20.txt
309 
Group14_30.txt
20 413 689 
Group14_32.txt
296 
