Group01_29.txt
42 816 
Group04_10.txt
718 
Group04_21.txt
11 50 596 818 
Group05_09.txt
233 
Group05_43.txt
500 
Group05_45.txt
125 
Group06_22.txt
7 14 45 141 284 325 421 627 
Group07_02.txt
370 
Group07_10.txt
646 
Group07_13.txt
202 
Group07_27.txt
75 
Group07_32.txt
52 357 
Group07_37.txt
691 
Group07_46.txt
742 
Group07_49.txt
170 773 
Group08_01.txt
11 122 379 725 
Group08_02.txt
10 36 43 59 92 133 422 493 558 
Group08_04.txt
61 114 131 172 201 285 485 553 611 
Group08_05.txt
40 76 124 
Group08_06.txt
149 296 669 923 
Group08_08.txt
68 101 134 153 203 228 
Group08_09.txt
78 121 164 180 363 370 726 
Group08_10.txt
47 87 94 110 221 478 824 
Group08_11.txt
43 78 129 289 
Group08_14.txt
38 70 90 122 231 
Group08_16.txt
219 469 887 1014 1219 1297 
Group08_19.txt
389 
Group08_20.txt
654 832 854 
Group08_22.txt
17 64 159 221 296 317 435 
Group08_23.txt
61 114 131 172 201 285 485 553 612 
Group09_07.txt
252 
Group09_37.txt
446 
Group10_24.txt
513 
Group10_43.txt
167 
Group11-16.txt
1044 
Group11-24.txt
807 
Group13_44.txt
282 
Group13_48.txt
1643 
Group13_49.txt
1994 
Group14_18.txt
5 17 248 393 396 
Group14_32.txt
298 
Group14_49.txt
273 
