Group01_04.txt
178 
Group01_24.txt
178 
Group01_42.txt
281 593 
Group02_06.txt
237 
Group02_18.txt
3025 
Group02_20.txt
604 611 680 1999 3494 
Group02_23.txt
262 272 285 298 
Group02_29.txt
163 
Group02_31.txt
390 392 1621 1922 1988 2266 2273 2369 
Group02_32.txt
912 2237 
Group02_33.txt
196 
Group02_35.txt
737 748 792 931 
Group02_45.txt
819 821 832 867 
Group02_48.txt
109 122 203 278 313 352 383 387 389 393 402 406 408 412 417 421 427 429 433 439 441 448 452 454 460 464 466 468 501 508 582 663 731 745 752 757 763 765 768 772 774 779 783 785 821 825 829 831 835 856 924 1087 1242 1269 2187 
Group02_49.txt
250 1003 2114 2339 2828 2926 2965 2971 3010 3012 3472 3752 3772 3791 
Group02_50.txt
760 773 1075 1181 1249 1276 1729 1761 1794 
Group03_06.txt
1022 
Group04_17.txt
872 
Group05_23.txt
1145 
Group05_42.txt
188 
Group08_15.txt
78 146 
Group09_02.txt
347 
Group09_25.txt
281 398 
Group09_35.txt
313 399 
Group10_32.txt
103 522 
Group10_33.txt
886 
Group10_40.txt
276 
Group10_42.txt
435 
Group10_43.txt
117 118 
Group10_48.txt
584 639 
Group11-02.txt
230 
Group11-04.txt
756 
Group11-06.txt
195 
Group11-10.txt
535 
Group11-11.txt
177 181 
Group11-19.txt
266 
Group11-24.txt
13 113 1406 1497 1522 1524 2551 
Group11-26.txt
25 186 244 248 
Group11-29.txt
13 54 56 115 117 378 
Group11-30.txt
39 
Group11-31.txt
387 
Group11-33.txt
14 84 165 177 280 325 332 338 
Group11-34.txt
364 
Group11-37.txt
261 267 385 
Group11-38.txt
283 512 535 548 838 
Group11-41.txt
11 28 110 271 371 
Group11-43.txt
12 47 63 236 243 313 351 
Group11-44.txt
16 269 
Group11-47.txt
571 593 665 
Group11-49.txt
21 313 580 
Group11-50.txt
524 
Group12_03.txt
893 916 962 
Group12_14.txt
885 
Group12_15.txt
71 309 
Group12_18.txt
538 
Group12_34.txt
366 
Group12_35.txt
38 
Group12_44.txt
42 
Group13_02.txt
508 521 549 2232 
Group13_06.txt
114 282 288 320 548 838 1114 1141 1507 1822 2255 
Group13_07.txt
160 
Group13_26.txt
7237 7276 7284 
Group13_27.txt
233 1423 1485 1555 1566 1621 1630 1671 1787 1824 1832 1924 2009 2054 2197 2497 2641 2679 3335 3393 
Group13_37.txt
555 
