Group02_07.txt
760 
Group03_03.txt
841 1016 
Group03_11.txt
216 279 659 
Group03_19.txt
420 548 
Group04_14.txt
7 17 142 151 382 414 425 443 500 522 557 665 
Group04_17.txt
61 260 646 
Group05_20.txt
860 
Group06_17.txt
26 95 
Group06_31.txt
26 95 
Group07_27.txt
79 179 199 336 367 373 577 
Group07_41.txt
112 
Group09_01.txt
56 285 
Group09_02.txt
439 
Group09_21.txt
110 280 401 724 
Group09_22.txt
1 23 145 158 163 396 428 439 457 514 537 572 680 
Group09_26.txt
427 735 
Group09_29.txt
2 15 129 148 290 361 
Group09_30.txt
626 641 
