Group02_02.txt
33 44 54 127 156 308 361 376 475 512 521 540 728 775 927 929 
Group02_15.txt
3 241 259 292 299 339 352 365 402 410 416 419 427 470 
Group02_16.txt
329 
Group02_49.txt
274 
Group03_04.txt
9 51 192 213 250 273 396 441 455 1059 1144 1192 1213 1322 1348 1359 1366 1390 1415 1421 1459 1475 1494 1602 1609 1641 1672 1723 1947 1955 2051 2064 2114 2120 2133 2190 2265 2308 
Group03_07.txt
435 
Group03_38.txt
880 
Group04_17.txt
430 499 633 
Group04_24.txt
12 
Group04_28.txt
74 
Group04_48.txt
68 
Group05_09.txt
937 
Group06_09.txt
436 
Group06_29.txt
156 
Group06_47.txt
316 333 
Group07_01.txt
708 
Group07_07.txt
221 
Group07_21.txt
477 
Group08_06.txt
631 
Group08_07.txt
139 176 
Group08_13.txt
595 
Group08_14.txt
202 
Group09_01.txt
49 257 454 
Group09_02.txt
405 430 
Group09_27.txt
4 259 264 354 375 
Group09_31.txt
196 
Group09_32.txt
47 123 
Group09_35.txt
408 
Group10_17.txt
888 
Group10_29.txt
1010 
Group10_30.txt
452 
Group10_32.txt
474 
Group10_36.txt
241 
Group10_44.txt
543 
Group11-03.txt
289 
Group11-04.txt
520 
Group11-07.txt
55 144 
Group11-16.txt
2605 
Group12_09.txt
492 
Group12_30.txt
256 
Group13_31.txt
159 209 
Group13_38.txt
631 
Group13_44.txt
448 613 
Group13_49.txt
2235 
Group14_39.txt
18 
