Group01_27.txt
266 
Group02_19.txt
34 
Group02_21.txt
1020 1041 2627 
Group02_29.txt
1268 
Group02_30.txt
674 793 873 4149 
Group02_34.txt
123 143 150 384 623 644 803 1073 1170 1284 1330 1364 1385 
Group02_41.txt
765 1633 
Group02_46.txt
2496 
Group02_48.txt
76 1535 1563 1659 1743 1873 1889 1913 1935 1956 1970 1995 2029 2063 2078 2087 2152 2253 2313 2325 2334 2370 2379 2410 2432 2439 2456 2488 2534 2545 2550 
Group03_18.txt
365 964 
Group03_20.txt
488 
Group03_27.txt
192 
Group03_33.txt
576 
Group03_40.txt
555 
Group04_13.txt
91 
Group05_27.txt
573 
Group06_34.txt
74 317 
Group06_40.txt
458 
Group07_07.txt
1418 
Group07_33.txt
308 
Group09_12.txt
223 269 
Group10_35.txt
433 1177 
Group11-21.txt
674 
Group11-28.txt
543 650 
Group11-39.txt
202 
Group11-47.txt
839 
Group11-48.txt
395 
Group11-49.txt
370 426 645 
Group12_13.txt
473 
Group12_26.txt
32 144 205 240 345 393 406 981 
Group12_29.txt
203 
Group12_43.txt
917 
Group13_24.txt
614 652 
Group14_15.txt
52 
Group14_29.txt
84 
Group14_39.txt
888 
Group14_46.txt
787 
