Group01_09.txt
296 
Group01_14.txt
101 
Group02_07.txt
591 
Group02_18.txt
2449 2471 2474 2619 
Group02_20.txt
3218 3232 3253 3317 3335 3353 3381 3401 3454 
Group02_26.txt
64 
Group02_27.txt
93 111 1713 
Group02_28.txt
898 1022 
Group02_29.txt
930 939 
Group02_30.txt
2669 2867 3072 3336 
Group02_31.txt
1651 2344 2420 2686 2722 
Group02_32.txt
720 2492 
Group02_33.txt
88 
Group02_35.txt
557 626 715 
Group02_38.txt
1663 1673 
Group02_41.txt
739 
Group02_45.txt
351 
Group02_46.txt
448 1220 
Group02_49.txt
0 112 256 298 643 709 853 1085 1896 2537 2574 2727 2846 2912 3066 3098 3123 3141 3187 3306 3542 3608 3879 3976 4103 4148 
Group03_33.txt
751 
Group03_40.txt
730 
Group05_02.txt
1083 
Group06_20.txt
732 
Group06_35.txt
72 
Group06_50.txt
319 
Group08_24.txt
1006 
Group09_01.txt
488 
Group09_45.txt
300 329 
Group11-09.txt
400 
Group11-30.txt
258 
Group12_26.txt
957 
Group12_28.txt
152 187 
Group14_05.txt
524 
