Group01_01.txt
422 
Group01_06.txt
339 436 494 752 776 
Group01_08.txt
705 827 851 
Group01_10.txt
436 
Group01_11.txt
836 
Group01_14.txt
247 453 638 
Group01_15.txt
321 365 
Group01_22.txt
252 
Group01_23.txt
586 
Group02_13.txt
118 1000 
Group02_21.txt
931 
Group03_04.txt
1225 
Group03_05.txt
281 
Group03_06.txt
1312 1860 2109 2339 2592 
Group03_07.txt
2596 
Group03_13.txt
42 1045 1095 
Group03_14.txt
681 
Group03_15.txt
556 
Group03_17.txt
857 
Group03_18.txt
724 
Group03_21.txt
656 1093 1130 
Group03_23.txt
763 
Group03_24.txt
111 241 246 473 546 564 568 656 771 866 894 932 1050 1101 1229 1273 1506 1540 1545 1775 1859 1950 
Group03_26.txt
100 1618 
Group03_27.txt
111 134 226 267 484 487 535 556 613 702 725 731 1130 1334 1667 1711 1915 
Group03_29.txt
852 951 972 990 1663 1716 
Group03_31.txt
105 1187 2735 
Group03_32.txt
693 1490 
Group03_34.txt
629 1550 1575 1611 1631 2824 
Group03_35.txt
101 189 407 490 586 826 1095 1197 
Group03_37.txt
303 
Group03_38.txt
107 993 
Group03_39.txt
676 
Group03_42.txt
842 944 965 983 1689 
Group03_43.txt
623 646 662 668 
Group03_47.txt
555 605 741 
Group03_48.txt
314 385 767 882 
Group03_49.txt
499 516 
Group03_50.txt
765 1205 
Group04_07.txt
203 
Group04_09.txt
107 548 
Group04_13.txt
1044 
Group04_21.txt
766 975 
Group04_22.txt
129 179 
Group04_23.txt
37 421 487 698 715 745 
Group04_27.txt
432 696 
Group04_39.txt
942 
Group05_02.txt
400 504 753 
Group05_04.txt
860 
Group05_13.txt
1203 
Group05_14.txt
770 
Group05_18.txt
943 
Group05_20.txt
638 
Group05_21.txt
321 
Group05_23.txt
312 501 612 618 793 843 1042 1452 
Group05_45.txt
170 211 234 866 884 1199 
Group05_46.txt
231 
Group06_04.txt
311 
Group06_17.txt
541 
Group06_19.txt
630 
Group06_22.txt
594 623 
Group06_31.txt
541 
Group07_02.txt
734 
Group07_03.txt
547 1033 1526 1554 1834 2175 2530 
Group07_05.txt
215 294 620 633 636 667 
Group07_07.txt
319 341 411 416 436 
Group07_09.txt
210 301 320 471 619 637 
Group07_10.txt
361 
Group07_11.txt
188 208 611 
Group07_14.txt
259 275 
Group07_15.txt
166 176 236 489 
Group07_16.txt
805 
Group07_17.txt
81 96 112 115 213 215 217 246 250 320 342 387 
Group07_19.txt
963 
Group07_20.txt
160 292 
Group07_23.txt
140 148 
Group07_24.txt
703 1299 
Group07_26.txt
153 674 708 
Group07_27.txt
478 564 
Group07_30.txt
935 
Group07_31.txt
723 1697 1705 1720 
Group07_32.txt
310 460 
Group07_35.txt
395 524 554 
Group07_36.txt
201 651 698 758 905 
Group07_38.txt
1353 1390 
Group07_39.txt
557 608 
Group07_40.txt
211 652 658 664 
Group07_41.txt
375 622 
Group07_42.txt
227 
Group07_44.txt
32 378 454 
Group07_46.txt
159 261 273 281 442 511 544 
Group07_47.txt
115 170 278 468 
Group07_49.txt
2153 2576 
Group07_50.txt
234 
Group08_04.txt
275 
Group08_06.txt
603 1083 
Group08_16.txt
934 
Group08_17.txt
1161 
Group08_21.txt
403 492 
Group08_23.txt
275 
Group08_25.txt
1337 
Group08_29.txt
921 
Group09_03.txt
272 528 
Group09_05.txt
875 
Group09_29.txt
49 58 
Group10_09.txt
72 381 
Group10_10.txt
567 
Group10_11.txt
471 
Group10_13.txt
248 272 489 656 
Group10_15.txt
105 118 455 
Group10_17.txt
1091 
Group10_21.txt
840 
Group10_24.txt
807 
Group10_27.txt
760 
Group10_30.txt
4 
Group10_40.txt
190 207 209 
Group10_43.txt
1114 
Group10_44.txt
169 
Group10_46.txt
272 282 290 303 319 
Group10_48.txt
389 
Group11-03.txt
33 244 
Group11-04.txt
560 
Group11-14.txt
281 
Group11-15.txt
19 362 452 521 891 1230 1643 1769 1839 1978 2062 2158 2194 2209 2305 2340 2354 
Group11-16.txt
174 178 544 824 1218 1524 1543 1621 2250 2795 2833 3202 
Group11-18.txt
153 
Group11-20.txt
1171 1335 
Group11-21.txt
167 177 826 898 900 
Group11-22.txt
12 176 884 
Group11-23.txt
350 558 563 
Group11-24.txt
859 863 879 901 1206 1221 1224 1276 1281 1963 2024 2053 2223 2320 
Group11-45.txt
607 1336 
Group11-46.txt
1277 
Group11-47.txt
271 
Group11-50.txt
115 
Group12_02.txt
1379 
Group12_04.txt
2070 
Group12_05.txt
366 
Group12_06.txt
249 272 539 
Group12_07.txt
485 
Group12_08.txt
490 
Group12_09.txt
381 704 821 1074 1104 
Group12_10.txt
213 341 711 
Group12_14.txt
620 1023 
Group12_16.txt
429 
Group12_18.txt
286 321 418 
Group12_19.txt
430 778 1110 1245 
Group12_21.txt
299 
Group12_22.txt
484 
Group12_24.txt
533 
Group12_26.txt
567 767 1080 1403 
Group12_27.txt
225 299 318 
Group12_36.txt
210 483 
Group12_41.txt
570 
Group12_42.txt
300 715 
Group12_49.txt
1445 1651 
Group13_02.txt
1103 1876 1925 1936 2167 
Group13_04.txt
426 
Group13_05.txt
282 373 396 909 1020 1297 1709 
Group13_06.txt
272 349 649 655 855 1109 1355 1918 2000 2043 2050 2279 2726 2754 
Group13_07.txt
242 
Group13_12.txt
129 
Group13_21.txt
696 730 
Group13_22.txt
3082 3154 3294 3382 3535 6385 7421 7703 8727 9655 11328 14708 14802 
Group13_23.txt
734 906 
Group13_25.txt
891 1152 1223 1236 2445 
Group13_26.txt
6109 
Group13_28.txt
2723 
Group13_30.txt
1282 
Group13_32.txt
136 438 527 550 734 885 1026 
Group13_33.txt
161 295 386 400 560 628 643 1096 1102 1189 1209 1233 1295 1333 1427 1759 1816 1837 1866 2042 2145 2171 
Group13_35.txt
390 1160 
Group13_36.txt
4 21 292 595 1132 1483 
Group13_38.txt
956 
Group13_39.txt
495 
Group13_41.txt
309 1271 1423 
Group13_44.txt
2312 2712 3029 3170 3177 3448 
Group13_48.txt
94 2506 
Group13_49.txt
1167 1170 1188 2040 
Group14_03.txt
459 487 
Group14_04.txt
274 401 404 
Group14_12.txt
385 
Group14_19.txt
26 
Group14_21.txt
62 
Group14_25.txt
262 
Group14_31.txt
855 871 
Group14_33.txt
86 551 691 796 
Group14_35.txt
910 948 1109 1119 1647 
Group14_39.txt
220 435 443 729 
Group14_40.txt
791 
Group14_46.txt
467 
Group14_48.txt
366 
Group14_49.txt
290 311 453 
