Group01_02.txt
115 
Group03_07.txt
370 443 
Group03_08.txt
176 486 676 701 744 
Group03_11.txt
52 
Group03_13.txt
2 1245 
Group03_22.txt
592 
Group03_25.txt
488 497 633 
Group03_26.txt
78 1041 1350 1366 
Group03_27.txt
1098 
Group03_28.txt
152 
Group03_46.txt
234 256 274 280 
Group04_08.txt
649 
Group04_10.txt
272 
Group04_11.txt
428 468 517 
Group04_22.txt
428 
Group04_32.txt
598 610 639 674 753 
Group04_36.txt
206 
Group04_38.txt
347 503 
Group04_50.txt
163 
Group05_13.txt
272 
Group05_20.txt
991 
Group05_24.txt
0 25 50 92 148 161 201 347 383 438 592 
Group05_28.txt
70 134 256 284 312 340 385 407 
Group05_45.txt
214 
Group06_08.txt
133 
Group06_21.txt
515 
Group07_12.txt
5 34 321 470 633 866 901 1146 
Group07_19.txt
597 
Group07_21.txt
467 491 
Group07_28.txt
352 361 
Group07_35.txt
433 
Group07_48.txt
322 
Group08_07.txt
164 
Group08_26.txt
1 19 
Group08_43.txt
392 
Group09_14.txt
164 761 
Group09_28.txt
307 
Group10_15.txt
71 
Group10_18.txt
487 600 
Group10_34.txt
259 
Group10_39.txt
573 
Group11-17.txt
609 
Group11-24.txt
759 
Group11-25.txt
311 
Group12_06.txt
431 799 
Group12_07.txt
665 
Group12_16.txt
32 57 162 231 243 377 406 492 
Group12_30.txt
586 
Group12_33.txt
249 
Group12_37.txt
302 
Group12_42.txt
1511 
Group12_47.txt
83 169 444 
Group13_01.txt
298 
Group13_06.txt
1197 2317 
Group13_07.txt
211 
Group13_22.txt
351 427 616 1713 4154 5181 8894 9256 10148 12223 12702 
Group13_23.txt
3 28 592 742 767 818 952 1054 1083 1133 1194 1348 1900 1914 2020 2037 2650 3108 3196 3406 3535 3851 
Group13_24.txt
1368 2052 2568 2711 2980 2993 3019 3035 3133 3979 5225 5285 
Group13_26.txt
8528 8547 8658 8857 9576 
Group13_27.txt
3496 
Group13_28.txt
2085 
Group13_32.txt
1023 
Group13_39.txt
1048 
Group13_41.txt
1344 1395 
Group13_42.txt
267 
Group13_43.txt
59 
Group13_44.txt
2795 3259 3462 3702 3705 3741 3756 
Group13_46.txt
1893 
Group13_47.txt
15 56 115 266 370 421 496 523 549 567 601 708 734 762 824 867 1128 1159 1397 1420 1630 1655 1678 
Group13_48.txt
1149 2378 
Group13_50.txt
428 
Group14_21.txt
356 
Group14_27.txt
88 439 
