Group01_42.txt
269 
Group02_06.txt
193 261 292 
Group02_21.txt
103 841 
Group03_09.txt
171 
Group03_50.txt
1320 
Group04_26.txt
749 
Group04_36.txt
724 
Group04_47.txt
473 
Group06_22.txt
121 552 
Group07_18.txt
925 1064 
Group07_43.txt
404 445 
Group07_44.txt
641 690 695 706 729 751 
Group07_48.txt
2 89 124 240 352 406 420 440 459 481 537 551 623 664 798 887 917 928 953 1000 1048 1104 1154 1161 
Group08_11.txt
380 
Group08_29.txt
826 
Group10_28.txt
81 519 
Group10_48.txt
644 
Group11-20.txt
624 
Group11-24.txt
1673 1683 1706 
Group12_08.txt
18 60 170 
Group12_11.txt
287 376 542 771 
Group12_12.txt
287 376 542 771 
Group13_22.txt
7682 10496 10706 
Group13_24.txt
2264 4410 4615 
Group13_27.txt
296 
Group13_35.txt
944 1117 
Group13_36.txt
524 1339 
Group13_44.txt
2905 2967 
