Group01_30.txt
93 289 460 693 733 
Group01_36.txt
391 
Group03_07.txt
439 2051 
Group03_11.txt
913 
Group03_44.txt
214 363 1072 
Group04_04.txt
178 226 
Group04_05.txt
42 216 265 
Group04_06.txt
199 325 760 
Group06_20.txt
654 
Group07_43.txt
240 
Group08_01.txt
354 
Group08_07.txt
185 253 274 
Group08_10.txt
453 
Group08_13.txt
459 808 
Group08_40.txt
411 458 
Group08_43.txt
223 298 397 
Group10_25.txt
371 459 710 798 1263 
Group10_33.txt
1228 
Group11-02.txt
1140 
Group11-05.txt
138 201 409 1313 1346 1367 1704 1957 2222 2265 
Group12_03.txt
470 
Group13_09.txt
216 
Group13_22.txt
6834 
Group13_24.txt
2316 
Group13_26.txt
2406 2444 
Group13_27.txt
97 437 445 464 500 516 557 615 765 887 1189 1698 1735 1749 1964 2122 2285 2307 2311 2438 2531 2589 2633 3093 3200 3323 3364 3395 
Group13_31.txt
218 438 766 
Group14_30.txt
25 219 938 
