Group01_04.txt
167 
Group01_10.txt
822 
Group01_12.txt
576 
Group01_13.txt
6 56 62 
Group01_20.txt
9 28 30 
Group01_23.txt
146 225 235 520 
Group01_24.txt
167 
Group01_32.txt
251 505 
Group01_33.txt
50 
Group01_35.txt
424 
Group01_36.txt
1 100 114 123 134 158 243 335 351 518 
Group01_37.txt
113 
Group01_39.txt
217 
Group01_41.txt
393 
Group01_43.txt
27 255 
Group01_44.txt
362 
Group01_46.txt
231 
Group02_07.txt
15 44 100 103 196 318 340 343 522 637 
Group02_09.txt
50 124 242 350 724 
Group02_10.txt
734 
Group02_18.txt
795 
Group02_20.txt
689 
Group02_40.txt
240 
Group03_04.txt
205 871 992 1369 
Group03_05.txt
189 500 
Group03_10.txt
631 720 723 
Group03_13.txt
507 1319 
Group03_14.txt
200 
Group03_16.txt
70 78 303 308 669 
Group03_28.txt
161 
Group03_30.txt
37 114 150 240 1183 1211 1223 1561 
Group03_37.txt
2025 
Group03_38.txt
785 
Group03_43.txt
78 85 390 
Group03_48.txt
203 491 505 
Group04_01.txt
275 
Group04_04.txt
258 
Group04_06.txt
579 
Group04_09.txt
353 
Group04_10.txt
337 1109 
Group04_14.txt
422 
Group04_15.txt
801 
Group04_17.txt
395 616 793 
Group04_21.txt
256 
Group04_22.txt
302 
Group04_25.txt
136 
Group04_26.txt
117 124 
Group04_33.txt
645 
Group04_43.txt
468 638 
Group04_48.txt
89 93 132 295 
Group04_49.txt
479 
Group05_02.txt
584 
Group05_03.txt
4 50 
Group05_04.txt
174 
Group05_07.txt
224 
Group05_09.txt
581 891 
Group05_10.txt
158 
Group05_14.txt
572 
Group05_16.txt
83 727 742 
Group05_18.txt
202 
Group05_20.txt
3 136 258 742 
Group05_22.txt
45 516 518 
Group05_30.txt
269 364 534 612 640 658 715 726 
Group05_32.txt
367 
Group05_33.txt
54 
Group05_48.txt
402 
Group05_49.txt
723 
Group06_02.txt
33 
Group06_03.txt
19 38 183 196 210 219 559 583 
Group06_17.txt
138 
Group06_18.txt
667 
Group06_24.txt
188 
Group06_26.txt
74 
Group06_31.txt
138 
Group06_32.txt
18 469 563 
Group07_03.txt
590 606 1096 1292 
Group07_04.txt
710 
Group07_05.txt
102 
Group07_10.txt
9 100 
Group07_23.txt
533 
Group07_24.txt
1037 1446 
Group07_29.txt
56 354 365 
Group07_30.txt
26 137 
Group07_50.txt
268 
Group08_01.txt
73 201 233 250 271 279 294 505 715 
Group08_09.txt
5 112 155 202 568 
Group08_10.txt
18 58 172 300 332 349 370 378 393 604 814 
Group08_11.txt
486 
Group08_12.txt
6 163 267 280 435 445 
Group08_15.txt
739 742 
Group08_16.txt
441 893 
Group08_22.txt
426 
Group08_25.txt
265 546 
Group08_32.txt
184 
Group08_33.txt
82 
Group08_34.txt
197 326 474 492 
Group08_36.txt
251 290 309 
Group08_37.txt
182 
Group08_38.txt
238 296 
Group08_40.txt
154 217 
Group08_42.txt
5 27 177 316 
Group08_43.txt
480 
Group08_45.txt
212 332 
Group08_49.txt
19 197 
Group08_50.txt
136 226 275 356 365 446 
Group09_01.txt
476 480 
Group09_03.txt
102 216 
Group09_07.txt
48 
Group09_21.txt
908 
Group09_22.txt
436 
Group09_32.txt
34 
Group09_33.txt
52 68 157 160 409 
Group09_34.txt
43 540 
Group09_35.txt
60 211 214 452 
Group09_36.txt
37 253 296 
Group09_37.txt
1 17 
Group09_38.txt
174 538 
Group10_01.txt
215 
Group10_05.txt
227 
Group10_10.txt
719 
Group10_16.txt
687 989 
Group10_20.txt
214 222 227 256 334 371 427 443 486 
Group10_21.txt
4 283 489 496 632 666 
Group10_22.txt
69 135 159 191 222 250 295 308 320 324 453 460 469 474 488 551 648 673 685 709 716 
Group10_23.txt
613 
Group10_29.txt
67 866 
Group10_30.txt
66 
Group10_33.txt
1037 
Group10_41.txt
5 16 
Group11-16.txt
243 
Group11-23.txt
505 
Group11-34.txt
125 
Group11-37.txt
761 856 
Group11-42.txt
249 
Group12_06.txt
1117 
Group12_08.txt
503 
Group12_13.txt
978 
Group12_15.txt
457 620 635 717 
Group12_37.txt
232 
Group12_44.txt
167 
Group12_49.txt
711 715 1100 
Group13_02.txt
364 
Group13_05.txt
99 114 
Group13_11.txt
131 211 279 290 
Group13_12.txt
24 158 410 
Group13_22.txt
4056 4326 5546 6302 6397 6399 6401 6508 6986 7009 7149 7292 7324 7519 8440 8604 12869 14169 14188 
Group13_23.txt
306 
Group13_24.txt
447 2933 3363 
Group13_26.txt
634 2736 3051 4210 5973 6906 6945 6965 7189 8185 8735 9912 
Group13_29.txt
166 272 325 388 824 918 952 1127 1487 1494 1711 1797 1801 1836 1941 2126 2233 2297 2334 2360 3229 3755 4846 4873 4927 4940 5148 5214 5376 5397 5417 5424 
Group13_30.txt
3271 
Group13_40.txt
307 
Group13_41.txt
1474 
Group13_43.txt
219 230 265 656 
Group13_47.txt
298 
Group13_49.txt
288 
Group14_02.txt
435 
Group14_09.txt
337 
Group14_10.txt
259 
Group14_13.txt
80 259 
Group14_29.txt
51 68 332 
Group14_30.txt
608 
Group14_32.txt
420 
