Group02_07.txt
116 510 657 759 
Group02_09.txt
90 300 
Group03_01.txt
92 
Group03_03.txt
454 458 737 
Group04_14.txt
253 
Group04_17.txt
59 855 
Group08_20.txt
201 
Group08_24.txt
43 87 228 266 752 767 779 
Group09_04.txt
21 
Group09_05.txt
41 80 217 591 912 
Group09_21.txt
4 30 145 271 537 851 938 1051 1064 1165 
Group09_22.txt
265 
Group09_23.txt
606 628 
Group09_24.txt
5 14 55 114 129 
Group09_26.txt
5 18 32 195 621 785 949 987 1199 
Group09_28.txt
32 139 167 340 
Group09_30.txt
610 
Group14_43.txt
4 15 98 184 492 580 649 663 
