Group01_01.txt
563 
Group01_03.txt
48 185 228 406 837 1070 
Group01_04.txt
132 303 
Group01_06.txt
32 133 461 755 1081 
Group01_07.txt
227 280 299 312 381 384 454 556 614 
Group01_08.txt
78 438 
Group01_09.txt
11 293 304 459 548 661 
Group01_10.txt
321 539 
Group01_11.txt
103 380 561 563 565 725 792 
Group01_12.txt
371 402 404 487 550 
Group01_14.txt
228 
Group01_15.txt
58 80 154 
Group01_17.txt
251 
Group01_19.txt
105 107 
Group01_21.txt
142 264 268 295 
Group01_23.txt
592 
Group01_24.txt
132 
Group01_25.txt
397 467 516 577 624 1057 1091 
Group01_26.txt
55 
Group01_27.txt
63 383 
Group01_28.txt
242 
Group01_29.txt
265 460 613 826 
Group01_30.txt
273 351 638 
Group01_31.txt
133 208 276 
Group01_32.txt
295 790 1162 1285 
Group01_33.txt
53 620 682 
Group01_34.txt
276 
Group01_35.txt
45 174 314 584 595 628 731 1139 1331 
Group01_36.txt
136 
Group01_37.txt
98 110 209 
Group01_38.txt
141 262 266 293 
Group01_39.txt
485 
Group01_40.txt
25 329 612 628 640 
Group01_42.txt
111 190 248 443 543 
Group01_43.txt
252 468 
Group01_45.txt
124 430 
Group01_46.txt
198 411 
Group01_47.txt
31 347 352 
Group01_48.txt
75 203 278 295 313 396 485 
Group01_49.txt
197 339 418 596 
Group02_01.txt
11 224 240 
Group02_02.txt
198 
Group02_03.txt
168 485 577 674 757 
Group02_04.txt
11 113 611 626 631 
Group02_06.txt
480 530 564 902 
Group02_07.txt
247 550 631 749 774 
Group02_08.txt
236 332 545 
Group02_09.txt
99 185 442 683 
Group02_10.txt
15 508 
Group02_11.txt
8 27 228 260 301 781 878 
Group02_12.txt
537 833 
Group02_13.txt
135 607 802 968 
Group02_14.txt
424 
Group02_15.txt
153 527 
Group02_16.txt
937 
Group02_17.txt
325 
Group02_18.txt
177 519 1579 2111 2351 2503 2644 2848 
Group02_19.txt
625 637 642 1418 1516 1758 1764 1815 
Group02_20.txt
1513 2101 2355 2446 2706 4112 
Group02_21.txt
978 1459 1649 1678 1764 2026 2091 2365 2569 2581 2709 
Group02_22.txt
46 738 760 842 1161 1188 1190 1242 1249 1399 2771 3003 3131 3333 3370 3395 3484 3709 
Group02_23.txt
142 784 1670 
Group02_24.txt
508 1492 
Group02_26.txt
86 
Group02_27.txt
198 1027 1103 1265 1269 1324 1404 1573 
Group02_28.txt
60 391 883 1103 1157 1167 1782 1868 1897 
Group02_29.txt
698 702 1239 1244 
Group02_30.txt
1014 1102 1154 1730 1984 2138 2734 2903 3245 3629 3916 4025 4141 4229 4439 
Group02_31.txt
1972 2592 
Group02_32.txt
56 249 704 1248 2194 2603 2642 2667 
Group02_33.txt
130 538 1284 1354 1404 1507 2141 2628 3363 3442 
Group02_34.txt
103 137 180 196 309 452 700 1127 
Group02_35.txt
274 303 670 
Group02_36.txt
765 812 825 1674 
Group02_37.txt
408 1091 
Group02_38.txt
269 326 820 1014 1188 1419 1453 1643 1659 1802 1838 2302 3054 3105 3125 3189 
Group02_39.txt
922 1051 1575 
Group02_40.txt
196 500 554 623 1442 2197 
Group02_41.txt
87 811 1596 
Group02_42.txt
351 
Group02_43.txt
197 355 550 625 669 1554 1556 1564 1566 
Group02_44.txt
1186 1388 1426 1433 1512 
Group02_45.txt
755 1878 1930 1942 
Group02_46.txt
21 168 438 737 1181 1358 1594 1627 
Group02_47.txt
810 
Group02_48.txt
2606 2691 
Group02_49.txt
1501 2524 3249 
Group02_50.txt
1116 1490 1766 
Group03_01.txt
374 403 413 460 
Group03_02.txt
657 
Group03_04.txt
820 826 1259 1352 
Group03_05.txt
30 127 150 168 173 759 
Group03_06.txt
17 128 275 294 652 1442 1447 1760 2528 2543 2641 
Group03_07.txt
302 367 477 502 603 820 899 1426 1902 2203 2239 2252 
Group03_08.txt
6 368 385 589 608 657 667 710 
Group03_09.txt
446 476 606 811 
Group03_10.txt
304 478 744 809 
Group03_11.txt
11 21 28 67 80 140 228 230 373 530 533 
Group03_12.txt
102 318 374 432 476 521 693 898 977 
Group03_13.txt
29 138 190 403 454 504 759 1174 1316 
Group03_14.txt
5 
Group03_15.txt
214 239 381 577 
Group03_16.txt
594 653 659 682 797 900 904 
Group03_17.txt
411 419 526 558 675 874 
Group03_18.txt
871 
Group03_19.txt
448 
Group03_20.txt
556 619 787 822 
Group03_21.txt
101 609 749 764 1002 1378 2018 
Group03_22.txt
87 113 533 1025 
Group03_23.txt
297 345 613 
Group03_24.txt
475 477 938 1518 1522 1626 1684 1743 
Group03_25.txt
129 481 
Group03_26.txt
238 242 1065 1183 1188 1190 1192 1313 1489 
Group03_27.txt
494 656 1095 1677 1918 
Group03_28.txt
322 558 712 936 1020 
Group03_29.txt
752 1308 1383 1697 1702 
Group03_30.txt
111 189 346 370 515 554 671 876 1254 1279 1363 1558 
Group03_31.txt
477 530 684 865 910 1036 1138 1146 1157 1161 1172 1227 1276 1364 1667 2039 2466 2820 
Group03_32.txt
35 202 539 678 723 727 732 734 955 1118 1295 
Group03_33.txt
142 1168 1362 
Group03_34.txt
158 2031 2532 2787 
Group03_35.txt
181 267 349 1037 
Group03_36.txt
134 146 506 866 991 1566 
Group03_37.txt
166 353 1133 1177 1184 1537 1752 
Group03_38.txt
111 1045 
Group03_39.txt
18 185 522 661 706 710 715 717 
Group03_40.txt
121 1147 
Group03_42.txt
742 1326 1401 1723 1728 
Group03_43.txt
82 303 332 387 
Group03_44.txt
128 287 583 608 815 873 1195 1216 1494 1540 
Group03_46.txt
63 146 170 237 276 282 
Group03_47.txt
232 295 
Group03_48.txt
421 592 
Group03_49.txt
113 
Group03_50.txt
204 323 390 441 579 699 1076 1472 
Group04_01.txt
159 235 582 602 653 930 
Group04_02.txt
250 
Group04_03.txt
129 305 418 
Group04_05.txt
451 
Group04_06.txt
867 
Group04_08.txt
217 472 
Group04_09.txt
37 458 534 
Group04_10.txt
334 465 
Group04_12.txt
161 
Group04_13.txt
112 230 
Group04_14.txt
398 405 
Group04_15.txt
576 1040 
Group04_16.txt
136 146 415 
Group04_17.txt
143 216 651 737 748 790 
Group04_18.txt
292 295 509 517 
Group04_19.txt
292 364 
Group04_20.txt
224 404 468 
Group04_21.txt
795 
Group04_22.txt
124 
Group04_23.txt
210 302 
Group04_24.txt
189 398 500 
Group04_25.txt
709 
Group04_26.txt
72 244 684 725 
Group04_27.txt
102 203 298 338 377 
Group04_28.txt
406 
Group04_29.txt
217 
Group04_30.txt
60 141 405 959 
Group04_31.txt
38 76 87 173 262 419 621 
Group04_32.txt
47 324 615 688 839 
Group04_33.txt
34 251 377 470 642 701 721 
Group04_34.txt
106 287 812 
Group04_35.txt
314 
Group04_36.txt
237 
Group04_37.txt
384 429 
Group04_38.txt
35 335 500 
Group04_39.txt
366 892 894 
Group04_40.txt
364 
Group04_41.txt
386 475 518 
Group04_42.txt
349 514 
Group04_43.txt
104 207 290 429 560 640 
Group04_44.txt
23 25 32 50 65 333 352 533 590 606 
Group04_46.txt
436 819 922 1107 
Group04_47.txt
10 36 44 79 274 
Group04_48.txt
209 245 381 406 
Group04_50.txt
43 436 601 
Group05_02.txt
685 801 1000 1032 
Group05_03.txt
292 305 
Group05_04.txt
158 868 
Group05_06.txt
491 613 666 1020 
Group05_07.txt
156 232 
Group05_08.txt
25 59 323 352 379 383 
Group05_09.txt
403 
Group05_10.txt
468 511 593 
Group05_11.txt
70 350 359 365 
Group05_13.txt
7 299 468 969 1257 
Group05_14.txt
110 118 226 236 664 708 
Group05_15.txt
121 147 
Group05_16.txt
204 264 271 402 466 534 
Group05_17.txt
327 
Group05_18.txt
863 918 927 
Group05_19.txt
187 473 505 821 829 
Group05_20.txt
98 133 333 739 1122 
Group05_21.txt
343 717 851 897 
Group05_22.txt
131 246 
Group05_23.txt
269 536 1049 
Group05_24.txt
45 477 493 545 564 572 
Group05_25.txt
129 243 547 584 587 741 979 987 
Group05_26.txt
241 574 
Group05_27.txt
454 
Group05_28.txt
213 267 523 
Group05_29.txt
128 224 
Group05_30.txt
143 289 324 339 372 553 831 846 
Group05_31.txt
13 185 187 
Group05_32.txt
208 443 448 536 
Group05_34.txt
113 198 
Group05_35.txt
75 133 
Group05_37.txt
42 
Group05_38.txt
118 
Group05_39.txt
120 217 313 327 
Group05_40.txt
259 306 
Group05_44.txt
725 1019 1068 
Group05_45.txt
559 561 
Group05_46.txt
346 566 
Group05_48.txt
108 209 254 
Group05_49.txt
86 151 319 776 820 
Group05_50.txt
176 202 
Group06_02.txt
673 
Group06_03.txt
141 203 726 
Group06_06.txt
279 
Group06_07.txt
10 31 257 461 466 516 612 
Group06_08.txt
10 42 328 
Group06_09.txt
303 340 404 
Group06_10.txt
23 87 515 617 642 764 
Group06_11.txt
298 417 473 676 
Group06_12.txt
66 105 134 378 
Group06_14.txt
68 456 533 652 
Group06_15.txt
247 502 
Group06_16.txt
459 
Group06_17.txt
582 671 783 919 
Group06_18.txt
354 514 558 698 
Group06_19.txt
529 549 563 
Group06_20.txt
371 
Group06_21.txt
312 841 
Group06_22.txt
172 
Group06_23.txt
422 632 
Group06_24.txt
75 206 
Group06_26.txt
71 289 305 420 460 574 
Group06_27.txt
136 161 
Group06_28.txt
535 718 
Group06_30.txt
263 270 449 451 
Group06_31.txt
582 671 783 919 
Group06_32.txt
161 647 708 746 
Group06_33.txt
324 424 
Group06_34.txt
415 439 461 
Group06_35.txt
91 
Group06_36.txt
272 668 
Group06_37.txt
152 155 
Group06_38.txt
100 391 
Group06_39.txt
17 19 358 378 433 458 
Group06_40.txt
197 204 487 
Group06_41.txt
529 538 
Group06_42.txt
523 
Group06_43.txt
26 406 502 614 702 
Group06_44.txt
15 341 637 758 
Group06_46.txt
710 
Group06_48.txt
79 121 141 316 
Group06_49.txt
34 127 130 144 177 449 458 494 
Group06_50.txt
3 100 196 
Group07_01.txt
151 527 740 768 872 
Group07_03.txt
148 691 739 987 1002 1230 1478 1523 1654 2360 2551 
Group07_04.txt
11 334 347 427 600 
Group07_05.txt
110 156 
Group07_06.txt
1 43 
Group07_07.txt
8 1076 1127 
Group07_08.txt
127 396 578 
Group07_09.txt
237 
Group07_10.txt
375 
Group07_12.txt
593 735 1132 
Group07_13.txt
540 
Group07_15.txt
50 64 210 
Group07_17.txt
445 458 
Group07_18.txt
523 
Group07_19.txt
614 701 992 
Group07_21.txt
538 564 
Group07_23.txt
156 
Group07_24.txt
752 902 1426 1901 2059 
Group07_25.txt
200 435 
Group07_26.txt
442 502 
Group07_27.txt
85 
Group07_29.txt
163 362 
Group07_31.txt
30 220 643 957 1823 1940 1942 
Group07_33.txt
490 
Group07_34.txt
80 390 470 
Group07_35.txt
159 225 
Group07_36.txt
432 864 897 1039 1355 
Group07_37.txt
744 1161 1728 1733 
Group07_39.txt
9 
Group07_40.txt
17 425 429 
Group07_41.txt
453 
Group07_42.txt
49 364 515 
Group07_44.txt
505 
Group07_45.txt
52 
Group07_47.txt
527 562 570 
Group07_48.txt
976 
Group07_49.txt
103 767 826 1145 1542 1843 2159 2161 2480 2544 
Group07_50.txt
130 290 
Group08_01.txt
116 167 202 
Group08_02.txt
109 537 568 615 632 
Group08_04.txt
330 706 
Group08_06.txt
289 
Group08_09.txt
338 
Group08_10.txt
215 266 301 
Group08_11.txt
323 326 330 687 
Group08_12.txt
164 317 339 369 576 
Group08_13.txt
75 151 315 
Group08_14.txt
134 607 
Group08_15.txt
50 118 335 716 820 
Group08_16.txt
325 714 1192 1274 1602 
Group08_17.txt
355 664 1130 1165 
Group08_18.txt
310 561 
Group08_20.txt
138 706 
Group08_21.txt
316 368 380 451 458 
Group08_22.txt
154 216 273 
Group08_23.txt
330 707 
Group08_24.txt
450 658 1109 
Group08_25.txt
100 262 628 1193 
Group08_27.txt
68 252 
Group08_28.txt
193 
Group08_29.txt
78 903 980 1472 1501 
Group08_30.txt
47 254 
Group08_31.txt
111 171 271 484 949 
Group08_32.txt
181 
Group08_33.txt
192 
Group08_36.txt
254 
Group08_39.txt
204 
Group08_40.txt
232 
Group08_42.txt
172 
Group08_43.txt
181 550 
Group08_44.txt
134 
Group08_45.txt
11 270 
Group08_46.txt
197 
Group08_47.txt
66 97 
Group08_50.txt
174 264 521 
Group09_01.txt
220 584 620 
Group09_04.txt
194 384 
Group09_05.txt
309 442 830 
Group09_06.txt
411 
Group09_07.txt
833 
Group09_09.txt
265 757 
Group09_10.txt
607 
Group09_13.txt
614 
Group09_14.txt
212 420 474 
Group09_15.txt
166 
Group09_16.txt
111 195 479 
Group09_17.txt
373 599 
Group09_18.txt
517 
Group09_19.txt
350 387 
Group09_20.txt
217 518 
Group09_21.txt
521 1111 1137 
Group09_22.txt
412 419 
Group09_23.txt
177 316 
Group09_24.txt
221 
Group09_25.txt
343 
Group09_26.txt
318 459 489 
Group09_30.txt
297 387 
Group09_32.txt
58 208 
Group09_35.txt
632 680 
Group09_36.txt
75 
Group09_37.txt
132 328 373 414 583 610 690 865 886 919 1260 1264 
Group09_38.txt
284 348 455 525 
Group09_39.txt
26 56 66 258 310 384 489 508 697 
Group09_40.txt
3 71 97 
Group09_43.txt
417 571 
Group09_44.txt
101 
Group09_45.txt
461 614 
Group09_46.txt
114 
Group09_47.txt
58 82 
Group09_48.txt
43 120 231 270 306 337 453 727 
Group09_49.txt
260 
Group09_50.txt
314 
Group10_01.txt
179 505 697 
Group10_03.txt
466 476 934 
Group10_06.txt
190 288 657 
Group10_07.txt
64 81 
Group10_08.txt
196 469 
Group10_09.txt
29 752 
Group10_10.txt
55 861 
Group10_11.txt
363 955 
Group10_12.txt
171 195 456 591 602 695 705 
Group10_13.txt
483 613 
Group10_14.txt
96 286 
Group10_16.txt
67 265 798 
Group10_17.txt
726 1083 
Group10_19.txt
450 
Group10_20.txt
368 440 
Group10_21.txt
440 930 
Group10_22.txt
8 32 88 188 211 257 283 494 561 794 
Group10_24.txt
247 527 1122 
Group10_25.txt
380 454 540 560 581 719 793 879 899 920 1171 
Group10_27.txt
718 
Group10_28.txt
62 70 80 94 161 185 210 333 353 360 439 471 476 490 509 524 533 541 624 713 732 748 753 764 815 841 860 875 885 929 939 970 988 1092 
Group10_29.txt
406 444 785 909 
Group10_30.txt
19 34 216 247 461 
Group10_31.txt
279 669 
Group10_32.txt
594 
Group10_33.txt
1168 1594 
Group10_34.txt
77 246 
Group10_35.txt
95 97 223 758 888 1240 1249 1442 1561 1662 1664 
Group10_36.txt
105 122 
Group10_37.txt
233 305 
Group10_38.txt
720 913 
Group10_39.txt
535 
Group10_40.txt
45 121 599 624 637 
Group10_42.txt
362 
Group10_43.txt
358 
Group10_44.txt
245 248 377 
Group10_45.txt
202 362 376 
Group10_46.txt
341 572 
Group10_48.txt
10 309 
Group10_49.txt
260 
Group10_50.txt
150 
Group11-02.txt
500 765 1019 1168 
Group11-05.txt
332 460 1502 1977 2085 
Group11-06.txt
252 
Group11-07.txt
41 93 275 547 592 707 
Group11-09.txt
137 197 
Group11-10.txt
46 338 
Group11-11.txt
392 496 
Group11-12.txt
84 86 111 123 138 293 586 588 
Group11-13.txt
88 151 192 200 266 535 666 
Group11-14.txt
467 506 541 675 878 923 958 
Group11-15.txt
139 295 1260 1585 1840 1853 
Group11-16.txt
1897 2688 2707 2906 3299 3327 
Group11-17.txt
51 
Group11-18.txt
55 255 
Group11-19.txt
698 
Group11-20.txt
441 
Group11-21.txt
622 
Group11-22.txt
97 310 761 935 
Group11-23.txt
160 278 377 
Group11-24.txt
567 865 1386 1527 1595 2150 
Group11-26.txt
361 
Group11-28.txt
38 302 398 569 896 992 1048 
Group11-29.txt
683 779 835 
Group11-30.txt
36 559 655 711 
Group11-32.txt
384 449 671 732 828 884 
Group11-35.txt
71 264 
Group11-36.txt
5 39 287 
Group11-37.txt
95 206 208 602 610 758 
Group11-38.txt
329 546 595 680 736 747 755 
Group11-39.txt
235 254 481 693 
Group11-40.txt
298 698 
Group11-42.txt
185 
Group11-44.txt
50 227 338 546 687 702 
Group11-45.txt
221 263 544 931 1174 1190 1207 
Group11-47.txt
91 
Group11-48.txt
214 506 
Group11-49.txt
175 207 276 
Group11-50.txt
759 1004 
Group12_01.txt
1046 1216 1590 
Group12_02.txt
220 1181 1457 2093 2110 
Group12_03.txt
570 992 1460 1469 
Group12_04.txt
2873 
Group12_05.txt
685 
Group12_06.txt
153 854 980 1023 1446 
Group12_07.txt
180 246 278 292 819 1077 1404 
Group12_08.txt
289 629 
Group12_09.txt
746 991 1029 1163 
Group12_10.txt
80 894 
Group12_11.txt
888 
Group12_12.txt
918 930 
Group12_13.txt
492 704 944 1176 1220 2076 
Group12_14.txt
715 1049 
Group12_15.txt
781 
Group12_16.txt
536 
Group12_17.txt
516 
Group12_18.txt
530 551 
Group12_19.txt
433 1054 1387 
Group12_20.txt
618 
Group12_21.txt
753 
Group12_22.txt
665 801 
Group12_23.txt
316 429 615 
Group12_24.txt
898 
Group12_25.txt
730 
Group12_26.txt
255 
Group12_27.txt
524 548 
Group12_28.txt
78 113 203 671 
Group12_29.txt
654 
Group12_30.txt
96 297 426 628 
Group12_31.txt
239 479 544 
Group12_32.txt
507 
Group12_33.txt
524 
Group12_34.txt
613 
Group12_35.txt
756 
Group12_36.txt
50 263 281 495 514 
Group12_37.txt
40 90 213 221 520 548 
Group12_38.txt
451 718 
Group12_39.txt
850 
Group12_40.txt
3 263 292 491 684 
Group12_41.txt
867 
Group12_42.txt
1159 1207 1348 1459 1560 
Group12_43.txt
389 905 911 919 
Group12_44.txt
579 
Group12_45.txt
412 600 
Group12_46.txt
367 755 
Group12_47.txt
195 500 
Group12_48.txt
73 268 666 
Group12_49.txt
708 1118 1448 2601 2759 
Group13_02.txt
241 1394 
Group13_03.txt
158 442 
Group13_04.txt
715 
Group13_05.txt
454 716 1666 1686 2014 2090 
Group13_06.txt
845 952 1493 
Group13_07.txt
182 607 615 
Group13_08.txt
965 
Group13_09.txt
1028 
Group13_10.txt
500 787 
Group13_11.txt
16 132 192 374 583 
Group13_12.txt
491 494 697 772 
Group13_13.txt
58 
Group13_14.txt
147 
Group13_15.txt
173 260 
Group13_16.txt
348 
Group13_17.txt
80 638 666 
Group13_18.txt
628 
Group13_19.txt
393 
Group13_20.txt
748 
Group13_21.txt
43 1572 1615 2072 2084 
Group13_22.txt
1717 2625 2666 5670 5672 6608 7015 9372 9876 10964 14093 14189 14386 15318 
Group13_23.txt
57 456 1524 1788 2011 2244 2695 2864 3182 3446 3661 
Group13_24.txt
60 783 1628 1640 1950 2646 3186 3209 3242 3324 3337 4344 4627 4853 4896 5529 5554 5622 
Group13_25.txt
41 221 450 854 1483 
Group13_26.txt
55 356 631 1120 1172 1198 1265 1761 2655 3053 4090 4112 4139 5236 6237 6929 6934 6942 6962 7019 7505 7526 7533 8128 8145 8182 8921 9281 9558 
Group13_27.txt
71 692 762 772 2131 2490 2758 3039 
Group13_28.txt
88 623 745 1037 1176 1592 1680 1954 2173 3351 
Group13_29.txt
70 269 718 1113 1938 2230 2357 3226 3265 4897 5358 
Group13_30.txt
64 175 208 550 931 1138 1224 1653 2016 2152 2243 2328 2364 3268 3457 3812 3996 
Group13_31.txt
78 493 
Group13_33.txt
147 378 466 758 917 1008 1478 1527 2019 2122 
Group13_35.txt
610 1312 1344 
Group13_36.txt
713 1056 1184 1428 
Group13_37.txt
8 195 332 390 675 908 976 1118 1289 1294 1448 1502 1645 1667 
Group13_38.txt
442 455 606 1509 1584 
Group13_39.txt
482 1331 1350 1617 1633 
Group13_40.txt
7 52 413 990 
Group13_41.txt
41 281 289 493 1213 1467 1589 
Group13_42.txt
47 631 1086 
Group13_43.txt
43 93 297 421 1794 1852 
Group13_44.txt
50 525 535 568 871 1110 2152 2511 2548 2550 2796 2844 2889 3060 3280 3416 3458 3689 3691 
Group13_45.txt
22 41 403 616 1453 1624 
Group13_46.txt
57 
Group13_47.txt
42 139 608 851 855 1273 1318 1593 1738 
Group13_48.txt
54 876 943 984 1530 
Group13_49.txt
59 421 766 1185 1488 2136 2146 
Group13_50.txt
31 292 384 1042 1265 1349 
Group14_03.txt
37 124 263 
Group14_04.txt
146 277 283 508 512 
Group14_05.txt
324 
Group14_06.txt
83 165 
Group14_07.txt
389 397 500 550 
Group14_08.txt
105 
Group14_09.txt
423 
Group14_10.txt
256 307 500 
Group14_13.txt
18 21 413 
Group14_14.txt
258 416 
Group14_15.txt
393 
Group14_16.txt
396 
Group14_19.txt
223 838 
Group14_20.txt
865 881 930 
Group14_21.txt
577 
Group14_22.txt
476 
Group14_23.txt
203 
Group14_26.txt
162 932 
Group14_27.txt
224 377 
Group14_28.txt
276 460 565 958 985 
Group14_29.txt
30 223 387 
Group14_30.txt
316 325 782 
Group14_31.txt
842 
Group14_32.txt
412 
Group14_33.txt
572 
Group14_34.txt
634 659 732 
Group14_35.txt
438 1073 1167 1292 1371 1527 
Group14_36.txt
66 375 566 
Group14_37.txt
330 799 837 
Group14_38.txt
361 363 679 
Group14_39.txt
202 249 274 317 658 
Group14_40.txt
186 459 499 636 687 779 1003 
Group14_41.txt
471 561 
Group14_42.txt
328 382 447 572 843 
Group14_43.txt
86 123 600 610 
Group14_44.txt
220 451 
Group14_45.txt
28 365 367 521 
Group14_46.txt
49 122 278 426 574 728 806 
Group14_47.txt
158 200 262 476 504 689 
Group14_48.txt
132 594 
Group14_49.txt
435 781 
Group14_50.txt
97 401 454 
