Group03_11.txt
745 853 
Group03_15.txt
106 174 190 328 641 
Group03_16.txt
58 106 206 222 249 513 541 866 
Group03_20.txt
206 257 360 564 588 
Group03_21.txt
1166 
Group03_22.txt
357 524 1079 
Group03_23.txt
254 
Group03_25.txt
122 179 326 429 
Group03_26.txt
168 1453 
Group03_27.txt
64 1722 1802 1835 
Group03_28.txt
134 224 359 
Group04_22.txt
105 
Group06_10.txt
5 
Group06_16.txt
548 572 
Group07_04.txt
592 
Group07_10.txt
154 228 327 336 544 605 
Group07_12.txt
278 843 
Group07_13.txt
180 234 442 
Group07_17.txt
277 
Group07_19.txt
609 
Group07_21.txt
638 647 678 
Group07_22.txt
102 303 
Group07_27.txt
498 
Group07_31.txt
331 343 
Group07_33.txt
645 
Group07_49.txt
1794 
Group09_17.txt
321 
Group10_40.txt
262 
Group10_42.txt
102 116 
Group10_43.txt
56 435 771 902 1140 
Group11-17.txt
548 
Group11-25.txt
276 
Group12_06.txt
105 912 
Group12_46.txt
24 131 457 
Group12_47.txt
103 155 382 420 
Group13_05.txt
86 110 384 443 986 997 1104 1305 1493 1523 1720 1811 1935 2154 
Group13_06.txt
1631 2509 2532 
Group13_23.txt
238 722 894 2217 
Group13_38.txt
17 96 723 
Group13_41.txt
120 181 793 1086 1263 1295 1304 1520 
Group13_44.txt
1618 
Group13_45.txt
849 
Group13_48.txt
5 19 203 998 1063 2284 2372 2658 
Group13_50.txt
226 
Group14_30.txt
96 
