Group01_03.txt
665 933 
Group03_07.txt
1818 
Group03_20.txt
227 877 
Group04_08.txt
450 
Group07_19.txt
313 
Group07_22.txt
325 532 
Group07_27.txt
621 
Group07_31.txt
930 
Group08_07.txt
172 
Group10_15.txt
436 
Group10_34.txt
91 160 225 
Group10_39.txt
81 84 132 176 197 261 510 538 631 664 686 983 
Group10_47.txt
256 724 749 
Group10_48.txt
130 283 
Group10_49.txt
74 128 135 
Group12_04.txt
1244 1508 1624 2784 
Group12_05.txt
407 424 440 459 
Group12_14.txt
229 259 
Group12_15.txt
182 232 235 413 502 522 537 558 
Group12_18.txt
50 151 197 356 
Group12_22.txt
712 
Group12_24.txt
612 679 
Group12_25.txt
150 217 266 313 372 488 516 571 590 611 692 716 
Group12_32.txt
442 
Group12_39.txt
261 
Group12_40.txt
354 470 557 
Group12_41.txt
208 329 518 554 606 769 
Group12_42.txt
285 686 953 999 1227 1268 1307 1344 1401 1424 1552 1555 
Group12_49.txt
2036 
Group13_08.txt
968 
Group13_21.txt
1764 
Group13_22.txt
3095 12955 13044 13758 
Group13_26.txt
3393 8830 8834 9377 9381 9828 9831 
Group13_31.txt
205 
Group14_35.txt
951 
