Group01_37.txt
251 
Group03_49.txt
839 
Group04_10.txt
220 1154 
Group07_08.txt
186 189 
Group07_18.txt
83 
Group08_07.txt
140 177 
Group08_13.txt
596 
Group08_22.txt
48 95 326 
Group09_09.txt
497 681 698 747 849 
Group09_37.txt
111 
Group10_49.txt
83 180 183 
Group10_50.txt
347 
Group11-02.txt
599 
Group12_07.txt
253 255 
Group12_08.txt
29 145 
Group12_11.txt
179 458 635 
Group12_12.txt
179 458 635 
Group12_38.txt
61 135 292 
Group12_49.txt
5 1006 
Group13_08.txt
1039 
Group13_22.txt
509 1770 2043 9229 9264 9290 11549 13925 
Group13_31.txt
160 210 
Group13_43.txt
1186 
Group13_44.txt
18 66 272 581 592 648 878 959 1039 1053 1184 1296 1606 1863 2204 2277 2545 2911 2973 3324 3507 3675 3749 3841 
Group13_46.txt
500 
Group14_48.txt
508 
