Group01_25.txt
127 
Group01_29.txt
176 210 225 309 352 394 474 490 572 607 637 647 721 760 
Group02_11.txt
159 
Group02_18.txt
210 
Group03_17.txt
436 718 
Group03_19.txt
169 367 821 
Group03_24.txt
255 1176 
Group03_32.txt
280 
Group03_34.txt
244 271 2866 
Group03_39.txt
263 
Group03_47.txt
27 31 
Group04_41.txt
307 537 609 
Group05_23.txt
863 
Group05_45.txt
322 
Group06_21.txt
81 
Group06_26.txt
13 80 112 160 217 228 245 266 319 402 433 447 484 669 
Group06_47.txt
258 287 
Group07_06.txt
234 
Group07_13.txt
303 
Group07_14.txt
31 117 299 
Group07_17.txt
304 474 485 
Group07_23.txt
25 511 
Group07_28.txt
100 
Group07_29.txt
30 118 336 399 
Group07_30.txt
108 317 482 
Group07_34.txt
39 
Group07_36.txt
287 1030 
Group07_37.txt
718 1284 1383 
Group07_39.txt
114 146 276 
Group07_40.txt
680 
Group07_48.txt
163 
Group08_11.txt
470 
Group08_17.txt
972 
Group08_20.txt
136 588 978 1341 
Group08_21.txt
278 
Group10_04.txt
404 
Group10_21.txt
87 244 379 436 476 527 585 606 
Group11-14.txt
224 
Group11-15.txt
1459 1847 
Group11-16.txt
146 2479 
Group11-17.txt
227 739 
Group11-18.txt
22 212 
Group11-20.txt
140 1324 
Group11-22.txt
145 402 476 560 594 
Group11-23.txt
146 662 
Group11-24.txt
1383 2165 
Group11-26.txt
64 115 166 289 313 322 366 370 
Group11-33.txt
957 
Group12_11.txt
525 
Group12_12.txt
525 
Group12_47.txt
189 
Group13_07.txt
5 58 214 221 376 418 512 583 
Group13_32.txt
219 255 595 760 1318 
Group13_35.txt
1008 
Group13_37.txt
444 491 1371 1403 1484 1562 1563 
Group13_46.txt
467 1477 2018 
Group13_47.txt
80 
Group13_50.txt
2 49 96 170 200 349 422 514 519 534 620 685 711 771 916 974 1002 1032 
Group14_07.txt
561 
Group14_19.txt
32 
Group14_31.txt
3 23 197 213 363 378 415 944 
Group14_49.txt
74 
