Group04_09.txt
196 630 
Group05_17.txt
85 
Group05_21.txt
185 
Group05_25.txt
92 
Group05_34.txt
146 
Group06_23.txt
141 
Group07_20.txt
7 
Group08_06.txt
55 118 172 408 737 917 
Group08_43.txt
282 
Group10_49.txt
193 567 644 770 
Group12_04.txt
325 1552 1667 1834 2416 
Group12_05.txt
522 601 
Group12_07.txt
436 863 1185 
Group12_08.txt
547 
Group12_09.txt
184 335 672 1154 
Group12_41.txt
690 700 
Group13_23.txt
27 534 659 766 2139 2229 2538 2770 2853 3047 3171 3321 3478 3712 
Group13_26.txt
2418 
Group13_27.txt
3184 
Group13_46.txt
862 
