Group01_03.txt
545 
Group01_05.txt
45 282 
Group01_06.txt
179 233 251 256 260 264 291 382 410 415 441 499 508 517 578 603 619 625 640 696 710 974 1002 
Group01_08.txt
106 160 194 340 484 492 510 530 541 550 569 627 680 684 783 799 897 927 944 975 
Group01_11.txt
787 818 824 
Group01_14.txt
10 126 150 168 200 264 328 351 382 385 513 536 567 570 
Group01_15.txt
164 173 203 223 272 317 342 
Group01_19.txt
583 
Group01_25.txt
309 
Group01_32.txt
744 
Group01_44.txt
115 
Group02_04.txt
307 508 
Group02_05.txt
702 
Group02_08.txt
479 
Group02_13.txt
740 989 991 997 
Group02_21.txt
2593 2833 
Group02_27.txt
1237 
Group02_32.txt
233 1729 2070 
Group02_33.txt
3476 
Group02_49.txt
4222 
Group03_04.txt
1301 
Group03_05.txt
11 383 1060 
Group03_06.txt
1811 1837 
Group03_07.txt
1768 
Group03_15.txt
115 127 
Group03_17.txt
537 844 
Group03_19.txt
768 
Group03_21.txt
1740 
Group03_23.txt
66 84 507 740 
Group03_24.txt
62 89 152 168 171 178 181 192 208 223 243 290 296 317 354 366 369 379 423 452 509 575 593 724 984 1000 1245 1295 1329 1332 1366 1396 1468 1480 1486 1595 1716 1719 1728 1765 1782 1808 1818 1827 1835 1838 1868 1890 1902 1953 1979 
Group03_27.txt
10 25 41 131 143 178 183 193 204 213 222 274 532 538 553 567 624 758 818 875 887 1009 
Group03_29.txt
43 267 
Group03_31.txt
70 82 85 88 92 97 115 199 216 230 2003 
Group03_35.txt
70 87 198 454 567 918 935 1327 
Group03_36.txt
777 966 1144 
Group03_37.txt
156 
Group03_38.txt
92 129 982 
Group03_42.txt
24 251 
Group03_43.txt
654 665 
Group03_47.txt
589 
Group03_48.txt
305 391 424 526 
Group03_50.txt
622 816 820 1207 1213 
Group04_07.txt
610 990 
Group04_12.txt
460 
Group04_14.txt
96 
Group04_21.txt
62 573 944 
Group04_22.txt
43 
Group04_23.txt
1 219 504 566 591 594 635 712 736 739 742 
Group04_27.txt
677 687 
Group04_30.txt
711 1061 
Group04_33.txt
473 
Group04_39.txt
353 437 838 
Group04_41.txt
1000 
Group04_44.txt
282 290 324 451 462 473 
Group04_46.txt
989 
Group05_11.txt
521 
Group05_23.txt
27 43 71 112 189 469 624 677 1392 
Group05_45.txt
205 345 402 411 424 465 529 586 819 889 1176 
Group06_03.txt
437 
Group06_17.txt
498 
Group06_21.txt
416 
Group06_23.txt
614 
Group06_31.txt
498 
Group07_02.txt
673 
Group07_03.txt
478 536 994 1475 1530 1547 2247 2343 2484 2540 2543 2560 2719 
Group07_04.txt
344 
Group07_05.txt
142 286 624 937 
Group07_06.txt
372 
Group07_07.txt
408 461 1156 1161 
Group07_09.txt
205 221 
Group07_10.txt
322 
Group07_11.txt
192 195 198 438 503 598 620 627 
Group07_14.txt
162 179 251 497 
Group07_15.txt
239 457 517 549 
Group07_16.txt
757 786 
Group07_17.txt
11 99 235 251 256 
Group07_18.txt
938 
Group07_19.txt
75 
Group07_20.txt
138 318 528 
Group07_22.txt
675 748 
Group07_24.txt
547 1160 1224 1277 
Group07_25.txt
24 
Group07_26.txt
132 233 297 370 381 404 407 410 414 450 558 743 
Group07_27.txt
471 
Group07_30.txt
850 
Group07_31.txt
718 1096 1815 
Group07_32.txt
428 472 
Group07_33.txt
186 660 
Group07_34.txt
443 
Group07_35.txt
365 509 
Group07_36.txt
934 
Group07_37.txt
1182 
Group07_38.txt
1039 1361 1375 1382 1882 1885 1894 
Group07_39.txt
352 565 
Group07_40.txt
170 197 445 562 711 714 717 732 736 754 761 778 803 809 
Group07_41.txt
483 
Group07_43.txt
274 
Group07_44.txt
359 362 
Group07_46.txt
156 172 176 185 192 256 275 331 355 369 407 438 499 517 520 534 563 599 643 647 653 662 700 703 
Group07_47.txt
108 165 178 199 204 270 274 416 482 530 578 615 658 667 689 709 
Group07_48.txt
106 864 
Group08_06.txt
1155 
Group08_11.txt
666 
Group08_22.txt
497 857 865 879 891 
Group08_29.txt
18 313 928 1360 
Group08_30.txt
316 329 
Group08_39.txt
175 
Group08_49.txt
100 
Group09_03.txt
390 405 
Group09_22.txt
99 
Group09_29.txt
344 474 560 
Group09_37.txt
1083 
Group09_43.txt
239 
Group09_44.txt
156 
Group10_09.txt
487 504 584 
Group10_12.txt
651 658 671 
Group10_13.txt
204 302 380 497 518 
Group10_17.txt
768 990 1003 1085 
Group10_21.txt
340 430 842 911 938 
Group10_22.txt
447 
Group10_24.txt
182 313 320 354 979 1243 
Group10_27.txt
14 137 147 484 712 966 1020 
Group10_31.txt
11 
Group10_34.txt
188 
Group10_38.txt
110 
Group10_40.txt
187 224 496 
Group10_43.txt
68 739 
Group10_44.txt
173 495 
Group10_46.txt
299 355 369 383 499 575 
Group10_48.txt
549 
Group10_49.txt
509 664 
Group10_50.txt
469 
Group11-03.txt
618 
Group11-04.txt
274 288 
Group11-05.txt
550 769 
Group11-15.txt
1199 1210 1246 1564 1861 2059 2089 2109 2117 2204 2332 2335 2387 
Group11-16.txt
817 1151 1246 1456 1894 2321 2324 2581 2826 2841 
Group11-18.txt
339 347 626 
Group11-19.txt
342 578 
Group11-21.txt
322 480 860 
Group11-24.txt
2 47 362 374 398 479 538 686 1013 1039 1178 1291 1305 1338 1471 1509 1688 1700 2301 2313 2424 2426 2442 2572 
Group11-25.txt
196 326 
Group11-26.txt
112 
Group11-31.txt
153 
Group11-39.txt
150 162 360 387 
Group11-40.txt
2 
Group11-45.txt
458 837 842 847 897 
Group11-46.txt
465 1267 
Group12_01.txt
1249 1498 
Group12_02.txt
1354 1462 
Group12_03.txt
1343 
Group12_06.txt
791 
Group12_07.txt
1298 
Group12_08.txt
253 403 419 512 
Group12_09.txt
1096 
Group12_10.txt
150 184 762 
Group12_11.txt
438 
Group12_12.txt
438 
Group12_13.txt
718 1105 1126 1166 1215 1980 2004 
Group12_14.txt
375 378 482 495 630 634 951 
Group12_17.txt
260 
Group12_18.txt
428 436 438 
Group12_19.txt
408 969 976 1007 1030 1044 1195 1242 1383 
Group12_21.txt
413 418 
Group12_26.txt
1071 1334 1420 1443 
Group12_27.txt
257 277 363 374 381 504 545 
Group12_29.txt
573 
Group12_30.txt
528 
Group12_32.txt
238 
Group12_33.txt
311 334 
Group12_41.txt
427 479 500 623 626 
Group12_42.txt
1128 1281 1487 1514 
Group12_46.txt
590 
Group12_49.txt
1417 1675 
Group13_02.txt
1221 1382 
Group13_04.txt
224 599 665 
Group13_05.txt
816 906 1299 
Group13_06.txt
662 1394 1807 2173 2246 2262 2295 2347 2431 2612 
Group13_15.txt
648 
Group13_17.txt
618 
Group13_21.txt
179 214 742 829 1007 1023 1026 1680 
Group13_22.txt
3104 3392 4250 6009 6933 13686 13781 14206 
Group13_24.txt
4371 
Group13_25.txt
250 894 2369 2393 2438 
Group13_26.txt
7501 9928 10125 
Group13_28.txt
1841 1889 3193 
Group13_30.txt
1265 2471 
Group13_32.txt
471 
Group13_33.txt
34 58 100 162 164 190 198 306 358 405 450 452 455 515 532 549 571 609 639 674 853 883 921 947 954 967 982 991 1098 1116 1150 1179 1225 1241 1267 1273 1277 1301 1370 1424 1504 1526 1597 1604 1663 1755 1872 1980 1989 2000 2053 2113 2118 2131 2219 
Group13_35.txt
150 164 381 1167 1171 1233 1239 1282 1299 1365 
Group13_36.txt
61 121 159 185 193 282 641 754 762 1060 1097 1110 1453 
Group13_37.txt
174 185 
Group13_38.txt
891 965 
Group13_39.txt
2098 2103 
Group13_44.txt
16 64 79 204 216 270 876 1182 1861 1956 2440 2450 2600 2709 3322 3668 3673 3747 3839 
Group13_49.txt
80 104 193 218 1976 2047 
Group14_01.txt
219 347 439 
Group14_09.txt
216 
Group14_11.txt
120 153 159 
Group14_12.txt
414 
Group14_19.txt
295 
Group14_20.txt
937 
Group14_21.txt
396 
Group14_25.txt
92 202 267 
Group14_26.txt
638 653 844 
Group14_31.txt
701 705 
Group14_32.txt
939 1052 
Group14_33.txt
41 
Group14_35.txt
907 1135 
Group14_39.txt
84 440 452 763 
Group14_40.txt
168 
Group14_41.txt
827 900 
Group14_42.txt
161 
Group14_43.txt
72 
Group14_44.txt
92 111 
Group14_45.txt
23 
Group14_46.txt
474 486 
