Group01_06.txt
479 
Group02_18.txt
333 343 368 577 958 1369 1498 1685 1710 2185 2731 2734 2760 3023 
Group02_20.txt
169 193 223 228 253 288 296 602 608 674 678 1534 1998 2645 2662 2663 2674 2763 2821 2836 3036 3039 3041 3274 3372 3491 
Group02_23.txt
204 259 264 288 317 417 499 1231 1267 1468 
Group02_25.txt
1121 1150 1197 1219 1244 1255 
Group02_29.txt
156 278 281 638 1070 
Group02_30.txt
315 1477 1493 1564 3035 3037 4431 
Group02_31.txt
172 1274 1509 1518 1519 1533 1619 1913 1957 1986 2269 2271 2368 
Group02_32.txt
581 831 836 847 858 906 921 1051 1073 1104 1112 1129 1136 1166 1222 1224 1226 1233 1235 1237 1263 1276 1288 1293 1334 1340 1347 1374 1413 1438 1450 1493 1507 1515 1517 1524 1564 1571 1588 1597 1661 1667 1669 1671 1680 1693 1705 1772 1855 1863 1880 1886 1893 1956 1957 1960 1962 1965 1967 1971 1976 2013 2020 2024 2026 2038 2185 2197 2201 2204 2210 2216 2224 2291 2293 2353 2386 2422 2460 2469 2590 2599 2644 
Group02_33.txt
132 735 810 827 987 1081 1223 1433 1518 1545 1561 1570 1578 1649 1697 1709 1714 1728 1732 2034 2054 2075 2080 2971 2975 2998 3001 3208 3221 3223 3240 3242 3383 3386 3391 
Group02_35.txt
94 97 213 672 
Group02_36.txt
600 602 1250 1477 1483 1502 1536 1560 1617 1640 1663 1686 1706 1717 1746 1756 
Group02_37.txt
739 
Group02_38.txt
539 2057 2712 2722 3034 3040 
Group02_39.txt
764 778 1013 1170 
Group02_40.txt
202 537 
Group02_41.txt
594 
Group02_42.txt
204 218 230 271 297 309 323 332 347 357 488 506 633 634 651 679 682 704 727 762 775 790 797 808 
Group02_44.txt
1110 1205 1405 
Group02_45.txt
765 770 779 784 791 800 816 865 992 1163 1178 1187 1208 1215 1227 1443 1449 1479 1698 1720 1773 1843 1854 1889 
Group02_46.txt
259 268 289 317 376 387 435 479 487 628 696 733 829 845 849 1177 1608 1700 1702 1727 2234 2260 2292 
Group02_47.txt
164 212 227 248 280 293 316 488 769 771 966 968 
Group02_48.txt
102 120 922 1230 1244 1258 1271 
Group02_49.txt
243 1005 1278 1478 1731 1739 1756 1816 1924 2116 2327 2372 2388 2400 2404 2484 3754 3770 3774 3793 
Group02_50.txt
109 192 758 762 817 820 1094 1191 1242 1270 1842 
Group03_21.txt
772 
Group03_27.txt
1584 
Group06_35.txt
96 522 526 537 539 543 
Group06_50.txt
635 
Group07_46.txt
734 
Group07_49.txt
61 2237 
Group08_20.txt
659 
Group10_09.txt
636 
Group10_40.txt
405 415 
Group11-25.txt
323 
Group12_01.txt
9 
Group12_16.txt
272 460 
Group13_50.txt
488 
Group14_07.txt
494 
Group14_17.txt
1 97 169 340 359 488 491 505 
Group14_19.txt
714 
