Group01_09.txt
336 386 
Group01_50.txt
11 257 297 313 
Group02_07.txt
0 24 123 437 686 721 752 
Group03_03.txt
74 98 347 472 809 818 861 913 971 1023 
Group03_11.txt
9 40 136 144 184 286 305 436 459 580 614 634 710 875 
Group04_14.txt
141 
Group04_17.txt
243 402 
Group05_20.txt
866 
Group06_09.txt
645 679 
Group06_17.txt
140 1011 
Group06_31.txt
140 1011 
Group08_24.txt
1115 
Group09_02.txt
0 8 63 95 118 406 473 
Group09_05.txt
51 523 643 
Group09_13.txt
167 
Group09_22.txt
144 
Group09_26.txt
263 687 1218 1252 
Group09_27.txt
284 
Group09_28.txt
244 319 
Group09_29.txt
458 490 
Group09_30.txt
158 454 593 
Group09_50.txt
520 
Group13_13.txt
7 219 
Group14_22.txt
512 
