Group01_16.txt
371 
Group01_21.txt
466 
Group01_28.txt
40 314 347 
Group01_30.txt
201 
Group01_35.txt
1094 
Group01_38.txt
464 
Group01_40.txt
400 415 
Group01_42.txt
364 
Group02_18.txt
2498 2539 
Group02_20.txt
3483 
Group02_27.txt
224 
Group02_43.txt
726 
Group02_49.txt
82 159 331 425 438 451 581 651 685 720 781 1070 1240 1267 1282 1760 2138 2261 2321 2464 2522 2623 2704 2761 3081 3300 3828 4294 
Group03_04.txt
1521 1530 
Group03_14.txt
528 
Group03_29.txt
1811 
Group03_30.txt
500 
Group03_31.txt
844 879 
Group03_32.txt
1321 
Group03_33.txt
3 290 318 470 505 589 891 975 1179 
Group03_34.txt
532 1087 1097 1129 1165 1236 1685 1741 2597 
Group03_36.txt
335 1108 1660 
Group03_37.txt
76 498 1293 1939 2067 
Group03_40.txt
3 269 297 449 484 568 870 954 1158 
Group03_49.txt
647 720 
Group03_50.txt
147 673 677 
Group05_09.txt
373 567 
Group05_10.txt
131 
Group05_39.txt
40 
Group06_16.txt
595 
Group06_28.txt
110 328 510 708 
Group06_33.txt
5 127 157 490 751 
Group06_34.txt
2 376 518 
Group06_43.txt
146 354 463 472 
Group06_44.txt
407 
Group06_48.txt
60 143 300 312 496 
Group07_07.txt
932 
Group07_13.txt
61 
Group08_03.txt
294 354 
Group08_15.txt
55 123 340 586 805 
Group08_25.txt
979 
Group08_29.txt
767 1227 
Group08_35.txt
295 331 
Group09_27.txt
222 
Group09_45.txt
176 
Group09_46.txt
102 161 344 375 
Group10_02.txt
181 216 220 268 
Group10_13.txt
214 
Group10_20.txt
115 125 197 240 272 539 
Group10_26.txt
181 216 220 268 
Group10_32.txt
164 
Group10_41.txt
125 
Group11-13.txt
73 
Group11-21.txt
626 
Group11-39.txt
690 
Group11-40.txt
345 432 695 
Group12_02.txt
1643 
Group12_07.txt
899 
Group13_22.txt
2605 6995 9419 12558 
Group13_23.txt
3611 
Group13_26.txt
310 
Group13_27.txt
2227 2408 
Group13_29.txt
849 928 1025 1111 1700 1870 2687 4733 
Group13_43.txt
627 
Group13_49.txt
233 552 
Group14_13.txt
106 162 
Group14_14.txt
443 
Group14_32.txt
921 
