Group01_16.txt
60 
Group01_23.txt
120 
Group01_28.txt
358 363 526 
Group01_29.txt
633 
Group01_40.txt
35 159 167 331 441 480 537 611 757 
Group01_42.txt
382 
Group02_18.txt
2515 
Group02_43.txt
682 
Group02_49.txt
1020 2397 2502 3750 3760 3789 3841 3885 3938 3959 3969 4042 4057 4162 4345 
Group03_30.txt
588 
Group03_31.txt
624 
Group03_33.txt
365 441 780 839 959 1460 
Group03_34.txt
851 887 926 970 1079 2289 
Group03_36.txt
310 
Group03_40.txt
344 420 759 818 938 
Group03_49.txt
102 328 582 
Group06_26.txt
238 
Group06_33.txt
444 496 514 
Group06_34.txt
83 116 
Group06_43.txt
22 122 125 129 380 492 726 
Group06_44.txt
34 45 102 
Group06_48.txt
4 17 427 
Group08_03.txt
170 249 377 
Group08_15.txt
429 729 
Group09_50.txt
94 506 
Group10_02.txt
77 358 443 
Group10_26.txt
77 358 443 
Group10_33.txt
341 989 1377 1509 1588 
Group11-04.txt
412 
Group11-28.txt
456 
Group13_26.txt
3300 
Group13_29.txt
230 333 357 1035 3091 
Group13_49.txt
427 
