Group01_01.txt
100 143 295 571 
Group01_02.txt
108 
Group01_03.txt
1001 1021 
Group01_05.txt
353 
Group01_06.txt
649 
Group01_07.txt
116 426 
Group01_08.txt
136 226 903 
Group01_12.txt
43 175 308 
Group01_14.txt
108 310 495 
Group01_15.txt
181 190 
Group01_16.txt
151 309 326 
Group01_18.txt
21 203 283 
Group01_19.txt
38 59 78 164 306 315 548 
Group01_20.txt
584 
Group01_21.txt
21 332 
Group01_25.txt
850 1079 
Group01_27.txt
41 296 
Group01_28.txt
73 120 127 144 178 189 219 
Group01_31.txt
125 323 
Group01_33.txt
66 400 
Group01_34.txt
253 444 
Group01_35.txt
525 612 649 692 712 760 801 1096 1201 1234 
Group01_36.txt
12 
Group01_37.txt
3 191 
Group01_38.txt
21 330 
Group01_39.txt
121 193 
Group01_40.txt
5 145 172 278 824 
Group01_42.txt
3 91 157 193 338 
Group01_43.txt
63 275 
Group01_47.txt
12 70 
Group01_48.txt
194 
Group01_49.txt
1 39 96 138 455 
Group01_50.txt
99 
Group02_01.txt
15 676 
Group02_02.txt
395 563 
Group02_03.txt
196 
Group02_04.txt
696 704 
Group02_07.txt
541 
Group02_09.txt
67 
Group02_10.txt
297 406 914 1069 
Group02_12.txt
268 
Group02_14.txt
101 146 219 252 281 404 415 822 872 
Group02_15.txt
388 500 506 
Group02_16.txt
6 64 109 500 557 784 
Group02_18.txt
1066 2099 2108 2137 
Group02_20.txt
2548 4143 
Group02_21.txt
1541 
Group02_22.txt
3089 
Group02_24.txt
217 
Group02_27.txt
1114 1120 
Group02_28.txt
196 209 521 
Group02_29.txt
1273 
Group02_31.txt
411 709 1141 1249 
Group02_32.txt
425 
Group02_35.txt
469 
Group02_38.txt
732 1019 2061 2238 2243 2298 2310 2454 2624 2762 2767 2821 3209 3576 3580 
Group02_39.txt
692 1662 
Group02_41.txt
1569 
Group02_43.txt
1155 
Group02_44.txt
125 133 
Group02_45.txt
546 556 569 585 619 644 673 696 729 742 
Group02_48.txt
1626 
Group02_49.txt
449 516 3325 
Group02_50.txt
666 962 1017 
Group03_01.txt
407 
Group03_03.txt
195 320 336 537 542 567 979 1150 
Group03_04.txt
111 127 132 1100 
Group03_05.txt
684 
Group03_06.txt
179 531 647 1064 1502 2696 2734 
Group03_07.txt
131 1344 1979 2249 
Group03_08.txt
100 
Group03_09.txt
898 944 
Group03_10.txt
421 
Group03_11.txt
88 665 
Group03_12.txt
283 286 725 932 1023 1034 1312 1369 
Group03_13.txt
18 1460 
Group03_14.txt
35 589 1027 1112 1125 
Group03_15.txt
430 523 654 662 678 
Group03_16.txt
204 216 782 
Group03_17.txt
57 117 142 299 647 813 
Group03_19.txt
85 
Group03_20.txt
8 26 203 
Group03_21.txt
227 572 870 921 1345 1571 
Group03_23.txt
17 95 360 
Group03_24.txt
133 
Group03_26.txt
53 322 723 1294 
Group03_28.txt
895 
Group03_29.txt
1028 1783 1894 1943 1948 1997 
Group03_30.txt
1613 
Group03_31.txt
269 840 894 1552 1933 2276 2297 
Group03_32.txt
183 525 
Group03_33.txt
277 684 875 1061 1112 1121 
Group03_34.txt
178 915 1015 1241 2676 2727 
Group03_35.txt
13 928 
Group03_36.txt
1634 
Group03_37.txt
1092 1178 1398 1722 2296 2306 
Group03_38.txt
469 875 
Group03_39.txt
166 508 
Group03_40.txt
256 663 854 1040 1091 1100 
Group03_41.txt
13 
Group03_42.txt
1025 
Group03_46.txt
31 105 202 374 
Group03_47.txt
344 952 
Group03_48.txt
1 629 
Group03_49.txt
813 
Group03_50.txt
527 905 1020 1036 1279 
Group04_01.txt
195 242 335 
Group04_03.txt
79 195 246 298 329 461 
Group04_05.txt
284 440 
Group04_06.txt
401 
Group04_07.txt
1195 
Group04_08.txt
93 
Group04_09.txt
517 
Group04_10.txt
618 662 
Group04_14.txt
74 89 136 317 
Group04_15.txt
561 955 
Group04_16.txt
10 170 408 
Group04_17.txt
285 733 1127 1180 
Group04_19.txt
21 
Group04_20.txt
189 
Group04_21.txt
122 639 874 
Group04_24.txt
49 
Group04_25.txt
553 
Group04_26.txt
10 27 814 
Group04_27.txt
26 
Group04_28.txt
37 61 101 146 195 
Group04_30.txt
206 731 735 820 827 
Group04_34.txt
645 
Group04_35.txt
30 
Group04_36.txt
478 
Group04_37.txt
32 98 183 
Group04_39.txt
240 
Group04_40.txt
49 130 334 349 
Group04_41.txt
68 314 430 
Group04_43.txt
12 66 352 
Group04_44.txt
10 
Group04_46.txt
10 
Group04_47.txt
23 
Group04_48.txt
47 181 
Group04_50.txt
39 
Group05_02.txt
891 
Group05_03.txt
28 219 384 
Group05_04.txt
535 609 640 
Group05_06.txt
204 356 557 609 708 928 1000 
Group05_07.txt
357 476 
Group05_08.txt
26 82 171 404 
Group05_09.txt
493 
Group05_10.txt
165 388 
Group05_11.txt
383 
Group05_13.txt
602 
Group05_14.txt
160 
Group05_16.txt
67 
Group05_18.txt
605 
Group05_20.txt
418 1057 1059 
Group05_21.txt
285 889 
Group05_22.txt
319 369 
Group05_23.txt
215 
Group05_24.txt
15 56 613 
Group05_26.txt
28 599 
Group05_27.txt
34 78 103 206 227 607 647 1109 1207 1274 
Group05_28.txt
51 147 533 
Group05_29.txt
9 65 84 103 109 144 197 294 334 360 404 
Group05_30.txt
192 296 329 461 663 
Group05_31.txt
262 
Group05_32.txt
329 488 847 
Group05_36.txt
163 
Group05_38.txt
306 
Group05_39.txt
184 
Group05_40.txt
174 183 215 
Group05_43.txt
225 259 313 364 416 612 
Group05_44.txt
829 
Group05_45.txt
149 601 639 1052 1107 1128 1149 1160 
Group05_46.txt
475 613 
Group05_47.txt
56 77 
Group05_48.txt
528 
Group06_04.txt
410 
Group06_05.txt
44 161 231 417 702 
Group06_06.txt
746 852 856 
Group06_09.txt
206 
Group06_10.txt
9 49 62 
Group06_11.txt
0 11 43 66 94 339 
Group06_12.txt
152 529 
Group06_13.txt
82 124 308 394 476 634 
Group06_14.txt
67 698 
Group06_15.txt
9 241 274 493 540 
Group06_16.txt
4 35 918 
Group06_18.txt
731 
Group06_19.txt
37 671 
Group06_20.txt
437 451 461 510 553 
Group06_21.txt
46 246 336 445 472 740 757 793 
Group06_22.txt
632 
Group06_23.txt
723 
Group06_26.txt
446 
Group06_27.txt
153 205 
Group06_28.txt
0 47 106 538 585 
Group06_29.txt
32 107 305 
Group06_30.txt
19 35 74 138 544 555 
Group06_32.txt
185 330 629 
Group06_33.txt
30 245 507 
Group06_34.txt
141 260 356 
Group06_35.txt
405 482 
Group06_36.txt
0 28 307 629 640 
Group06_37.txt
236 398 408 506 
Group06_38.txt
339 
Group06_39.txt
5 60 
Group06_41.txt
0 17 580 
Group06_42.txt
0 68 250 257 
Group06_44.txt
0 21 76 91 288 488 748 875 918 
Group06_46.txt
0 83 142 166 186 275 369 608 741 
Group06_47.txt
41 354 422 
Group06_48.txt
20 39 109 214 315 344 451 
Group06_49.txt
226 234 255 
Group06_50.txt
0 88 550 
Group07_02.txt
161 237 381 
Group07_03.txt
794 
Group07_04.txt
164 384 
Group07_05.txt
10 86 815 
Group07_06.txt
11 87 108 183 525 682 
Group07_07.txt
527 710 779 1059 
Group07_09.txt
532 591 
Group07_10.txt
464 476 
Group07_11.txt
59 
Group07_12.txt
557 629 949 
Group07_13.txt
554 
Group07_14.txt
355 548 
Group07_15.txt
486 
Group07_16.txt
160 
Group07_19.txt
568 
Group07_21.txt
83 
Group07_24.txt
1861 
Group07_26.txt
91 694 
Group07_27.txt
121 161 403 
Group07_28.txt
25 319 
Group07_29.txt
91 
Group07_30.txt
29 69 86 140 283 567 633 683 
Group07_31.txt
522 1635 
Group07_33.txt
39 260 
Group07_37.txt
222 394 673 856 961 1150 1283 1291 1382 1398 1516 1600 1660 1777 
Group07_38.txt
59 228 654 1800 
Group07_39.txt
82 113 338 414 
Group07_40.txt
165 
Group07_42.txt
379 472 537 
Group07_44.txt
134 529 616 773 
Group07_46.txt
276 535 
Group07_47.txt
209 450 
Group07_48.txt
288 757 1028 
Group07_49.txt
1120 1336 1468 2312 
Group08_01.txt
54 253 283 369 758 
Group08_03.txt
145 
Group08_06.txt
964 
Group08_10.txt
153 352 382 468 857 
Group08_11.txt
594 605 741 
Group08_13.txt
54 130 293 436 781 
Group08_16.txt
1450 
Group08_17.txt
51 131 636 654 735 
Group08_18.txt
6 126 190 259 293 693 
Group08_20.txt
152 
Group08_21.txt
529 
Group08_24.txt
817 
Group08_25.txt
123 141 
Group08_27.txt
169 
Group08_29.txt
274 619 1086 
Group08_30.txt
1520 
Group08_31.txt
276 299 894 
Group08_33.txt
126 170 
Group08_34.txt
5 28 
Group08_36.txt
140 144 
Group08_38.txt
114 132 
Group08_40.txt
443 
Group08_44.txt
214 
Group08_45.txt
2 34 302 
Group08_47.txt
306 
Group09_01.txt
317 
Group09_02.txt
7 113 
Group09_03.txt
544 
Group09_06.txt
447 
Group09_07.txt
326 
Group09_09.txt
7 66 316 441 596 715 
Group09_10.txt
33 104 268 381 404 554 577 659 
Group09_11.txt
8 17 19 34 270 423 590 
Group09_14.txt
43 527 
Group09_15.txt
358 
Group09_16.txt
35 212 
Group09_17.txt
343 
Group09_19.txt
75 145 447 
Group09_20.txt
94 249 
Group09_21.txt
58 102 395 1147 
Group09_22.txt
77 92 139 329 
Group09_23.txt
26 
Group09_24.txt
104 612 
Group09_25.txt
88 
Group09_26.txt
22 157 1149 1167 1223 1235 
Group09_27.txt
311 
Group09_29.txt
229 
Group09_30.txt
431 
Group09_31.txt
149 
Group09_32.txt
7 50 86 
Group09_33.txt
63 246 297 344 473 
Group09_34.txt
13 
Group09_35.txt
49 128 
Group09_36.txt
7 274 470 510 
Group09_37.txt
281 
Group09_40.txt
24 
Group09_42.txt
86 132 587 602 
Group09_43.txt
223 228 549 674 
Group09_45.txt
4 20 62 149 
Group09_48.txt
282 
Group10_01.txt
534 581 
Group10_03.txt
42 532 870 957 
Group10_04.txt
274 
Group10_05.txt
175 331 478 
Group10_06.txt
3 32 345 
Group10_07.txt
259 
Group10_08.txt
544 
Group10_09.txt
45 249 655 757 
Group10_10.txt
33 146 202 226 412 425 617 736 852 
Group10_11.txt
405 859 
Group10_12.txt
11 21 78 101 335 
Group10_13.txt
188 666 669 672 
Group10_14.txt
47 103 136 
Group10_16.txt
674 699 752 925 
Group10_18.txt
337 
Group10_19.txt
198 225 
Group10_20.txt
149 307 
Group10_21.txt
7 103 425 
Group10_23.txt
130 
Group10_24.txt
201 205 248 516 
Group10_28.txt
137 696 1061 
Group10_29.txt
137 161 
Group10_32.txt
23 396 
Group10_33.txt
62 348 808 811 874 911 1202 1237 1327 1368 1459 1471 
Group10_35.txt
116 921 948 1380 1487 
Group10_37.txt
191 454 
Group10_38.txt
874 
Group10_39.txt
787 
Group10_43.txt
86 
Group10_48.txt
463 
Group10_50.txt
24 109 
Group11-01.txt
19 96 100 194 242 338 361 490 493 512 571 586 633 670 697 711 730 781 811 
Group11-02.txt
335 533 639 776 1182 1200 
Group11-04.txt
441 687 807 
Group11-05.txt
1766 
Group11-07.txt
74 250 704 
Group11-10.txt
21 76 366 534 
Group11-13.txt
56 
Group11-14.txt
824 
Group11-15.txt
1122 1846 2492 
Group11-16.txt
61 863 1041 1115 1187 1681 1715 1738 1791 1922 2313 2365 2478 2486 2749 
Group11-17.txt
409 693 
Group11-18.txt
23 249 287 
Group11-19.txt
394 401 563 
Group11-22.txt
257 
Group11-23.txt
235 310 461 
Group11-24.txt
764 1073 2314 
Group11-28.txt
67 97 809 
Group11-29.txt
16 61 168 246 
Group11-30.txt
73 
Group11-31.txt
482 
Group11-36.txt
353 
Group11-38.txt
84 341 346 470 504 799 
Group11-39.txt
274 
Group11-40.txt
400 422 
Group11-41.txt
177 
Group11-43.txt
117 
Group11-44.txt
15 
Group11-45.txt
983 
Group11-46.txt
14 
Group11-47.txt
101 134 151 230 579 620 
Group11-49.txt
599 
Group11-50.txt
6 194 330 
Group12_06.txt
253 343 
Group12_09.txt
447 
Group12_10.txt
217 
Group12_13.txt
961 1202 
Group12_15.txt
447 
Group12_22.txt
369 
Group12_23.txt
400 
Group12_24.txt
2 35 129 386 437 893 
Group12_25.txt
451 646 
Group12_26.txt
0 216 338 1550 
Group12_27.txt
296 
Group12_28.txt
539 
Group12_31.txt
91 265 310 318 
Group12_36.txt
16 39 112 274 
Group12_38.txt
48 163 215 398 602 643 686 
Group12_39.txt
22 128 229 
Group12_42.txt
42 112 543 
Group12_43.txt
118 546 
Group12_44.txt
519 
Group12_45.txt
274 
Group12_46.txt
68 159 
Group12_49.txt
917 2034 2675 
Group13_01.txt
97 563 569 
Group13_02.txt
1376 
Group13_06.txt
1650 2224 
Group13_08.txt
533 1236 
Group13_09.txt
1081 1420 
Group13_11.txt
56 534 
Group13_12.txt
1 679 
Group13_13.txt
4 
Group13_14.txt
130 377 
Group13_16.txt
310 
Group13_18.txt
125 
Group13_20.txt
22 
Group13_21.txt
506 569 1180 1212 
Group13_22.txt
960 2555 4375 5234 6225 8594 11711 12611 12799 12878 12900 12912 14680 
Group13_23.txt
89 611 701 881 1086 1322 3375 
Group13_24.txt
530 544 1974 2121 3032 4213 5287 5376 5452 5545 
Group13_25.txt
1062 
Group13_26.txt
1210 1620 1653 2311 2333 2508 4012 4018 4032 5322 6429 6445 6797 6877 7214 7916 
Group13_28.txt
1056 2793 
Group13_29.txt
4919 
Group13_30.txt
839 2447 2566 
Group13_31.txt
92 
Group13_33.txt
745 892 1311 
Group13_34.txt
346 401 
Group13_35.txt
49 1197 
Group13_37.txt
1128 1611 
Group13_39.txt
223 834 1700 
Group13_40.txt
147 539 592 765 822 
Group13_42.txt
29 285 736 835 871 929 984 1077 
Group13_43.txt
624 1805 
Group13_44.txt
1602 1653 1943 
Group13_45.txt
474 843 906 1054 1358 
Group13_46.txt
1526 1633 1672 1963 2128 
Group13_47.txt
268 455 
Group13_48.txt
30 1606 1669 
Group13_49.txt
266 1083 1123 1541 
Group13_50.txt
73 182 596 1094 1255 1309 
Group14_01.txt
21 40 119 133 149 348 357 
Group14_07.txt
564 
Group14_10.txt
223 
Group14_12.txt
157 344 361 
Group14_13.txt
8 30 272 
Group14_14.txt
352 
Group14_16.txt
202 278 470 
Group14_19.txt
359 366 475 547 
Group14_20.txt
270 508 
Group14_22.txt
24 106 149 383 
Group14_27.txt
191 485 
Group14_28.txt
356 394 431 
Group14_29.txt
45 
Group14_30.txt
203 419 471 718 844 
Group14_31.txt
48 729 
Group14_32.txt
293 
Group14_34.txt
68 461 554 707 
Group14_37.txt
824 
Group14_38.txt
54 229 236 277 280 553 666 767 852 
Group14_39.txt
75 
Group14_42.txt
531 542 779 
Group14_43.txt
149 515 
Group14_44.txt
249 272 297 333 
Group14_45.txt
538 
Group14_46.txt
327 421 489 
Group14_47.txt
220 235 361 556 721 
Group14_48.txt
298 
Group14_50.txt
591 
