Group01_23.txt
463 
Group01_26.txt
556 
Group01_37.txt
49 166 439 
Group01_41.txt
502 
Group01_42.txt
8 343 428 437 501 
Group01_45.txt
17 
Group01_47.txt
7 127 
Group02_02.txt
557 
Group02_13.txt
917 
Group03_05.txt
512 
Group03_07.txt
1435 2228 
Group03_14.txt
137 246 
Group03_15.txt
288 300 
Group03_26.txt
1540 
Group03_29.txt
222 253 
Group03_33.txt
175 
Group03_34.txt
552 
Group03_40.txt
154 
Group03_42.txt
203 234 
Group03_45.txt
108 408 
Group03_49.txt
160 161 176 204 260 291 299 699 
Group04_01.txt
240 440 
Group04_03.txt
492 
Group04_06.txt
135 698 751 
Group04_07.txt
805 
Group04_08.txt
379 
Group04_09.txt
114 157 
Group04_10.txt
325 408 448 
Group04_11.txt
533 
Group04_18.txt
198 
Group04_23.txt
62 225 274 
Group04_26.txt
196 
Group04_27.txt
180 
Group04_28.txt
159 
Group04_30.txt
379 
Group04_32.txt
643 
Group04_33.txt
135 
Group04_34.txt
161 461 733 
Group04_35.txt
404 
Group04_36.txt
303 
Group04_39.txt
536 
Group04_43.txt
133 
Group04_46.txt
405 
Group05_04.txt
709 
Group05_08.txt
241 299 
Group05_10.txt
371 
Group05_14.txt
192 
Group05_16.txt
147 594 
Group05_22.txt
166 
Group05_24.txt
618 
Group05_25.txt
806 
Group05_26.txt
436 
Group05_28.txt
363 
Group05_33.txt
103 
Group05_41.txt
292 
Group05_44.txt
28 53 
Group05_49.txt
178 
Group06_04.txt
712 
Group06_23.txt
169 
Group07_02.txt
345 
Group07_03.txt
1766 
Group07_04.txt
151 925 1141 
Group07_06.txt
431 
Group07_07.txt
1364 
Group07_10.txt
484 
Group07_11.txt
385 
Group07_14.txt
152 
Group07_16.txt
72 204 747 
Group07_18.txt
150 
Group07_19.txt
129 
Group07_21.txt
274 609 
Group07_22.txt
148 
Group07_23.txt
283 322 
Group07_24.txt
195 449 
Group07_26.txt
166 227 459 
Group07_31.txt
619 924 973 1060 1231 1330 1907 
Group07_32.txt
57 141 332 
Group07_34.txt
176 227 587 673 
Group07_37.txt
481 1692 
Group07_38.txt
408 
Group07_39.txt
71 
Group07_42.txt
186 288 529 
Group07_44.txt
387 
Group07_46.txt
107 561 728 
Group07_48.txt
252 340 794 965 1141 
Group07_49.txt
175 
Group07_50.txt
123 161 
Group08_02.txt
46 122 
Group08_03.txt
103 141 234 362 394 582 
Group08_04.txt
134 175 204 680 
Group08_06.txt
152 
Group08_08.txt
24 
Group08_09.txt
81 136 179 
Group08_10.txt
97 
Group08_12.txt
321 
Group08_14.txt
41 73 76 
Group08_23.txt
134 175 204 681 
Group08_30.txt
680 
Group08_32.txt
70 
Group08_33.txt
50 112 116 
Group08_36.txt
178 
Group08_42.txt
94 
Group09_06.txt
173 
Group09_11.txt
292 
Group09_13.txt
596 
Group09_18.txt
221 391 
Group09_19.txt
199 
Group09_30.txt
315 
Group09_31.txt
120 
Group09_32.txt
139 309 
Group09_39.txt
161 
Group09_45.txt
273 
Group09_46.txt
133 
Group09_50.txt
399 
Group10_01.txt
666 
Group10_02.txt
156 
Group10_03.txt
979 
Group10_23.txt
421 564 
Group10_26.txt
156 
Group10_32.txt
185 350 533 607 
Group10_36.txt
464 897 
Group10_37.txt
113 736 
Group10_38.txt
236 904 953 
Group10_41.txt
471 
Group10_44.txt
116 492 
Group10_48.txt
181 
Group10_49.txt
426 
Group11-09.txt
226 
Group11-15.txt
706 
Group11-28.txt
916 
Group11-29.txt
703 
Group11-30.txt
579 
Group11-32.txt
752 
Group11-45.txt
586 
Group12_01.txt
1384 
Group12_04.txt
1719 1945 
Group12_07.txt
325 
Group12_10.txt
70 
Group12_14.txt
602 872 
Group12_25.txt
715 
Group12_30.txt
474 
Group12_32.txt
464 
Group12_33.txt
243 451 
Group12_46.txt
118 408 748 
Group12_48.txt
240 
Group12_49.txt
370 1389 
Group13_01.txt
72 505 
Group13_02.txt
273 431 662 1089 1404 1513 1598 1643 1724 
Group13_03.txt
185 665 
Group13_04.txt
164 961 
Group13_05.txt
32 192 212 
Group13_07.txt
36 137 
Group13_09.txt
1338 1590 
Group13_11.txt
60 332 525 
Group13_12.txt
124 325 507 561 725 
Group13_13.txt
34 
Group13_14.txt
219 555 
Group13_15.txt
252 470 596 
Group13_17.txt
42 221 
Group13_18.txt
585 
Group13_19.txt
412 
Group13_20.txt
290 367 
Group13_21.txt
41 2017 
Group13_22.txt
95 110 119 131 319 434 826 1075 1273 1537 1744 1895 2065 2631 2706 2731 2985 3549 3816 3937 4014 4121 4345 4557 5388 5507 6722 6877 6909 7104 7234 7557 7664 8836 8934 8984 9672 9869 10179 10813 11010 11470 11518 11731 12298 12991 13077 13316 13884 14025 14311 14728 14992 15250 16533 16585 
Group13_24.txt
525 2453 
Group13_25.txt
39 197 321 355 1343 1481 1537 1645 2055 2349 
Group13_26.txt
32 53 349 405 511 941 1759 2220 2349 2613 2949 2977 4027 4109 4233 4240 4410 4891 5177 5661 5838 6003 6593 6768 7282 7448 7833 8008 8153 8506 8714 9051 9858 9937 10134 
Group13_27.txt
21 61 69 102 770 833 853 1215 1296 2739 2890 3029 3081 
Group13_28.txt
25 69 140 263 416 459 563 718 735 943 1101 1112 1416 1480 1636 1846 1973 2026 2144 2336 2646 2701 2747 3169 3206 
Group13_29.txt
27 95 133 403 461 491 681 772 1175 1252 1256 1267 1312 1373 1633 1924 2078 2397 2417 2767 2885 2977 3020 3211 3543 4011 4487 5196 
Group13_30.txt
40 55 62 336 602 669 1016 1447 1793 2496 3081 3508 3575 3848 
Group13_31.txt
66 75 131 231 315 480 543 
Group13_34.txt
70 
Group13_35.txt
44 
Group13_38.txt
213 
Group13_39.txt
569 
Group13_41.txt
177 
Group13_42.txt
45 157 469 1049 1136 1366 
Group13_44.txt
48 55 1656 3415 
Group13_45.txt
39 
Group13_46.txt
62 2232 
Group13_48.txt
59 
Group13_50.txt
29 35 364 670 758 861 1305 
Group14_07.txt
89 
Group14_08.txt
7 51 
Group14_21.txt
133 
Group14_22.txt
564 
Group14_25.txt
385 560 
