Group02_27.txt
524 811 814 821 829 830 834 841 908 912 991 1121 1129 1130 1136 1149 1157 1296 1304 1327 1366 1389 1479 1494 1511 1550 1681 1759 1773 1780 1782 1792 1807 1840 
Group02_28.txt
321 338 345 390 410 491 499 691 718 1572 1581 1585 1606 1632 1683 1694 1704 1863 1982 1989 2057 2083 
Group02_29.txt
126 728 745 752 769 783 849 1175 1178 
Group02_33.txt
1818 1859 2401 2825 3117 3148 3158 
Group02_38.txt
631 634 653 714 733 759 802 813 1564 1590 1609 1616 1648 1655 1670 1712 1734 1747 1787 1933 1950 1965 2000 2261 2667 2745 2764 2769 
Group02_39.txt
912 
Group02_41.txt
1447 1470 
Group02_45.txt
248 266 323 329 333 355 377 387 396 432 448 513 547 557 570 586 593 611 620 627 645 666 674 680 691 697 702 714 730 737 749 764 811 890 895 976 1060 1105 1153 1162 1177 1259 1278 1305 1316 1330 1340 1350 1406 1431 1528 1571 1582 1606 1612 1682 1730 1739 1748 1789 1822 1871 
Group02_49.txt
202 207 223 261 266 571 576 1110 1115 1217 1389 1404 1411 1415 1425 1497 1538 1552 1577 1658 1707 1727 1795 1993 
Group02_50.txt
1322 1494 1518 1557 1590 1614 2004 2027 2041 
Group03_34.txt
1927 
Group06_35.txt
220 243 257 
