Group02_27.txt
264 520 1487 1597 1632 
Group02_28.txt
253 327 354 371 709 1540 
Group02_29.txt
122 836 962 973 1109 1208 
Group02_38.txt
799 1645 1661 1758 2731 
Group02_41.txt
1424 1485 
Group02_45.txt
259 273 301 456 996 1116 1123 1157 1174 1209 1287 1326 1338 1404 1419 1455 1494 1536 1742 1758 
Group02_46.txt
218 
Group02_49.txt
170 197 279 1175 1593 1932 2052 2059 2182 2191 2467 2780 3964 
Group02_50.txt
1481 1491 2009 
Group03_34.txt
864 
Group06_28.txt
530 
Group06_35.txt
225 
Group06_43.txt
376 
