Group01_01.txt
363 432 
Group01_02.txt
59 252 
Group01_03.txt
248 254 775 1078 1243 
Group01_04.txt
259 
Group01_05.txt
287 
Group01_06.txt
90 370 1166 1174 
Group01_07.txt
86 215 328 
Group01_08.txt
413 600 872 1134 1142 
Group01_09.txt
746 754 
Group01_10.txt
53 735 856 
Group01_11.txt
41 243 349 474 639 679 774 862 900 
Group01_12.txt
453 
Group01_13.txt
79 
Group01_15.txt
14 218 280 
Group01_17.txt
71 115 206 
Group01_19.txt
32 196 227 289 762 
Group01_20.txt
293 
Group01_24.txt
259 
Group01_25.txt
149 382 
Group01_26.txt
706 
Group01_27.txt
370 
Group01_28.txt
92 337 519 
Group01_29.txt
371 391 596 714 750 
Group01_30.txt
9 306 558 
Group01_31.txt
315 354 
Group01_32.txt
524 1079 
Group01_33.txt
640 701 
Group01_34.txt
221 250 296 373 
Group01_35.txt
439 523 1305 
Group01_36.txt
431 456 589 600 
Group01_40.txt
135 281 
Group01_41.txt
442 
Group01_42.txt
371 
Group01_43.txt
55 
Group01_44.txt
248 
Group01_45.txt
31 56 
Group01_46.txt
314 
Group01_47.txt
212 234 284 
Group01_48.txt
68 110 
Group01_49.txt
476 
Group01_50.txt
316 
Group02_01.txt
575 
Group02_02.txt
123 136 867 884 904 
Group02_03.txt
50 183 548 
Group02_04.txt
131 222 292 732 
Group02_05.txt
107 458 608 677 691 
Group02_06.txt
47 
Group02_08.txt
374 582 
Group02_09.txt
127 423 551 560 650 
Group02_10.txt
393 
Group02_11.txt
298 459 510 572 733 
Group02_12.txt
201 485 895 1084 
Group02_13.txt
107 365 987 
Group02_14.txt
142 195 409 548 610 689 747 818 833 882 
Group02_15.txt
177 407 430 
Group02_16.txt
492 
Group02_17.txt
503 559 683 
Group02_18.txt
911 1175 1431 1454 1795 1903 2085 2398 2742 2839 3124 
Group02_19.txt
203 316 565 573 733 778 963 992 1021 1036 1234 1438 1637 
Group02_20.txt
104 107 138 292 859 1258 1331 1558 1724 1792 2570 2693 2805 3651 3804 3991 4010 4188 
Group02_21.txt
1311 2715 2764 2779 
Group02_22.txt
289 882 924 985 1594 1614 1843 2218 2366 2380 2394 2479 2491 3046 3446 3452 3672 
Group02_23.txt
189 319 767 774 841 923 1660 
Group02_24.txt
175 354 481 968 1221 
Group02_25.txt
348 469 
Group02_26.txt
90 176 282 721 
Group02_27.txt
409 630 700 960 1098 1263 1693 1834 
Group02_28.txt
169 242 386 517 748 1386 1443 1677 1749 1954 2129 
Group02_29.txt
374 439 462 557 625 657 
Group02_30.txt
283 338 400 547 725 891 958 965 1023 2223 2399 3129 3594 3710 3727 3745 3760 3934 3945 4104 4434 4470 
Group02_31.txt
214 1711 1723 2126 2606 
Group02_32.txt
975 992 1324 1579 1611 2292 
Group02_33.txt
367 774 971 1292 1459 1670 1982 2194 2919 3313 
Group02_34.txt
51 90 263 371 500 549 613 654 973 988 997 1140 
Group02_35.txt
361 383 477 541 
Group02_36.txt
222 703 718 1069 1204 1468 1660 1698 
Group02_37.txt
35 144 158 169 620 804 1159 1319 1407 1485 1491 
Group02_38.txt
174 206 353 384 485 740 1121 1179 1535 2457 2947 2965 3437 3583 
Group02_39.txt
469 1045 1466 
Group02_40.txt
220 284 529 548 648 712 790 1316 1651 1791 2150 2181 2325 
Group02_41.txt
53 107 537 583 828 867 1212 1262 1298 1449 1648 
Group02_42.txt
123 141 302 485 562 745 
Group02_43.txt
140 168 308 696 1039 1126 1303 
Group02_44.txt
628 1349 
Group02_45.txt
1085 1175 
Group02_46.txt
742 866 889 1104 1836 1942 2483 2526 2553 
Group02_47.txt
60 112 200 273 607 717 742 847 1081 1290 1376 1401 1438 
Group02_48.txt
359 515 570 637 1054 1074 1251 1261 1406 1417 1464 2306 2813 
Group02_49.txt
57 86 317 733 783 964 1599 2151 2221 2493 2737 3278 3888 4311 
Group02_50.txt
1200 1287 1569 1809 2033 
Group03_02.txt
45 193 377 462 560 638 711 
Group03_03.txt
555 1154 1275 
Group03_04.txt
2 228 289 321 1238 1256 1606 1656 1771 1976 2136 2252 2305 
Group03_05.txt
93 774 901 1056 
Group03_06.txt
159 182 399 1513 2164 2215 2327 2365 2416 2583 
Group03_07.txt
111 141 268 380 491 1295 1320 1385 1394 1439 1516 1522 1531 1838 1878 1926 2045 2310 2530 2608 2617 
Group03_08.txt
522 626 812 841 853 
Group03_09.txt
6 940 1028 
Group03_10.txt
605 739 982 
Group03_11.txt
127 761 769 822 
Group03_12.txt
206 684 1153 1343 
Group03_13.txt
573 579 1302 
Group03_14.txt
147 276 361 431 778 843 995 1017 1074 1141 
Group03_15.txt
96 308 493 
Group03_16.txt
706 712 
Group03_17.txt
73 163 
Group03_18.txt
450 728 1165 
Group03_20.txt
125 142 258 880 
Group03_21.txt
1465 1734 1865 2052 
Group03_22.txt
209 911 920 977 1126 
Group03_23.txt
10 81 99 290 401 624 652 
Group03_24.txt
652 697 832 1158 1708 1757 
Group03_25.txt
95 384 
Group03_26.txt
85 97 255 1068 1128 1615 
Group03_27.txt
139 149 1067 1376 1848 
Group03_29.txt
449 653 2124 
Group03_30.txt
259 828 942 1063 1518 1582 
Group03_31.txt
372 2531 2586 
Group03_32.txt
444 452 828 1260 1347 
Group03_33.txt
33 79 249 336 762 787 1047 
Group03_34.txt
330 408 604 662 881 1306 1448 1583 1775 1886 2095 2764 2875 2897 
Group03_35.txt
40 420 438 
Group03_36.txt
533 838 1041 1333 1458 1465 1480 1485 1489 1573 
Group03_37.txt
20 553 754 776 828 949 1000 1082 1260 1837 1856 1940 2009 2038 2062 2208 
Group03_38.txt
389 572 581 706 819 
Group03_39.txt
427 435 811 
Group03_40.txt
12 58 228 315 741 766 1026 
Group03_41.txt
238 
Group03_42.txt
433 643 
Group03_43.txt
190 
Group03_44.txt
44 616 852 
Group03_45.txt
212 428 481 
Group03_46.txt
507 
Group03_47.txt
914 
Group03_48.txt
144 575 612 738 757 770 807 857 
Group03_49.txt
205 467 477 540 788 
Group03_50.txt
427 685 852 957 
Group04_01.txt
121 202 267 435 533 617 
Group04_02.txt
236 427 
Group04_03.txt
4 176 
Group04_04.txt
210 
Group04_05.txt
114 280 287 335 487 516 519 
Group04_06.txt
424 720 
Group04_07.txt
159 382 444 594 1232 
Group04_08.txt
291 464 548 561 627 
Group04_09.txt
190 
Group04_10.txt
42 531 1155 
Group04_12.txt
96 594 
Group04_13.txt
158 351 777 1063 1140 
Group04_14.txt
102 291 601 
Group04_15.txt
644 663 840 869 980 995 
Group04_16.txt
113 367 383 
Group04_17.txt
84 193 947 993 1086 1148 
Group04_18.txt
46 464 470 
Group04_19.txt
44 300 333 
Group04_20.txt
514 
Group04_21.txt
805 
Group04_22.txt
41 
Group04_23.txt
135 439 
Group04_24.txt
439 573 629 
Group04_25.txt
636 643 
Group04_26.txt
518 771 784 
Group04_28.txt
129 382 669 
Group04_29.txt
22 37 128 171 202 270 570 
Group04_30.txt
746 781 1012 1027 
Group04_31.txt
361 487 
Group04_32.txt
603 669 697 
Group04_33.txt
221 427 566 
Group04_34.txt
46 67 154 232 264 608 673 772 803 862 910 
Group04_35.txt
133 139 219 278 345 479 523 544 
Group04_36.txt
376 396 670 
Group04_38.txt
170 287 307 372 
Group04_39.txt
47 219 
Group04_40.txt
25 
Group04_41.txt
326 437 838 1084 1090 
Group04_42.txt
365 375 494 497 529 
Group04_43.txt
572 782 
Group04_44.txt
146 189 371 523 604 
Group04_45.txt
106 144 
Group04_46.txt
38 330 362 418 427 552 599 858 933 1173 
Group04_47.txt
245 
Group04_48.txt
399 484 
Group04_49.txt
266 
Group04_50.txt
315 494 634 
Group05_02.txt
1270 1285 
Group05_03.txt
60 
Group05_04.txt
216 266 292 542 563 845 1018 
Group05_05.txt
377 
Group05_06.txt
112 343 
Group05_07.txt
380 
Group05_08.txt
77 249 
Group05_09.txt
161 515 854 861 
Group05_10.txt
102 107 446 
Group05_12.txt
72 
Group05_13.txt
600 1198 
Group05_15.txt
443 
Group05_16.txt
227 337 444 549 561 575 
Group05_17.txt
895 
Group05_18.txt
224 234 334 661 829 968 1011 
Group05_19.txt
135 483 624 
Group05_20.txt
482 584 666 808 
Group05_21.txt
326 925 
Group05_23.txt
982 1096 1290 1421 
Group05_24.txt
244 496 
Group05_26.txt
872 
Group05_27.txt
215 374 755 1463 
Group05_28.txt
41 197 272 360 414 481 
Group05_31.txt
271 
Group05_32.txt
736 
Group05_35.txt
94 408 
Group05_38.txt
56 196 274 
Group05_39.txt
159 
Group05_40.txt
173 
Group05_41.txt
87 173 
Group05_43.txt
442 620 
Group05_44.txt
1073 
Group05_45.txt
268 319 457 
Group05_46.txt
143 
Group05_49.txt
145 
Group05_50.txt
483 
Group06_01.txt
84 120 221 252 480 
Group06_02.txt
489 737 
Group06_03.txt
2 363 407 415 460 627 745 
Group06_04.txt
382 397 496 
Group06_07.txt
116 211 
Group06_08.txt
266 319 
Group06_09.txt
185 
Group06_10.txt
693 711 718 
Group06_11.txt
422 593 
Group06_12.txt
515 
Group06_13.txt
432 576 583 700 
Group06_15.txt
453 
Group06_16.txt
354 418 
Group06_18.txt
259 289 293 
Group06_19.txt
641 
Group06_20.txt
177 323 
Group06_21.txt
358 411 762 
Group06_22.txt
364 400 
Group06_23.txt
63 453 493 683 813 908 
Group06_24.txt
233 
Group06_28.txt
24 456 755 
Group06_29.txt
140 460 713 
Group06_30.txt
144 
Group06_32.txt
595 
Group06_33.txt
398 516 714 761 
Group06_34.txt
406 
Group06_35.txt
106 
Group06_38.txt
727 
Group06_39.txt
328 410 
Group06_40.txt
305 
Group06_42.txt
85 176 305 
Group06_44.txt
166 678 696 
Group06_45.txt
201 255 642 
Group06_48.txt
231 275 293 601 
Group06_50.txt
73 654 
Group07_01.txt
35 337 437 628 
Group07_02.txt
511 671 
Group07_03.txt
261 442 819 966 1008 1161 1182 1488 1497 1541 1626 1680 1983 2073 2133 2511 
Group07_04.txt
93 134 154 219 853 
Group07_05.txt
307 387 507 545 
Group07_06.txt
127 386 
Group07_07.txt
412 456 
Group07_08.txt
200 202 209 
Group07_09.txt
578 624 
Group07_10.txt
302 530 
Group07_11.txt
465 582 
Group07_12.txt
226 391 422 500 753 
Group07_13.txt
567 
Group07_14.txt
272 382 467 
Group07_15.txt
592 
Group07_16.txt
112 373 518 535 
Group07_18.txt
52 165 186 201 305 871 
Group07_19.txt
272 451 787 983 
Group07_20.txt
200 223 231 
Group07_22.txt
18 119 275 280 285 457 634 811 
Group07_23.txt
301 
Group07_24.txt
50 147 248 1098 1617 1650 1893 2033 
Group07_26.txt
38 592 606 719 
Group07_28.txt
29 59 206 402 493 
Group07_29.txt
120 326 
Group07_30.txt
181 377 
Group07_31.txt
389 447 792 803 869 910 1022 1186 1250 1266 1704 1723 
Group07_32.txt
32 295 467 
Group07_33.txt
29 117 196 378 517 646 
Group07_34.txt
615 652 
Group07_35.txt
242 294 306 411 
Group07_36.txt
38 207 350 664 777 902 923 1045 
Group07_37.txt
215 220 606 1339 1393 1473 1591 
Group07_38.txt
199 578 979 995 1181 1350 1357 
Group07_39.txt
135 169 234 329 472 600 
Group07_40.txt
99 713 782 
Group07_41.txt
201 555 
Group07_42.txt
65 624 685 
Group07_43.txt
130 412 
Group07_44.txt
313 408 445 450 538 571 604 813 
Group07_45.txt
76 
Group07_46.txt
153 307 346 396 
Group07_47.txt
460 706 
Group07_48.txt
135 169 391 555 720 727 779 821 
Group07_49.txt
42 1210 1576 1998 2075 2429 2522 
Group07_50.txt
144 
Group08_01.txt
58 624 
Group08_02.txt
184 224 337 
Group08_03.txt
303 437 
Group08_04.txt
538 
Group08_06.txt
367 432 439 954 1130 
Group08_08.txt
319 
Group08_09.txt
477 494 592 631 
Group08_10.txt
157 723 
Group08_11.txt
437 789 
Group08_13.txt
381 393 
Group08_15.txt
469 765 911 
Group08_16.txt
127 161 420 432 919 1329 1554 1568 1782 
Group08_17.txt
438 465 719 762 1212 
Group08_18.txt
332 697 
Group08_19.txt
638 659 715 783 806 
Group08_20.txt
260 342 549 618 805 
Group08_21.txt
672 
Group08_22.txt
371 395 403 523 568 710 
Group08_23.txt
538 
Group08_24.txt
127 1025 
Group08_25.txt
223 446 1238 
Group08_27.txt
75 133 
Group08_28.txt
546 
Group08_29.txt
101 162 284 534 697 769 882 932 1060 1084 1139 1334 1365 
Group08_30.txt
67 215 270 435 613 1188 1460 1535 
Group08_31.txt
391 492 499 735 789 872 
Group08_32.txt
133 
Group08_34.txt
166 402 
Group08_35.txt
113 
Group08_38.txt
74 
Group08_39.txt
439 
Group08_40.txt
198 
Group08_41.txt
233 275 
Group08_43.txt
200 218 448 629 
Group08_45.txt
288 
Group08_47.txt
116 166 175 274 
Group09_01.txt
592 
Group09_02.txt
180 447 
Group09_03.txt
50 169 275 427 
Group09_06.txt
150 318 
Group09_07.txt
300 
Group09_08.txt
504 
Group09_09.txt
364 471 544 638 
Group09_10.txt
598 817 826 844 
Group09_11.txt
298 328 348 372 
Group09_15.txt
29 440 504 
Group09_16.txt
56 419 
Group09_17.txt
273 467 757 
Group09_18.txt
469 509 520 596 
Group09_20.txt
399 
Group09_22.txt
105 303 616 
Group09_24.txt
208 578 
Group09_25.txt
391 407 
Group09_27.txt
77 365 469 
Group09_28.txt
344 540 544 
Group09_29.txt
67 330 353 420 501 571 
Group09_30.txt
241 
Group09_31.txt
97 434 
Group09_32.txt
593 
Group09_34.txt
502 
Group09_35.txt
708 
Group09_36.txt
495 526 537 547 560 
Group09_37.txt
74 455 490 537 
Group09_38.txt
363 
Group09_39.txt
118 125 296 511 683 
Group09_40.txt
510 780 
Group09_43.txt
93 
Group09_44.txt
397 421 
Group09_45.txt
474 809 
Group09_46.txt
533 
Group09_47.txt
154 
Group09_48.txt
140 149 170 513 549 572 
Group09_50.txt
363 409 
Group10_01.txt
702 
Group10_02.txt
119 
Group10_03.txt
690 829 
Group10_04.txt
282 423 437 462 514 585 
Group10_05.txt
517 793 799 949 
Group10_06.txt
76 109 124 169 238 361 386 467 556 576 601 643 
Group10_07.txt
320 549 
Group10_08.txt
274 345 377 607 
Group10_09.txt
151 388 
Group10_10.txt
255 831 
Group10_11.txt
468 
Group10_13.txt
409 
Group10_14.txt
336 362 387 535 
Group10_15.txt
660 
Group10_16.txt
881 
Group10_17.txt
20 73 687 850 906 
Group10_18.txt
159 224 681 714 
Group10_19.txt
202 235 338 548 
Group10_20.txt
185 
Group10_21.txt
123 173 540 
Group10_22.txt
414 
Group10_24.txt
174 285 290 591 735 833 897 
Group10_25.txt
254 343 415 451 485 551 589 682 754 790 824 890 928 1093 1157 
Group10_26.txt
119 
Group10_28.txt
203 386 
Group10_30.txt
27 
Group10_32.txt
463 
Group10_35.txt
777 1721 
Group10_37.txt
770 
Group10_38.txt
358 777 838 993 1125 
Group10_39.txt
32 78 138 237 273 294 310 315 557 
Group10_40.txt
559 
Group10_41.txt
192 322 440 488 
Group10_42.txt
195 220 374 394 405 638 
Group10_43.txt
14 95 386 842 
Group10_44.txt
74 424 676 
Group10_45.txt
151 454 513 607 
Group10_46.txt
109 296 306 
Group10_47.txt
19 144 173 197 421 465 670 
Group10_48.txt
351 416 
Group10_49.txt
65 112 
Group10_50.txt
57 476 
Group11-01.txt
350 469 718 
Group11-02.txt
51 300 584 726 825 
Group11-03.txt
34 674 755 
Group11-04.txt
264 711 
Group11-05.txt
497 611 903 911 1672 1893 2151 2215 2311 
Group11-06.txt
471 515 
Group11-07.txt
416 
Group11-08.txt
579 
Group11-09.txt
349 
Group11-10.txt
224 307 585 
Group11-11.txt
423 557 
Group11-12.txt
315 
Group11-13.txt
385 
Group11-14.txt
378 745 892 1016 
Group11-15.txt
350 656 660 664 912 925 1503 1576 1655 1770 1913 1962 2298 2381 2475 2479 
Group11-16.txt
1275 1885 2216 2854 2891 3148 
Group11-17.txt
795 
Group11-18.txt
134 632 668 
Group11-19.txt
346 354 705 
Group11-20.txt
16 192 515 1298 
Group11-21.txt
45 154 499 699 731 
Group11-22.txt
56 276 362 734 
Group11-23.txt
517 852 
Group11-24.txt
213 403 421 674 876 1053 1287 1520 1539 1542 1550 1569 1577 1584 1967 2318 2322 2356 2359 2373 2509 
Group11-25.txt
388 
Group11-26.txt
117 291 316 
Group11-28.txt
605 986 1003 
Group11-29.txt
142 773 790 
Group11-30.txt
153 649 666 
Group11-32.txt
389 822 839 
Group11-33.txt
169 462 557 611 697 760 910 
Group11-35.txt
325 374 
Group11-37.txt
117 169 275 297 733 
Group11-38.txt
287 719 
Group11-39.txt
602 
Group11-40.txt
310 
Group11-41.txt
192 
Group11-42.txt
326 449 545 598 
Group11-43.txt
36 
Group11-44.txt
43 92 119 196 414 451 496 516 590 666 
Group11-45.txt
107 751 1048 1287 
Group11-46.txt
121 147 158 244 252 263 279 387 527 663 791 909 969 971 973 1104 1292 1378 1438 1479 
Group11-47.txt
372 686 703 708 777 
Group11-48.txt
149 345 492 866 
Group11-49.txt
440 
Group11-50.txt
47 111 604 684 901 924 
Group12_01.txt
132 492 1267 1584 
Group12_02.txt
1061 1074 1705 
Group12_03.txt
984 
Group12_04.txt
756 1203 2135 
Group12_06.txt
346 477 1244 
Group12_07.txt
233 241 370 377 520 548 642 912 999 1039 1153 1194 1363 1395 
Group12_08.txt
10 52 92 117 181 240 246 262 353 529 
Group12_09.txt
104 134 208 527 641 958 1066 
Group12_10.txt
208 
Group12_11.txt
170 323 365 449 493 498 684 
Group12_12.txt
170 323 365 449 493 498 684 
Group12_13.txt
291 1734 
Group12_14.txt
516 591 798 820 917 
Group12_15.txt
385 
Group12_16.txt
500 
Group12_17.txt
506 
Group12_18.txt
259 344 
Group12_19.txt
331 891 
Group12_21.txt
279 622 
Group12_22.txt
101 122 136 244 490 639 715 
Group12_23.txt
273 336 364 393 559 
Group12_24.txt
75 209 275 286 352 452 497 
Group12_25.txt
156 223 330 579 617 668 681 
Group12_26.txt
522 1405 
Group12_27.txt
377 
Group12_28.txt
368 396 
Group12_29.txt
287 497 548 
Group12_32.txt
435 502 
Group12_33.txt
239 486 
Group12_34.txt
438 
Group12_35.txt
478 
Group12_36.txt
135 180 213 249 305 
Group12_39.txt
276 
Group12_40.txt
385 
Group12_41.txt
285 300 343 672 
Group12_43.txt
586 
Group12_45.txt
50 364 397 
Group12_46.txt
513 
Group12_49.txt
478 656 663 774 1107 1290 1564 1753 2249 2340 2453 2671 
Group12_50.txt
234 
Group13_01.txt
157 534 
Group13_02.txt
218 451 772 1127 1232 1343 1529 1580 1602 1645 
Group13_03.txt
329 426 447 504 655 681 
Group13_04.txt
197 280 475 506 695 870 882 892 1205 
Group13_05.txt
118 359 618 1944 1969 1997 2150 
Group13_06.txt
205 240 249 264 341 416 1038 1098 1356 1519 1555 1679 1746 1919 2408 
Group13_07.txt
127 
Group13_08.txt
32 179 308 482 612 1113 1162 1169 
Group13_09.txt
82 93 556 1195 1475 1567 
Group13_10.txt
248 384 423 
Group13_12.txt
393 
Group13_13.txt
208 
Group13_14.txt
212 398 407 662 675 
Group13_15.txt
80 220 274 386 
Group13_17.txt
172 450 
Group13_18.txt
353 360 507 
Group13_19.txt
388 
Group13_20.txt
36 64 109 377 436 664 802 
Group13_21.txt
1018 1228 1302 1342 1688 1788 1971 
Group13_22.txt
1280 1446 1629 1656 3319 3325 5195 6739 6932 7045 7258 7403 7416 7570 7705 7826 8735 9053 9182 9214 9436 9557 9791 10225 10399 10875 11194 12968 13068 13515 13853 13917 14044 14280 14381 14556 14970 14996 15372 15891 16167 16257 16303 16336 16500 
Group13_23.txt
1164 1498 1569 1830 1871 2486 2614 2627 3242 3270 3425 3493 3861 
Group13_24.txt
216 331 373 443 613 651 1695 1731 1758 2144 2550 2599 2841 2930 2937 3617 3644 3793 4136 5334 5582 
Group13_25.txt
235 464 687 703 1229 1500 1720 1725 1953 2419 2557 
Group13_26.txt
244 1033 1140 1437 1890 2179 3119 3447 3612 3660 3672 3950 4251 4391 4543 4634 5066 5294 5648 5774 5793 5988 6008 6067 6101 6299 6539 7085 7200 7654 7889 8048 8123 8701 9075 9437 9447 9624 9632 10005 10167 10172 10313 
Group13_27.txt
618 670 726 732 814 937 1219 1231 1581 1612 1692 1838 1940 1952 2104 2110 2199 2382 2698 2727 2937 3146 3270 
Group13_28.txt
279 430 854 868 961 1251 1349 1360 1375 1433 1446 1463 1532 1543 1672 1695 1699 1732 1736 2005 2459 2720 2752 
Group13_29.txt
465 479 484 552 601 608 662 911 1862 1991 3160 3272 3355 3426 3448 3736 4110 4227 4265 4310 4413 4443 4474 4527 4540 4659 4707 4720 4764 5133 5223 
Group13_30.txt
164 228 369 374 620 647 722 807 825 1059 1062 1069 1163 1329 1573 1704 1745 2025 2091 2772 3035 3172 3426 3467 3537 3591 3921 
Group13_31.txt
24 236 326 352 491 512 526 711 
Group13_32.txt
231 484 814 841 1086 1156 1187 
Group13_33.txt
83 272 657 1105 1552 1636 1699 1705 1733 1790 
Group13_35.txt
190 197 1352 1386 1442 
Group13_36.txt
405 1303 
Group13_37.txt
290 315 349 988 1391 
Group13_38.txt
230 449 816 953 1122 1359 
Group13_39.txt
199 562 893 1383 1395 1506 1977 2077 2125 
Group13_40.txt
441 524 639 827 
Group13_41.txt
166 324 559 743 826 962 1445 1554 
Group13_42.txt
179 864 955 1031 1169 1220 1270 
Group13_43.txt
204 737 750 989 1053 1219 1578 1627 
Group13_44.txt
431 564 1257 1273 1451 1699 2145 3072 3196 3201 3654 
Group13_45.txt
143 540 606 640 698 1177 1250 1645 
Group13_46.txt
416 633 1543 2313 2375 
Group13_47.txt
235 273 582 878 931 1415 1423 1575 1599 1644 1673 1681 
Group13_48.txt
163 218 395 707 1188 1373 1553 1804 2329 
Group13_49.txt
665 704 849 1048 1531 2063 
Group13_50.txt
558 1244 1379 
Group14_01.txt
260 
Group14_03.txt
382 
Group14_05.txt
153 
Group14_06.txt
215 504 526 
Group14_08.txt
179 
Group14_10.txt
345 
Group14_11.txt
112 116 
Group14_12.txt
248 265 492 
Group14_13.txt
163 
Group14_15.txt
148 185 281 
Group14_16.txt
237 297 439 
Group14_19.txt
515 652 770 816 
Group14_20.txt
417 633 644 888 
Group14_21.txt
125 481 
Group14_22.txt
191 483 509 
Group14_24.txt
421 
Group14_25.txt
11 184 188 270 
Group14_27.txt
703 
Group14_28.txt
412 
Group14_29.txt
111 
Group14_30.txt
355 774 805 
Group14_32.txt
725 916 
Group14_33.txt
335 582 
Group14_34.txt
586 
Group14_35.txt
1042 1438 
Group14_36.txt
585 
Group14_37.txt
666 793 
Group14_39.txt
420 768 
Group14_40.txt
646 
Group14_41.txt
794 
Group14_42.txt
54 873 
Group14_44.txt
559 
Group14_45.txt
235 
Group14_46.txt
648 
Group14_47.txt
226 
Group14_48.txt
352 492 
Group14_50.txt
409 583 711 
