Group01_10.txt
500 
Group01_29.txt
531 
Group01_33.txt
297 446 
Group01_34.txt
128 
Group01_41.txt
267 491 
Group01_46.txt
130 
Group02_02.txt
769 819 830 844 
Group02_03.txt
127 
Group02_05.txt
273 
Group02_07.txt
224 
Group02_09.txt
712 
Group02_10.txt
765 876 
Group02_11.txt
441 
Group02_12.txt
714 1010 
Group02_13.txt
735 
Group02_15.txt
272 
Group02_18.txt
671 724 754 767 981 989 1501 1698 1721 1728 1744 1754 1770 2656 2823 2854 2995 
Group02_19.txt
1293 1747 1830 
Group02_20.txt
192 548 596 834 923 999 1089 1776 2380 2384 2418 2430 2434 2472 2780 2865 3005 3066 3070 3095 3106 3456 3962 
Group02_21.txt
196 257 624 661 973 991 
Group02_22.txt
407 470 1484 1895 
Group02_23.txt
8 161 203 267 282 293 342 416 433 450 494 505 543 572 629 636 654 1034 1180 1314 1330 1451 1467 1476 
Group02_24.txt
190 362 495 1204 1301 1326 1353 1370 1394 
Group02_26.txt
169 
Group02_27.txt
395 743 752 1630 
Group02_28.txt
449 2028 
Group02_29.txt
159 166 284 1000 1073 
Group02_30.txt
1480 1884 3780 3799 3827 3990 4010 4063 
Group02_31.txt
189 335 373 388 398 459 1350 1427 1469 1478 1652 1804 2279 2345 2422 2687 2723 2754 
Group02_32.txt
297 435 485 587 806 821 867 903 909 951 990 995 1030 1076 2071 
Group02_33.txt
89 515 590 1487 2005 2048 2836 2856 3025 
Group02_34.txt
636 
Group02_35.txt
547 
Group02_36.txt
10 18 26 30 37 63 67 657 676 738 790 831 875 990 1210 1229 1301 1335 1372 
Group02_37.txt
439 475 487 571 647 656 717 873 1119 1454 1474 1481 
Group02_38.txt
437 575 605 681 1048 1664 3249 3367 3418 
Group02_39.txt
3 1503 
Group02_40.txt
1945 2101 
Group02_41.txt
185 291 367 444 776 878 941 1017 1422 
Group02_42.txt
47 59 138 155 197 217 300 331 346 557 661 678 754 786 
Group02_43.txt
1090 
Group02_44.txt
156 834 987 1009 
Group02_45.txt
20 306 370 994 1171 1182 1452 
Group02_46.txt
441 1221 1252 1716 
Group02_47.txt
580 623 650 895 952 1020 1051 1058 1076 1096 1108 1131 1146 1178 1262 
Group02_48.txt
209 261 272 321 339 351 488 1387 1601 
Group02_49.txt
239 246 1715 1783 1799 1930 2323 2335 2354 3262 3843 
Group02_50.txt
177 184 765 777 833 844 1078 1097 1184 1194 1245 1252 1447 1606 
Group03_01.txt
285 
Group03_04.txt
801 
Group03_06.txt
168 
Group03_08.txt
305 645 
Group03_09.txt
871 
Group03_13.txt
497 
Group03_23.txt
432 
Group03_29.txt
132 
Group03_42.txt
113 
Group03_44.txt
827 
Group03_46.txt
254 
Group04_01.txt
665 687 728 795 
Group04_08.txt
611 
Group04_09.txt
216 244 
Group04_15.txt
26 850 
Group04_26.txt
821 
Group04_27.txt
252 832 
Group04_34.txt
427 659 
Group04_37.txt
438 
Group04_43.txt
680 
Group04_48.txt
28 
Group05_02.txt
456 597 
Group05_13.txt
764 771 812 
Group05_14.txt
371 
Group05_19.txt
451 
Group05_24.txt
296 
Group05_25.txt
1034 
Group05_27.txt
947 
Group05_28.txt
262 
Group05_45.txt
991 
Group06_02.txt
613 
Group06_03.txt
502 
Group06_06.txt
744 
Group06_07.txt
90 232 270 330 361 511 528 564 
Group06_10.txt
453 
Group06_13.txt
367 399 479 525 672 
Group06_15.txt
167 357 725 754 
Group06_17.txt
41 
Group06_18.txt
389 492 758 
Group06_22.txt
40 240 413 
Group06_23.txt
551 
Group06_28.txt
296 521 
Group06_31.txt
41 
Group06_33.txt
815 
Group06_38.txt
480 
Group06_39.txt
339 
Group06_40.txt
426 
Group06_41.txt
387 
Group06_43.txt
475 
Group06_50.txt
341 
Group07_01.txt
851 
Group07_04.txt
630 
Group07_10.txt
42 
Group07_12.txt
1117 
Group07_16.txt
282 473 
Group07_18.txt
822 
Group07_49.txt
123 
Group08_11.txt
345 
Group08_20.txt
883 1280 1489 
Group08_21.txt
576 
Group08_25.txt
893 
Group08_30.txt
342 1246 
Group08_35.txt
349 
Group08_37.txt
245 
Group08_38.txt
266 287 
Group08_47.txt
139 236 318 
Group09_01.txt
568 
Group09_04.txt
583 
Group09_14.txt
425 
Group09_19.txt
150 
Group09_37.txt
457 730 
Group09_39.txt
457 
Group09_48.txt
14 25 291 325 
Group10_01.txt
606 
Group10_04.txt
261 
Group10_06.txt
274 
Group10_10.txt
82 103 
Group10_17.txt
1005 
Group10_18.txt
90 
Group10_35.txt
1226 
Group10_48.txt
652 
Group10_49.txt
228 
Group11-01.txt
299 
Group11-02.txt
705 
Group11-05.txt
283 308 
Group11-08.txt
451 
Group11-12.txt
648 
Group11-13.txt
176 
Group11-20.txt
950 
Group11-30.txt
296 
Group11-34.txt
278 
Group11-36.txt
81 
Group11-38.txt
205 
Group11-39.txt
35 349 
Group12_04.txt
537 597 634 862 1994 
Group12_13.txt
1060 1068 
Group12_14.txt
511 
Group12_26.txt
272 
Group12_32.txt
479 
Group12_40.txt
169 602 
Group12_45.txt
228 
Group12_46.txt
179 190 268 
Group12_49.txt
1475 2408 
Group13_10.txt
470 
Group13_11.txt
485 
Group13_12.txt
198 259 558 
Group13_13.txt
223 
Group13_19.txt
341 
Group13_22.txt
3105 4547 
Group13_23.txt
1426 2251 3812 
Group13_25.txt
1045 
Group13_26.txt
1146 1604 1682 7384 10251 
Group13_27.txt
1153 3422 
Group13_28.txt
17 256 545 637 1867 
Group13_29.txt
2562 
Group13_30.txt
653 
Group13_35.txt
1319 
Group13_41.txt
46 
Group13_49.txt
929 
Group14_13.txt
229 
Group14_18.txt
418 
Group14_41.txt
802 
Group14_42.txt
496 500 
