Group01_01.txt
19 170 177 228 288 310 383 410 427 488 510 523 541 574 581 587 
Group01_02.txt
26 35 54 103 293 
Group01_03.txt
37 95 103 130 152 163 207 244 323 561 678 683 771 910 940 946 1073 1251 1254 
Group01_04.txt
244 377 
Group01_05.txt
3 18 100 113 127 132 178 189 208 217 271 328 
Group01_06.txt
21 178 209 314 326 545 599 615 695 743 747 873 877 906 970 988 1143 1158 
Group01_07.txt
3 30 42 201 235 276 343 373 425 431 459 467 489 
Group01_08.txt
36 105 193 228 244 289 339 416 432 562 621 766 781 935 1000 1027 1091 1106 1126 
Group01_09.txt
2 6 12 41 198 270 282 290 298 308 327 344 350 379 400 408 413 420 433 472 481 505 515 526 553 583 723 738 
Group01_10.txt
16 74 178 218 226 248 265 285 289 298 311 322 370 374 437 442 457 493 517 534 548 618 631 635 646 813 835 867 893 908 916 943 972 995 1007 
Group01_11.txt
4 25 125 144 157 292 354 397 412 941 
Group01_12.txt
60 101 221 288 356 387 395 447 471 482 539 551 627 670 
Group01_13.txt
33 182 
Group01_14.txt
34 125 363 411 548 596 
Group01_15.txt
7 17 59 92 155 341 
Group01_16.txt
91 148 186 193 206 260 296 350 
Group01_17.txt
20 31 53 59 75 139 159 198 212 230 239 262 278 
Group01_18.txt
133 208 219 297 
Group01_19.txt
84 145 152 304 330 412 421 439 466 493 503 509 552 602 638 657 667 679 730 
Group01_20.txt
22 169 188 210 229 261 483 550 564 569 626 660 
Group01_21.txt
29 202 211 220 247 294 356 394 414 442 462 504 
Group01_22.txt
116 162 175 189 220 238 291 405 425 436 
Group01_23.txt
20 54 115 136 162 275 288 300 308 355 365 385 453 486 496 538 552 555 600 
Group01_24.txt
244 370 
Group01_25.txt
82 114 163 170 192 195 200 239 279 319 325 355 358 450 527 558 571 663 713 737 742 754 776 781 784 788 832 902 960 966 975 1024 1033 1041 1050 1078 1121 
Group01_26.txt
38 141 152 179 226 327 362 382 443 480 491 509 512 519 585 615 660 667 678 692 766 784 
Group01_27.txt
22 43 71 98 108 113 128 141 160 221 241 249 262 282 293 324 360 
Group01_28.txt
310 321 353 483 522 
Group01_29.txt
20 46 96 102 114 140 151 167 197 216 245 283 303 311 321 400 426 442 504 532 652 681 742 778 792 827 
Group01_30.txt
17 59 97 105 109 126 246 260 302 354 372 398 404 465 483 528 536 560 563 566 605 621 673 684 732 
Group01_31.txt
13 67 101 115 169 193 242 245 266 312 364 401 421 440 474 
Group01_32.txt
41 74 109 117 125 159 168 203 235 255 276 299 361 395 405 436 542 549 588 620 627 646 660 751 831 836 847 869 934 971 974 996 1089 1125 1202 1212 
Group01_33.txt
43 60 161 169 178 196 230 240 274 298 324 399 417 447 454 587 598 643 653 689 720 792 
Group01_34.txt
40 63 67 126 129 139 157 293 303 317 400 448 493 498 538 541 559 565 581 605 628 638 651 660 684 
Group01_35.txt
19 63 123 127 155 157 168 283 291 306 331 338 362 412 562 610 636 662 683 719 727 775 782 831 844 881 894 900 935 969 973 1068 1134 1216 1260 1270 
Group01_36.txt
19 56 101 120 162 244 268 274 294 329 342 368 405 467 516 567 621 630 645 
Group01_37.txt
5 36 81 129 144 198 201 376 463 
Group01_38.txt
29 200 209 218 245 292 354 392 412 440 460 501 
Group01_39.txt
77 114 131 148 184 210 213 241 247 272 351 380 527 549 567 572 593 
Group01_40.txt
23 110 157 174 269 420 424 497 517 543 563 571 642 656 678 688 792 
Group01_41.txt
49 91 114 163 214 241 268 344 378 388 418 450 455 492 518 
Group01_42.txt
30 228 244 308 327 403 432 480 492 523 538 541 
Group01_43.txt
25 69 130 147 152 155 189 226 281 304 321 363 526 546 549 
Group01_44.txt
30 61 125 176 239 314 354 370 402 443 
Group01_45.txt
77 86 109 115 173 209 214 241 411 549 
Group01_46.txt
56 59 94 99 108 131 238 253 255 322 422 441 469 519 
Group01_47.txt
2 105 176 202 219 304 331 384 
Group01_48.txt
2 20 32 41 80 94 98 115 197 220 254 264 438 
Group01_49.txt
14 21 26 31 62 120 140 181 298 341 371 386 500 
Group01_50.txt
23 169 348 473 504 509 541 544 
Group02_01.txt
17 28 39 59 162 194 348 369 373 412 437 441 503 516 537 544 561 573 635 692 
Group02_02.txt
7 10 19 32 45 99 111 128 164 192 202 211 272 276 307 320 330 342 406 410 423 437 452 476 505 592 618 630 637 653 712 729 770 776 790 794 812 820 828 845 852 930 
Group02_03.txt
2 28 35 108 114 117 128 149 192 257 292 308 341 350 353 364 376 427 452 567 596 601 637 645 657 708 711 770 784 832 911 998 1020 
Group02_04.txt
38 40 42 88 112 206 226 249 256 270 294 325 350 367 431 454 463 477 528 554 580 638 642 755 797 805 
Group02_05.txt
48 78 101 274 283 293 317 407 455 477 489 497 545 740 
Group02_06.txt
30 37 79 113 116 145 157 201 231 258 347 364 375 394 401 416 423 428 443 450 501 506 510 523 612 626 639 709 711 805 812 818 827 840 890 
Group02_07.txt
65 68 77 90 165 172 192 225 293 302 336 369 376 394 410 420 480 508 573 581 660 674 692 797 
Group02_08.txt
13 55 159 177 181 201 210 346 352 396 418 439 447 478 530 574 
Group02_09.txt
7 48 69 151 168 172 214 277 465 472 479 595 713 729 736 774 
Group02_10.txt
34 58 71 80 108 140 202 242 275 283 326 363 385 395 452 513 532 667 673 687 719 766 782 830 846 863 877 886 916 957 983 991 1017 1026 1038 1084 1099 1108 1133 1165 
Group02_11.txt
18 31 34 65 225 294 359 378 442 487 491 562 568 607 634 646 689 714 785 824 847 863 875 950 
Group02_12.txt
30 43 56 79 102 117 123 179 189 273 370 422 433 453 563 570 588 602 619 652 671 692 698 715 720 771 780 791 866 871 914 926 988 1011 1040 1046 1065 1080 
Group02_13.txt
20 53 65 113 147 242 266 308 317 385 393 402 408 415 433 486 561 587 612 637 649 672 716 723 736 763 777 790 803 823 851 982 1007 
Group02_14.txt
127 148 160 162 251 294 360 392 446 464 531 538 575 585 593 604 651 664 703 791 804 808 895 903 939 
Group02_15.txt
41 51 172 223 273 281 297 383 456 493 508 
Group02_16.txt
8 14 68 98 121 142 173 185 196 231 278 293 305 381 422 428 460 466 476 495 552 562 570 608 635 660 680 689 728 749 779 794 799 813 821 844 851 860 883 893 
Group02_17.txt
26 38 67 98 101 117 203 222 241 263 287 305 316 348 384 403 420 439 475 520 535 538 575 593 621 652 692 
Group02_18.txt
2 11 17 68 78 99 105 112 161 225 249 254 293 309 323 332 357 366 385 392 405 421 435 478 488 505 531 607 625 663 672 725 742 747 755 776 793 929 937 952 964 975 982 990 1041 1076 1099 1114 1144 1180 1231 1290 1354 1396 1477 1493 1502 1514 1530 1537 1592 1595 1601 1633 1651 1659 1671 1689 1709 1756 1781 1792 1815 1852 1907 1918 1924 1970 1983 1986 2003 2031 2041 2071 2124 2159 2171 2193 2270 2356 2421 2423 2489 2499 2516 2570 2597 2642 2657 2671 2723 2784 2824 2855 2874 2933 2942 2959 2996 3019 3029 3076 3080 3118 3131 
Group02_19.txt
137 146 168 194 223 290 381 415 500 503 517 526 559 592 604 670 708 788 799 808 832 866 872 877 887 889 896 943 997 1032 1102 1125 1137 1185 1229 1247 1266 1294 1338 1391 1405 1501 1554 1573 1609 1620 1632 1748 1771 1775 1831 1838 
Group02_20.txt
28 57 125 146 177 260 282 318 335 353 373 470 524 549 571 581 587 607 625 677 699 754 763 770 773 781 789 835 877 902 924 946 965 1000 1040 1065 1070 1090 1109 1126 1177 1188 1228 1305 1362 1367 1387 1392 1397 1548 1603 1668 1677 1736 1741 1777 1796 1811 1824 1829 1841 1850 1853 1869 1898 1949 1989 2010 2047 2062 2090 2148 2181 2246 2276 2298 2389 2419 2482 2501 2506 2541 2605 2614 2661 2762 2781 2785 2795 2852 2866 2914 2938 2984 2989 3006 3057 3110 3184 3187 3251 3319 3328 3355 3369 3388 3403 3405 3418 3429 3457 3532 3574 3639 3710 3726 3729 3744 3837 3841 3847 3857 3867 3876 3884 3886 3893 3895 3905 3917 3924 3926 3928 3960 3963 3975 3998 4003 4005 4024 4030 4034 4047 4068 4073 4081 4083 4098 4102 4108 4122 4152 4170 4194 
Group02_21.txt
71 80 121 164 173 186 197 199 250 258 269 279 305 318 352 382 400 404 437 586 609 625 671 755 770 784 799 808 830 843 850 863 901 904 974 992 1004 1017 1027 1049 1059 1078 1082 1185 1189 1207 1214 1246 1252 1281 1290 1330 1367 1393 1465 1477 1554 1582 1590 1622 1657 1737 1740 1800 1844 1923 1936 2007 2096 2106 2125 2135 2147 2204 2213 2222 2229 2233 2236 2244 2273 2291 2306 2323 2390 2439 2473 2501 2520 2529 2571 2586 2599 2630 2723 2740 2743 2749 2757 2796 2852 
Group02_22.txt
40 57 95 102 193 256 299 304 360 378 412 414 418 471 534 536 547 683 697 767 825 834 869 969 989 1004 1030 1073 1200 1204 1208 1215 1225 1237 1255 1260 1272 1281 1293 1302 1327 1354 1377 1383 1404 1465 1468 1485 1628 1634 1653 1692 1720 1775 1788 1846 1896 1902 1912 1921 1949 1962 1965 2019 2030 2036 2053 2065 2128 2134 2164 2222 2239 2268 2417 2476 2504 2507 2548 2566 2591 2611 2651 2700 2716 2877 2940 3001 3015 3104 3109 3159 3200 3282 3303 3330 3389 3401 3431 3494 3505 3617 3680 3751 
Group02_23.txt
9 82 94 127 140 247 258 276 327 400 404 437 492 496 524 534 559 577 606 619 633 649 655 674 694 698 706 726 830 846 918 1014 1021 1035 1071 1080 1113 1169 1181 1248 1312 1358 1366 1393 1400 1494 1503 1558 1578 1595 1606 1615 1638 1676 
Group02_24.txt
12 24 30 44 67 71 91 94 114 124 167 182 191 202 232 246 291 294 301 308 321 328 331 340 396 409 453 491 496 518 638 645 650 674 677 811 821 838 848 870 883 934 937 1109 1148 1164 1205 1223 1228 1237 1259 1267 1277 1316 1382 1406 1421 1436 1442 1455 1499 1505 
Group02_25.txt
46 52 76 105 186 335 338 366 423 492 504 514 523 532 540 591 664 677 693 699 735 868 893 896 907 916 937 946 958 986 989 1000 1016 1024 1070 1106 1179 
Group02_26.txt
69 74 135 170 233 246 251 276 299 307 364 377 447 461 474 495 499 533 558 601 645 660 666 683 714 718 776 841 852 864 
Group02_27.txt
26 95 104 107 162 244 274 277 284 396 420 423 454 471 485 513 650 662 677 690 696 720 744 753 763 765 769 784 874 882 1013 1016 1020 1070 1088 1116 1142 1181 1223 1230 1272 1443 1450 1462 1477 1506 1560 1596 1631 1646 1665 1699 1721 
Group02_28.txt
117 139 251 265 325 346 379 450 540 660 707 837 845 862 900 918 1023 1118 1143 1290 1356 1555 1621 1629 1648 1711 1822 1833 1876 1930 1970 1996 2029 2044 2067 2081 2104 
Group02_29.txt
53 83 106 135 160 167 211 285 392 406 447 498 551 561 578 636 811 814 857 868 931 940 954 978 1001 1004 1074 1133 1170 
Group02_30.txt
21 53 86 109 128 164 202 212 286 357 367 525 591 615 712 794 901 956 1309 1481 1514 1539 1647 1688 1699 1707 1790 1836 1843 1847 1867 1885 1907 1941 1946 1975 2031 2069 2082 2116 2251 2357 2574 2629 2652 2670 2675 2679 2730 2741 2754 2879 2893 2922 2928 2953 2972 3017 3020 3162 3294 3503 3508 3550 3566 3668 3734 3781 3800 3828 3865 3885 3991 4011 4064 4110 4159 4261 4313 4331 4341 4350 4389 4467 4474 
Group02_31.txt
10 19 30 126 160 165 171 190 194 204 237 256 336 374 399 441 460 484 584 615 620 657 753 762 787 812 828 879 928 964 993 1026 1054 1102 1112 1126 1170 1178 1181 1273 1287 1361 1419 1424 1618 1628 1653 1676 1750 1789 1805 1921 2040 2080 2134 2280 2288 2346 2383 2399 2423 2445 2535 2630 2671 2688 2724 2755 2797 2809 2815 2821 2836 2845 2903 2931 2949 
Group02_32.txt
15 98 111 120 131 146 166 205 255 298 328 346 364 416 423 436 462 476 486 524 536 588 643 702 754 792 801 814 840 872 888 904 910 930 945 988 996 1031 1047 1056 1077 1091 1102 1127 1381 1401 1420 1428 1500 1535 1543 1562 1596 1622 1633 1788 1811 1825 1862 1892 1905 1947 1952 1979 1987 2032 2065 2072 2091 2099 2117 2130 2148 2160 2164 2177 2346 2352 2370 2582 2619 2633 2683 2692 2713 2746 
Group02_33.txt
11 15 57 70 81 90 111 116 166 178 190 212 246 272 275 304 321 334 388 392 399 403 412 415 444 450 478 516 591 599 644 783 789 797 832 840 861 910 920 960 1018 1033 1047 1114 1146 1253 1307 1323 1334 1341 1367 1380 1388 1418 1438 1455 1503 1534 1543 1805 1824 1860 1866 1888 1906 1968 1974 1992 2006 2016 2023 2043 2049 2066 2107 2129 2160 2164 2218 2261 2267 2274 2314 2336 2348 2363 2369 2374 2386 2395 2482 2504 2508 2523 2538 2557 2572 2577 2605 2622 2673 2684 2735 2796 2802 2837 2857 2870 2891 2909 2954 3013 3026 3061 3071 3075 3089 3201 3276 3287 3314 3330 3366 
Group02_34.txt
17 38 94 115 125 177 182 193 198 209 214 225 283 287 306 311 329 335 346 407 418 426 454 471 484 510 524 553 573 588 637 680 704 738 758 777 784 881 903 924 939 996 1021 1039 1081 1083 1209 1239 1252 1275 1299 1308 1344 1417 1429 
Group02_35.txt
29 166 195 212 230 248 259 284 298 326 356 375 410 425 439 459 548 831 912 
Group02_36.txt
8 58 123 146 287 310 333 353 363 366 431 467 598 669 739 750 814 832 859 878 895 926 960 969 1004 1024 1198 1272 1302 1340 1384 1437 1462 1517 1570 1722 1750 1770 1813 
Group02_37.txt
11 16 72 91 101 126 175 223 303 313 317 329 363 365 374 390 407 425 465 476 488 510 516 572 648 657 678 718 738 756 794 824 840 854 983 1000 1022 1033 1040 1048 1069 1082 1120 1168 1360 1455 1475 1482 
Group02_38.txt
9 29 79 96 144 150 162 235 256 263 279 296 306 313 414 418 426 438 453 459 496 503 524 526 552 564 569 576 606 638 657 668 682 705 746 856 881 895 903 955 966 980 1049 1111 1205 1219 1252 1270 1322 1373 1414 1441 1447 1458 1464 1483 1494 1513 1517 1521 1527 1542 1580 1624 1631 1640 1665 1667 1675 1686 1693 1698 1723 1737 1756 1766 1773 1790 1796 1842 1847 1851 1876 1886 1900 1911 1947 1955 1962 1970 2022 2055 2086 2147 2207 2253 2290 2315 2448 2470 2515 2520 2529 2537 2593 2602 2650 2680 2685 2702 2777 2845 2869 2887 2926 2959 2968 2994 3012 3036 3042 3046 3137 3149 3154 3231 3318 3368 3376 3387 3395 3412 3419 3442 3459 3472 3482 3490 3510 3515 3533 3607 
Group02_39.txt
4 22 136 157 164 215 230 263 289 320 365 377 379 441 453 486 552 632 636 677 731 762 771 801 1001 1009 1023 1036 1044 1105 1125 1145 1176 1193 1235 1431 1454 1504 1660 1693 1701 1716 
Group02_40.txt
6 91 148 166 222 437 463 504 507 517 522 604 615 668 720 766 803 904 911 931 938 996 1168 1286 1364 1367 1425 1456 1477 1616 1754 1830 1836 1890 1970 2004 2033 2068 2079 2102 2139 2178 2202 2216 2225 2301 
Group02_41.txt
2 9 31 46 95 131 140 153 186 192 256 327 377 434 471 485 521 527 540 548 586 596 680 704 720 733 741 780 863 906 920 937 968 1110 1154 1370 1395 1423 1483 1543 1627 1642 
Group02_42.txt
20 29 84 99 127 166 188 241 264 281 308 322 330 368 457 482 495 505 519 532 536 662 755 787 
Group02_43.txt
18 22 75 135 229 241 288 298 375 490 494 501 510 537 557 607 651 658 727 749 797 805 877 904 993 1091 1157 1171 1195 1249 1289 1355 1376 1445 1515 1581 
Group02_44.txt
30 64 72 99 119 144 157 166 169 202 261 320 352 422 577 665 741 744 835 864 881 984 1013 1062 1088 1169 1204 1207 1217 1275 1329 1404 1415 1451 1477 1525 1563 
Group02_45.txt
21 48 132 168 190 211 274 283 289 302 307 327 342 346 353 367 371 393 401 532 734 854 864 905 944 995 1006 1011 1035 1050 1073 1150 1172 1186 1213 1225 1234 1362 1364 1434 1453 1456 1485 1531 1546 1559 1653 1664 1674 1767 1787 1829 1882 1924 
Group02_46.txt
6 12 42 58 183 224 235 305 315 442 484 497 504 525 535 552 556 561 579 600 680 714 720 760 793 801 804 877 897 900 905 912 990 999 1061 1100 1151 1215 1222 1234 1237 1253 1434 1451 1463 1556 1563 1582 1647 1650 1658 1717 1743 1747 1762 1825 1852 1900 1964 1981 2089 2131 2157 2162 2165 2231 2237 2299 2310 2312 2353 2357 2360 2382 2413 2418 2426 2453 2455 2474 2544 2602 
Group02_47.txt
77 95 118 329 396 407 440 481 484 490 548 551 581 600 603 624 630 645 651 725 737 785 800 837 879 903 909 949 953 1006 1021 1029 1077 1115 1151 1203 1224 1283 1292 1314 1328 1364 1435 
Group02_48.txt
67 98 106 172 201 223 276 279 286 294 337 368 471 524 541 580 738 789 807 840 865 888 938 953 1014 1040 1064 1115 1120 1164 1167 1190 1197 1228 1239 1256 1266 1284 1294 1298 1334 1338 1379 1388 1424 1448 1477 1497 1551 1561 1579 1585 1589 1592 1602 1633 1637 1657 1669 1684 1706 1722 1833 1904 1910 1939 2041 2084 2096 2191 2202 2210 2224 2237 2249 2326 2371 2380 2396 2411 2419 2427 2463 2476 2479 2502 2546 2566 2610 2641 2655 2688 2693 2709 2756 2795 2798 2817 2825 2842 2854 2861 2876 2887 2911 2936 2948 
Group02_49.txt
18 23 61 65 81 110 128 145 147 151 169 177 240 247 353 360 380 405 465 585 594 665 702 749 792 799 869 922 935 978 998 1025 1083 1135 1174 1216 1229 1256 1319 1365 1392 1405 1453 1576 1628 1657 1705 1716 1725 1746 1784 1800 1838 1883 1910 1931 1991 2026 2073 2095 2156 2252 2285 2308 2319 2324 2336 2355 2396 2416 2438 2442 2501 2534 2579 2585 2590 2647 2688 2699 2715 2779 2872 2882 2894 2936 3053 3064 3076 3229 3244 3314 3329 3393 3422 3430 3485 3552 3594 3624 3673 3679 3693 3718 3732 3745 3749 3758 3765 3782 3798 3810 3818 3835 3844 3877 3946 3952 3974 4001 4054 4073 4101 4122 4214 4284 4306 4325 
Group02_50.txt
8 36 47 60 66 145 150 155 169 178 180 185 198 209 216 266 275 293 345 357 371 384 416 462 505 560 565 589 617 629 653 716 750 757 766 778 822 834 845 896 903 907 951 981 1010 1015 1022 1051 1054 1068 1079 1098 1133 1164 1173 1185 1195 1224 1246 1253 1258 1273 1309 1343 1349 1445 1448 1476 1486 1503 1516 1586 1607 1639 1646 1649 1656 1662 1739 1760 1786 1828 1854 1886 1908 1940 1951 1957 1993 2020 2058 
Group03_01.txt
15 33 35 65 84 104 107 116 162 183 193 230 264 286 349 360 386 412 420 462 471 
Group03_02.txt
2 11 70 78 107 116 123 136 146 170 223 228 251 292 304 326 422 431 492 550 562 610 726 744 
Group03_03.txt
30 62 95 112 117 121 210 273 329 361 391 415 490 500 504 525 533 706 746 758 786 816 866 882 955 967 982 994 1068 1078 1082 1108 1158 1174 1182 1185 1234 
Group03_04.txt
6 27 31 45 50 71 85 96 160 185 223 237 248 256 283 298 344 364 368 382 391 406 460 577 594 606 614 643 687 692 701 728 733 743 760 785 802 842 874 896 899 917 931 944 996 1007 1047 1049 1072 1076 1078 1087 1114 1137 1146 1162 1181 1204 1311 1321 1338 1375 1443 1492 1503 1538 1637 1687 1692 1720 1767 1838 1841 1850 1863 1866 1895 1904 1918 1965 1973 2018 2022 2036 2049 2055 2058 2203 2235 
Group03_05.txt
20 28 47 84 108 121 154 180 212 233 260 271 428 454 524 540 551 563 587 592 681 710 712 728 826 935 941 973 1048 
Group03_06.txt
6 46 50 72 83 138 148 153 169 174 244 254 304 338 357 386 430 433 448 477 560 566 612 631 660 684 699 722 738 782 817 819 842 863 889 901 907 927 998 1042 1126 1137 1224 1226 1248 1365 1390 1431 1450 1480 1522 1535 1660 1663 1777 1788 1854 1905 1968 1982 1997 2003 2018 2126 2156 2191 2222 2253 2263 2299 2333 2352 2449 2498 2601 2608 2686 2711 2736 2776 
Group03_07.txt
24 62 100 124 129 153 199 210 242 276 305 331 338 396 424 437 453 484 510 553 560 598 618 632 651 670 721 725 759 770 798 827 875 918 945 983 1003 1008 1024 1032 1102 1116 1129 1161 1287 1289 1324 1369 1378 1421 1436 1449 1508 1510 1553 1570 1589 1613 1705 1765 1840 1853 1910 1937 1966 2011 2039 2077 2104 2135 2172 2195 2244 2272 2294 2317 2350 2358 2369 2395 2424 2430 2463 2505 2519 2524 2574 2582 2629 2642 2677 
Group03_08.txt
79 153 190 197 209 285 396 418 440 447 524 531 545 621 646 663 730 787 831 843 
Group03_09.txt
17 66 95 101 107 173 180 236 261 293 295 322 340 359 398 417 451 540 554 615 642 662 714 792 798 808 859 880 921 936 1060 1067 
Group03_10.txt
10 19 45 62 68 77 121 123 141 143 154 167 169 192 202 209 216 230 262 326 415 420 447 450 481 500 513 545 588 610 664 708 729 791 815 848 876 903 913 916 923 929 943 948 960 967 973 987 993 
Group03_11.txt
26 46 66 112 131 141 153 191 207 253 278 344 393 472 475 481 496 526 539 550 645 675 683 717 720 755 771 791 809 818 828 837 841 845 880 908 945 
Group03_12.txt
24 28 30 37 45 106 134 146 154 200 228 234 250 301 314 383 420 469 483 491 527 597 600 632 654 667 673 752 817 842 865 909 919 938 947 966 983 1017 1030 1070 1097 1138 1149 1162 1170 1209 1347 1382 1395 1409 1425 
Group03_13.txt
20 54 60 126 134 167 204 222 266 473 498 508 531 548 561 603 667 701 707 807 811 819 867 919 928 961 968 1029 1050 1136 1166 1170 1183 1196 1243 1281 1306 1320 1332 1339 1360 1444 
Group03_14.txt
20 135 187 195 211 224 287 311 399 450 461 529 542 551 557 568 606 627 664 685 696 725 733 767 799 803 825 850 892 933 986 1011 1037 1070 1136 1150 1152 
Group03_15.txt
6 20 66 171 244 262 340 428 539 555 622 626 741 744 
Group03_16.txt
3 9 16 41 76 84 100 103 125 202 211 245 329 334 358 374 387 399 402 435 445 554 633 660 769 798 807 830 873 
Group03_17.txt
48 67 112 220 247 280 318 326 359 404 421 440 478 523 567 575 605 612 624 715 724 741 755 763 778 787 801 825 836 
Group03_18.txt
20 41 101 120 140 162 172 258 263 312 461 523 615 689 711 778 846 906 957 965 1039 1100 1185 1227 1231 1241 
Group03_19.txt
66 146 167 190 218 226 233 246 254 272 284 299 304 312 372 388 398 419 424 429 452 467 518 529 552 577 616 649 742 764 781 796 802 819 833 866 886 922 929 
Group03_20.txt
41 55 71 157 289 304 308 324 371 385 444 454 501 520 537 562 584 631 691 709 747 770 812 835 846 861 911 923 934 992 
Group03_21.txt
3 21 40 58 86 190 280 288 381 399 404 467 482 558 617 625 630 666 691 701 738 793 799 847 891 906 914 938 949 975 983 1007 1048 1089 1159 1226 1277 1310 1412 1449 1483 1526 1543 1580 1590 1633 1674 1699 1759 1777 1823 1827 1908 1950 1956 1989 2006 
Group03_22.txt
35 54 57 91 101 136 177 196 220 419 440 479 510 539 563 589 631 642 656 670 675 688 702 716 837 849 877 881 903 957 964 997 1005 1045 1047 1119 1141 
Group03_23.txt
4 90 116 249 280 308 315 329 367 381 419 433 487 506 534 592 627 646 739 760 773 
Group03_24.txt
6 14 47 61 126 148 154 156 187 190 207 222 353 377 429 451 463 481 515 557 635 640 646 742 1122 1143 1177 1196 1244 1252 1282 1288 1294 1304 1341 1345 1357 1431 1460 1497 1550 1591 1594 1641 1665 1724 1751 1781 1791 1817 1867 1871 1949 1969 
Group03_25.txt
35 48 82 114 167 175 199 215 221 337 361 423 447 458 487 493 505 519 552 574 602 646 721 754 802 
Group03_26.txt
3 70 77 127 158 203 211 214 223 228 236 258 266 268 278 291 297 365 399 414 446 467 480 506 547 594 606 628 646 662 673 703 712 743 782 801 877 906 935 1004 1012 1032 1056 1059 1109 1142 1165 1230 1242 1279 1296 1336 1383 1388 1396 1402 1404 1435 1448 1485 1513 1566 1577 1600 
Group03_27.txt
59 107 273 325 354 362 368 370 407 412 417 446 471 479 523 651 681 712 757 828 881 901 920 931 1114 1213 1225 1290 1349 1374 1417 1441 1453 1467 1482 1531 1593 1635 1671 1681 1684 1689 1792 
Group03_28.txt
13 42 47 88 105 145 200 209 236 251 281 326 449 462 506 538 726 758 777 790 804 830 838 943 989 1003 1009 
Group03_29.txt
35 54 133 165 272 279 316 326 363 409 415 460 491 535 562 634 639 644 676 706 726 797 800 839 845 857 879 1043 1101 1110 1113 1127 1170 1180 1193 1205 1226 1269 1279 1364 1421 1432 1464 1482 1491 1500 1510 1517 1537 1667 1721 1729 1740 1752 1776 1791 1877 1909 1921 1964 1992 2036 2090 2092 2112 2127 2154 
Group03_30.txt
2 39 56 78 88 139 246 281 311 344 366 368 382 393 424 429 444 460 465 467 532 544 553 572 579 610 663 681 728 730 756 773 791 802 818 851 999 1052 1066 1071 1148 1159 1185 1196 1208 1238 1248 1259 1333 1350 1373 1424 1485 
Group03_31.txt
57 161 165 204 271 301 380 395 401 423 427 452 459 471 484 519 619 660 754 765 782 788 802 808 815 832 882 886 953 965 982 1003 1057 1196 1207 1238 1292 1297 1349 1415 1435 1557 1670 1718 1723 1765 1821 1848 1864 1875 1998 2031 2042 2060 2104 2235 2256 2310 2340 2393 2406 2457 2469 2513 2631 2665 2684 2723 2757 2861 2868 2894 
Group03_32.txt
9 81 166 207 246 279 326 357 397 402 483 510 552 577 705 736 758 773 803 807 869 890 931 944 1020 1125 1172 1182 1228 1250 1304 1322 1356 1371 1394 
Group03_33.txt
36 41 83 159 239 316 384 392 458 547 650 700 739 769 778 808 888 938 960 1040 1079 1100 1160 1208 1259 1355 1401 1422 1445 
Group03_34.txt
77 99 137 153 166 176 232 255 299 305 318 398 406 468 471 474 501 519 530 545 565 601 609 615 655 669 747 788 821 844 861 909 921 953 974 991 995 1066 1073 1077 1092 1101 1120 1148 1160 1261 1293 1315 1325 1361 1374 1443 1483 1496 1526 1536 1539 1555 1586 1641 1645 1667 1676 1688 1694 1711 1735 1750 1753 1762 1803 1844 1872 1895 1901 1907 1947 1962 1982 2008 2013 2069 2106 2129 2147 2184 2188 2190 2212 2216 2225 2253 2265 2273 2308 2356 2363 2384 2414 2425 2434 2466 2485 2536 2578 2602 2640 2651 2657 2665 2735 2758 2773 2796 2810 2830 2842 2876 2891 
Group03_35.txt
58 86 92 144 192 217 231 263 309 338 380 467 566 589 607 659 686 801 860 964 1045 1104 1259 1290 1305 1310 
Group03_36.txt
22 35 74 106 117 119 194 247 271 291 296 326 371 475 542 565 591 703 732 749 773 786 938 994 1122 1214 1325 1341 1375 1419 1425 1441 1478 1503 1542 1560 1592 1688 1706 1715 
Group03_37.txt
50 69 85 99 104 117 131 141 201 323 426 447 461 472 486 489 497 572 637 651 657 702 725 767 809 835 872 921 988 1051 1063 1162 1170 1207 1244 1441 1700 1743 1771 1782 1818 1852 1921 1942 1945 2048 2075 2109 2134 2168 2270 2337 
Group03_38.txt
17 50 59 124 256 269 280 310 316 330 366 394 398 444 534 540 563 674 690 727 730 743 758 763 800 810 877 882 926 972 1000 1026 1037 1047 
Group03_39.txt
64 149 190 229 262 309 340 380 385 466 493 535 560 688 719 741 756 786 790 852 873 
Group03_40.txt
15 20 62 138 218 295 363 371 437 526 629 679 718 748 757 787 867 917 939 1019 1058 1079 1139 
Group03_41.txt
29 75 152 159 176 222 234 251 267 284 310 316 355 
Group03_42.txt
16 35 114 146 256 263 300 310 347 393 399 444 475 519 546 624 629 634 666 696 716 787 790 829 835 847 872 1040 1098 1107 1110 1124 1188 1198 1211 1223 1244 1287 1297 1382 1439 1450 1482 1500 1509 1518 1531 1538 1558 1693 
Group03_43.txt
15 29 89 184 216 261 288 313 335 343 349 355 367 382 391 474 485 573 592 676 
Group03_44.txt
23 56 59 74 89 111 147 174 198 210 246 260 279 305 314 351 362 383 399 416 425 454 470 527 529 556 598 603 659 685 692 697 743 814 823 828 928 950 959 981 1000 1018 1031 1040 1046 1070 1132 1144 1190 1211 1220 1236 1262 1281 1288 1322 1388 1412 1443 1462 1510 1514 1534 
Group03_45.txt
13 22 37 70 82 95 101 107 117 146 153 231 246 261 265 272 279 296 308 352 404 468 506 
Group03_46.txt
30 40 52 72 110 133 209 220 248 255 316 337 342 357 373 457 466 547 559 583 592 
Group03_47.txt
38 72 119 122 150 160 181 187 197 211 279 284 321 496 499 511 541 550 557 616 629 675 701 751 778 784 806 823 843 903 942 966 1062 1076 
Group03_48.txt
11 15 31 86 98 167 232 325 333 438 441 462 538 713 774 789 802 829 890 917 920 926 941 
Group03_49.txt
3 45 61 174 195 200 232 249 268 290 298 312 324 359 364 379 421 494 665 677 698 730 735 738 757 768 778 786 809 827 832 840 883 902 921 
Group03_50.txt
52 136 182 265 286 306 337 363 375 423 501 506 526 538 547 713 799 823 857 868 888 896 899 913 917 930 941 996 1045 1058 1066 1069 1135 1206 1286 1307 1324 1418 1455 1515 1541 1558 
Group04_01.txt
49 54 71 90 130 177 211 367 394 488 497 524 552 563 581 666 688 718 729 768 772 796 832 840 879 888 910 912 
Group04_02.txt
19 30 54 92 103 124 156 190 243 283 304 315 395 453 459 467 471 482 553 593 
Group04_03.txt
91 271 287 339 355 385 388 404 445 487 507 522 546 552 
Group04_04.txt
14 80 89 136 172 246 296 328 373 397 461 494 
Group04_05.txt
53 62 78 83 117 127 202 251 442 491 551 561 592 613 617 
Group04_06.txt
85 91 112 125 161 269 282 315 319 334 392 407 442 484 509 533 563 653 703 790 859 886 907 
Group04_07.txt
54 86 112 115 171 175 212 240 247 280 341 365 393 404 462 497 536 565 586 625 675 690 743 753 770 800 835 864 883 902 948 1004 1112 1121 1126 1150 1163 1209 1225 
Group04_08.txt
52 108 158 185 227 238 280 306 323 344 346 352 358 372 477 526 539 612 647 696 
Group04_09.txt
6 80 85 173 217 245 281 290 294 304 309 337 424 433 480 503 516 554 622 643 
Group04_10.txt
8 15 22 123 142 149 161 185 227 271 301 312 318 401 454 472 550 560 601 605 631 635 650 669 727 821 863 901 920 943 948 955 978 996 1002 1010 1043 1073 1081 1102 1114 1127 1138 
Group04_11.txt
108 179 209 222 383 443 527 551 
Group04_12.txt
58 77 257 331 467 471 504 517 554 634 
Group04_13.txt
15 36 67 71 96 202 248 257 287 318 394 528 537 587 615 637 667 732 747 789 859 866 937 960 981 1016 1091 
Group04_14.txt
10 223 296 349 412 528 583 625 647 651 
Group04_15.txt
27 58 76 97 142 268 409 414 427 461 510 525 575 589 631 638 685 736 774 832 851 898 904 916 940 963 969 1023 1044 1053 1060 1091 1141 1160 1170 1178 
Group04_16.txt
87 96 129 165 294 299 312 374 419 438 443 460 
Group04_17.txt
6 12 99 112 154 168 202 270 279 307 309 422 429 497 500 522 540 552 556 567 585 607 623 680 699 752 764 786 795 824 833 934 976 979 1015 1174 
Group04_18.txt
28 57 60 83 112 140 186 215 244 340 457 527 
Group04_19.txt
136 169 203 351 407 417 467 502 505 
Group04_20.txt
95 103 158 167 201 205 209 231 244 284 400 436 449 482 
Group04_21.txt
196 414 421 833 841 843 848 868 902 939 955 
Group04_22.txt
14 82 165 203 212 215 220 297 342 351 353 366 434 469 485 493 529 590 
Group04_23.txt
31 50 74 80 108 259 341 379 390 405 447 450 464 476 531 538 545 560 625 631 639 658 692 
Group04_24.txt
52 78 86 109 146 162 203 237 250 261 265 288 292 431 472 489 514 539 557 576 599 605 696 
Group04_25.txt
20 37 55 102 141 157 172 176 180 205 210 249 259 307 314 341 377 390 423 439 445 465 479 514 543 578 628 639 710 
Group04_26.txt
47 97 137 153 160 187 204 218 227 235 249 256 266 286 308 311 421 443 464 535 690 742 755 822 853 
Group04_27.txt
86 206 253 267 310 362 444 588 614 628 685 693 782 833 
Group04_28.txt
108 114 121 140 145 153 161 174 227 235 241 272 319 399 416 433 486 545 566 606 613 663 668 676 
Group04_29.txt
44 48 70 96 99 140 158 166 188 196 221 237 257 265 283 287 291 330 335 350 398 412 429 475 497 548 606 
Group04_30.txt
40 57 67 70 121 138 148 151 216 242 250 258 285 307 330 490 510 528 564 601 652 671 699 722 751 765 792 816 818 836 845 881 967 975 985 995 
Group04_31.txt
6 18 50 59 72 77 83 88 116 132 178 184 205 218 232 234 250 272 290 301 312 447 476 482 489 516 552 588 614 618 657 
Group04_32.txt
58 145 162 193 197 210 254 268 367 418 433 453 460 482 489 534 624 696 702 705 714 744 837 846 
Group04_33.txt
111 114 126 179 183 211 232 313 318 334 344 488 542 629 635 672 
Group04_34.txt
5 22 40 96 101 183 190 210 219 226 241 301 326 347 371 378 394 413 420 428 448 482 530 536 552 562 582 604 640 660 710 741 781 857 935 948 958 
Group04_35.txt
24 40 182 189 237 244 254 295 320 327 349 423 426 487 491 527 
Group04_36.txt
76 88 95 102 143 160 188 222 312 389 421 429 446 453 502 513 540 548 571 615 654 675 691 718 736 765 799 
Group04_37.txt
86 92 108 157 173 252 262 360 439 450 474 523 
Group04_38.txt
49 71 78 84 142 159 189 252 258 292 443 456 489 519 526 534 
Group04_39.txt
34 127 199 312 459 494 601 633 829 930 945 950 963 
Group04_40.txt
14 28 36 45 92 152 328 485 551 
Group04_41.txt
16 119 360 413 452 481 608 983 991 1129 1142 
Group04_42.txt
12 73 143 155 212 256 282 288 333 379 
Group04_43.txt
40 81 116 204 245 278 316 392 397 445 463 504 517 546 596 616 643 681 696 746 774 
Group04_44.txt
59 64 100 124 206 215 219 222 255 281 390 445 530 584 591 610 692 696 709 
Group04_45.txt
67 205 222 348 362 376 393 419 431 436 446 462 504 
Group04_46.txt
12 65 75 78 109 113 132 138 176 198 207 251 306 329 347 400 480 484 498 530 561 594 642 675 781 789 794 803 837 850 890 898 1020 1080 1098 1103 1125 1169 1186 
Group04_47.txt
20 57 74 140 188 266 286 302 316 411 433 460 468 586 658 667 
Group04_48.txt
11 29 42 50 54 59 73 87 111 138 164 205 212 225 230 239 272 278 301 319 329 347 354 366 385 402 434 441 511 524 533 544 
Group04_49.txt
26 89 279 386 420 431 465 531 596 598 618 
Group04_50.txt
13 73 102 127 129 140 160 182 186 193 202 211 221 242 254 338 412 451 480 486 510 524 569 605 627 646 657 668 671 698 712 749 760 
Group05_01.txt
26 100 157 169 
Group05_02.txt
37 235 241 284 335 340 427 431 435 440 449 457 482 598 632 659 716 816 859 993 1063 1086 1103 1169 1224 1236 
Group05_03.txt
38 52 67 98 109 254 324 
Group05_04.txt
122 138 171 189 229 241 334 340 425 435 480 544 590 608 747 767 830 857 958 993 1014 1028 1047 1059 1098 
Group05_05.txt
139 191 204 211 374 468 
Group05_06.txt
11 73 316 333 367 375 435 463 478 513 519 600 642 670 820 834 840 923 958 1080 1138 1168 1190 
Group05_07.txt
63 260 280 338 417 507 
Group05_08.txt
137 157 233 252 273 278 315 326 333 348 355 369 403 
Group05_09.txt
61 71 84 128 224 374 383 389 415 439 475 568 638 700 846 945 
Group05_10.txt
15 31 69 79 132 187 204 215 239 263 363 496 542 561 607 656 
Group05_11.txt
7 17 45 117 137 189 296 299 305 325 
Group05_12.txt
17 48 66 101 
Group05_13.txt
26 88 189 260 302 327 329 414 458 500 513 527 544 660 711 721 827 960 1028 1049 1212 1237 
Group05_14.txt
86 98 100 105 144 148 175 230 309 334 372 399 438 454 460 478 489 541 595 624 670 690 694 751 756 790 793 812 850 891 918 948 966 
Group05_15.txt
31 108 176 268 294 371 391 511 543 596 639 
Group05_16.txt
24 43 59 64 145 167 186 191 196 234 302 316 391 422 620 661 700 841 885 909 981 999 1009 
Group05_17.txt
132 141 186 211 234 255 320 398 504 540 584 586 609 713 743 767 803 821 836 857 932 945 952 990 1006 1041 1076 
Group05_18.txt
39 45 99 130 166 187 193 207 237 302 315 322 341 375 432 461 493 505 516 530 562 582 590 656 709 716 750 765 768 823 835 842 851 866 871 887 947 978 996 1004 1016 1030 
Group05_19.txt
16 39 112 151 163 211 267 326 422 452 591 724 748 759 831 
Group05_20.txt
17 42 74 122 155 181 194 253 285 359 376 404 441 460 464 466 473 556 882 889 909 920 970 982 1001 1018 1063 
Group05_21.txt
22 37 76 80 85 113 145 300 339 354 362 380 396 412 430 466 503 520 540 547 556 593 703 749 762 780 809 834 865 876 882 904 930 
Group05_22.txt
91 99 126 167 207 228 326 395 406 446 466 496 534 570 587 
Group05_23.txt
3 12 42 84 93 119 128 143 146 217 254 305 324 361 364 376 503 512 655 669 706 877 901 959 967 981 1129 1159 1256 1266 1331 1362 1366 
Group05_24.txt
24 29 49 75 78 84 91 108 115 125 147 157 174 248 255 274 282 285 302 319 336 346 373 382 390 396 447 527 
Group05_25.txt
60 122 142 174 254 264 365 409 426 513 529 534 554 651 764 824 859 877 896 914 965 1035 1114 1153 1173 1192 1196 1206 
Group05_26.txt
19 118 160 194 199 220 341 370 411 435 464 466 505 519 543 548 747 762 806 823 
Group05_27.txt
17 32 44 58 68 75 124 146 177 225 283 310 366 479 504 548 596 615 654 659 673 683 712 733 740 780 790 803 847 921 928 937 1018 1047 1181 1198 1283 1312 1404 1472 
Group05_28.txt
211 224 307 491 544 547 
Group05_29.txt
64 111 150 203 261 299 351 354 
Group05_30.txt
8 33 41 74 84 96 110 201 209 308 350 392 398 457 514 522 628 678 694 771 790 808 819 826 901 
Group05_31.txt
7 47 60 78 153 179 228 243 260 277 292 315 329 337 
Group05_32.txt
12 32 51 79 122 154 188 262 274 295 303 376 405 422 428 473 507 568 605 608 632 683 772 
Group05_33.txt
5 17 34 71 95 129 
Group05_34.txt
122 226 
Group05_35.txt
20 89 146 156 190 289 371 397 496 
Group05_36.txt
32 42 86 138 149 162 
Group05_37.txt
56 
Group05_38.txt
65 87 122 144 193 213 230 267 270 302 
Group05_39.txt
102 111 118 
Group05_40.txt
28 59 241 356 403 415 430 478 499 
Group05_41.txt
32 53 78 81 108 124 135 210 215 221 233 248 265 337 349 401 425 
Group05_43.txt
15 44 105 115 145 277 289 312 332 339 370 392 432 463 466 557 582 625 635 641 
Group05_44.txt
51 107 141 151 178 201 276 330 377 389 409 417 435 442 466 496 512 622 649 661 700 716 728 794 803 840 846 872 901 929 960 964 992 1002 1037 1045 1106 1130 
Group05_45.txt
141 179 246 260 309 314 360 367 380 382 418 440 459 517 660 692 720 815 921 992 1006 1040 1104 1110 1159 1245 1291 
Group05_46.txt
45 48 86 89 124 189 290 456 473 502 528 
Group05_47.txt
13 55 96 
Group05_48.txt
46 48 55 98 102 171 187 204 213 241 276 308 323 342 349 366 372 396 425 438 451 457 475 539 561 
Group05_49.txt
26 63 84 95 161 250 305 310 323 335 386 449 474 518 534 540 558 569 590 632 680 692 746 782 802 806 837 840 859 897 926 944 
Group05_50.txt
22 96 132 156 209 301 327 404 424 551 583 636 679 
Group06_01.txt
20 47 56 217 229 241 270 372 397 402 442 488 
Group06_02.txt
7 50 58 95 133 139 164 181 217 235 255 264 271 277 338 342 366 373 413 456 463 476 493 538 548 564 571 586 603 614 640 656 733 751 833 
Group06_03.txt
24 34 74 104 116 126 138 148 180 275 301 322 333 351 392 422 440 487 503 537 567 595 604 612 622 654 662 665 729 760 763 774 
Group06_04.txt
56 212 348 409 413 445 463 493 537 621 630 639 679 711 720 739 
Group06_05.txt
14 68 86 95 101 113 117 177 182 196 206 215 226 241 270 280 289 336 376 389 475 492 506 519 525 557 571 594 600 620 681 689 704 
Group06_06.txt
6 91 134 146 218 249 286 291 313 318 332 337 349 383 435 440 445 504 514 549 557 592 614 650 662 677 689 700 733 745 773 836 861 
Group06_07.txt
48 146 182 197 223 233 235 262 268 331 333 341 350 368 410 472 481 509 526 565 567 
Group06_08.txt
31 74 152 234 262 283 333 336 358 364 398 455 
Group06_09.txt
6 13 22 36 65 72 93 124 172 194 201 217 235 246 277 323 338 353 363 442 459 494 565 577 596 608 631 641 683 714 
Group06_10.txt
16 55 116 118 133 138 186 195 228 270 275 344 386 442 454 456 483 504 510 551 568 630 674 685 724 735 765 
Group06_11.txt
9 13 45 55 63 68 78 86 104 110 127 145 237 257 337 395 497 516 534 569 577 601 622 687 690 700 704 719 763 776 780 
Group06_12.txt
116 154 186 292 304 315 361 405 440 549 575 
Group06_13.txt
27 39 43 75 90 97 133 158 192 201 217 262 316 324 352 376 382 384 392 408 436 438 456 473 597 629 642 678 696 719 
Group06_14.txt
20 43 52 54 103 107 111 139 145 187 212 233 271 276 286 348 373 376 390 451 469 547 588 615 690 700 711 722 726 761 
Group06_15.txt
31 46 62 77 96 112 138 141 147 168 201 218 276 313 328 340 358 366 370 381 398 401 430 442 472 476 545 549 554 582 638 683 711 726 755 811 845 
Group06_16.txt
54 65 116 173 176 182 188 238 280 293 299 307 317 327 495 515 562 581 614 631 681 720 735 769 784 792 823 933 964 1093 1110 1123 1141 
Group06_17.txt
2 15 25 32 42 48 62 83 106 113 117 139 182 222 261 313 332 342 387 444 447 463 487 511 519 565 572 589 597 617 625 638 647 661 674 677 680 685 724 733 751 825 841 886 893 913 958 970 991 1061 
Group06_18.txt
17 37 71 181 189 192 204 210 238 264 274 357 369 390 400 408 447 452 478 493 564 586 611 653 661 705 713 727 747 775 792 
Group06_19.txt
10 14 23 41 49 66 79 169 228 231 242 251 267 273 307 324 344 352 359 361 378 396 411 431 455 463 491 501 539 579 607 688 715 736 
Group06_20.txt
39 61 109 126 141 150 158 191 265 283 301 316 381 436 446 500 508 555 562 591 653 695 734 
Group06_21.txt
6 13 15 204 220 234 240 368 475 560 581 592 605 650 692 826 
Group06_22.txt
41 115 139 184 220 241 247 254 257 264 272 339 355 414 426 451 561 569 
Group06_23.txt
51 55 93 192 216 225 295 306 312 319 350 371 380 476 531 540 552 560 570 709 743 829 
Group06_24.txt
36 55 98 183 221 238 272 405 408 444 467 504 559 
Group06_25.txt
21 28 37 59 73 84 97 109 123 154 203 208 230 255 262 348 404 425 459 465 490 544 603 616 624 631 651 
Group06_26.txt
37 79 110 202 248 271 310 340 379 397 432 500 543 555 633 
Group06_27.txt
15 28 63 155 179 316 367 432 448 453 
Group06_28.txt
32 37 41 55 62 86 100 111 122 131 156 215 221 252 255 297 356 360 367 380 412 511 522 553 577 587 629 650 662 709 731 740 
Group06_29.txt
9 25 48 88 97 109 163 182 193 200 213 217 301 327 363 369 389 415 446 539 651 673 719 
Group06_30.txt
46 50 170 175 194 216 238 279 325 335 399 427 429 446 497 553 
Group06_31.txt
2 15 25 32 42 48 62 83 106 113 117 139 182 222 261 313 332 342 387 444 447 463 487 511 519 565 572 589 597 617 625 638 647 661 674 677 680 685 724 733 751 825 841 886 893 913 958 970 991 1061 
Group06_32.txt
1 25 49 53 68 77 99 122 128 142 151 160 167 178 184 219 234 247 268 293 304 346 402 449 479 521 528 530 551 568 572 585 621 640 642 644 651 673 690 694 712 716 730 736 750 
Group06_33.txt
9 36 98 191 214 233 292 346 580 584 673 684 826 
Group06_34.txt
6 12 49 66 80 111 125 148 185 202 231 258 268 282 310 364 372 377 379 454 467 480 493 519 533 
Group06_35.txt
14 56 59 89 125 183 197 223 254 279 336 357 383 393 419 456 467 500 531 
Group06_36.txt
15 67 87 104 124 135 189 236 238 328 352 433 473 581 605 611 670 677 
Group06_37.txt
18 226 238 266 352 400 406 434 466 508 
Group06_38.txt
1 20 39 45 64 128 135 224 237 249 302 325 346 352 381 395 399 410 435 445 457 461 465 481 570 575 616 622 630 658 667 673 705 722 734 769 
Group06_39.txt
13 43 51 69 104 153 157 187 215 301 333 340 418 452 469 
Group06_40.txt
46 63 77 147 165 187 222 231 241 260 310 376 384 399 402 411 427 470 473 525 
Group06_41.txt
24 44 140 167 177 189 192 200 216 223 232 247 263 298 309 316 320 344 365 367 380 388 417 450 475 477 524 575 605 
Group06_42.txt
14 37 100 128 133 143 147 185 203 259 265 270 399 419 436 494 510 516 538 542 
Group06_43.txt
19 35 39 69 171 179 182 225 228 232 251 257 260 265 272 279 289 300 319 322 350 357 441 466 470 476 518 569 580 585 591 600 607 708 
Group06_44.txt
14 104 153 176 258 300 323 340 350 358 438 449 457 469 485 547 570 645 652 729 757 785 852 862 888 908 925 
Group06_45.txt
72 96 103 107 120 211 220 261 286 314 343 397 418 422 430 432 482 498 554 563 630 
Group06_46.txt
8 30 85 99 122 132 144 154 238 244 314 390 407 445 494 520 548 557 586 
Group06_47.txt
23 33 36 87 110 127 152 158 185 195 210 248 305 364 420 461 479 507 517 
Group06_48.txt
46 59 116 185 340 357 375 404 493 559 565 589 595 
Group06_49.txt
40 71 97 221 224 229 279 314 345 381 389 423 488 507 519 534 551 555 562 573 
Group06_50.txt
35 94 126 130 133 147 313 321 331 342 372 432 449 468 632 649 659 
Group07_01.txt
46 67 128 158 186 214 238 282 290 306 314 355 367 372 383 419 486 492 545 632 692 699 735 762 773 781 816 852 854 866 877 892 
Group07_02.txt
29 56 63 160 236 310 343 473 484 564 641 666 678 721 767 771 858 
Group07_03.txt
42 51 90 152 170 191 205 238 271 285 292 326 345 350 376 633 680 736 764 826 839 878 1053 1106 1148 1155 1187 1268 1391 1402 1433 1441 1447 1506 1560 1566 1612 1662 1689 1884 1902 2113 2143 2187 2191 2211 2342 2370 2390 2396 2468 2474 2527 2583 2605 2745 2806 
Group07_04.txt
53 68 140 146 158 269 358 410 520 553 556 571 597 606 618 631 644 670 693 706 725 872 918 931 991 1061 1099 1150 1192 1240 1247 1262 1268 1285 
Group07_05.txt
41 49 68 94 124 134 269 282 346 359 412 496 562 601 657 666 677 765 827 839 856 867 884 902 
Group07_06.txt
48 94 119 290 300 309 350 358 368 433 553 597 660 732 
Group07_07.txt
2 17 48 82 111 135 192 358 399 493 581 584 602 613 630 642 649 656 735 772 813 821 847 891 1077 1186 1323 1328 
Group07_08.txt
46 73 81 171 190 264 353 420 438 466 479 502 521 564 571 
Group07_09.txt
28 79 412 427 438 486 666 709 
Group07_10.txt
43 128 139 200 269 466 513 526 536 574 625 628 632 638 
Group07_11.txt
61 216 277 340 409 426 458 495 
Group07_12.txt
1 15 30 43 134 166 173 213 233 263 302 317 340 428 453 495 574 589 591 640 699 724 796 846 927 947 1068 1118 1122 1142 
Group07_13.txt
71 127 161 259 270 314 343 462 541 556 598 635 
Group07_14.txt
8 46 57 63 92 134 153 169 247 250 292 420 425 
Group07_15.txt
43 99 118 184 205 284 502 
Group07_16.txt
37 51 89 97 140 221 283 438 446 466 497 507 513 524 539 558 570 599 615 623 663 691 702 794 
Group07_17.txt
47 154 181 264 455 478 564 
Group07_18.txt
50 84 215 450 511 531 596 777 823 924 1058 1177 1231 1255 1266 1316 1335 1398 
Group07_19.txt
42 68 88 146 267 289 385 399 407 479 531 589 676 757 777 819 834 844 971 
Group07_20.txt
168 174 207 242 296 326 468 
Group07_21.txt
0 74 91 125 169 201 210 315 398 404 444 475 495 506 540 565 660 686 690 
Group07_22.txt
32 39 125 190 201 218 292 323 356 395 428 490 517 823 
Group07_23.txt
62 74 103 122 125 216 408 
Group07_24.txt
189 267 309 403 474 480 786 804 851 892 914 939 962 1016 1065 1106 1109 1126 1140 1330 1407 1453 1514 1657 1677 1685 1788 1827 1830 1937 1962 1990 2065 2102 
Group07_25.txt
31 56 123 149 436 471 512 525 
Group07_26.txt
28 83 128 149 195 221 232 259 334 363 477 481 
Group07_27.txt
20 324 358 507 511 525 554 570 
Group07_28.txt
174 201 411 446 526 556 
Group07_29.txt
38 60 340 382 393 441 467 516 547 
Group07_30.txt
25 96 113 136 162 222 235 403 424 433 490 540 566 628 632 679 682 795 815 856 894 923 
Group07_31.txt
42 46 50 54 59 74 110 132 145 153 162 225 261 284 297 340 412 453 461 485 492 506 546 671 776 799 806 889 929 939 958 1014 1032 1038 1053 1068 1088 1107 1192 1198 1315 1383 1403 1444 1478 1483 1534 1538 1576 1579 1601 1612 1619 1698 1715 1731 1758 1780 1782 1789 1830 1868 1875 1900 1962 
Group07_32.txt
34 156 201 252 379 
Group07_33.txt
2 33 62 406 436 452 477 
Group07_34.txt
8 37 112 128 199 360 412 591 609 
Group07_35.txt
63 189 428 455 537 
Group07_36.txt
45 49 74 79 106 181 196 280 310 360 543 559 572 579 660 743 781 891 984 1003 1049 1072 1189 1248 1311 1360 1389 1421 
Group07_37.txt
2 69 76 95 109 126 143 160 165 206 246 268 288 302 317 336 343 477 484 489 494 538 629 631 639 690 764 769 878 923 957 1003 1045 1064 1124 1176 1251 1485 1509 1529 1609 1642 1685 1719 1722 1735 1756 
Group07_38.txt
40 58 183 403 452 528 571 577 584 628 674 713 737 796 813 874 881 967 975 1014 1079 1082 1092 1107 1109 1116 1233 1249 1260 1422 1438 1454 1509 1530 1552 1575 1632 1640 1693 1704 1766 1786 1799 1804 1808 1839 1927 1968 1972 
Group07_39.txt
48 174 220 403 424 522 561 564 
Group07_40.txt
2 49 84 150 316 341 351 406 415 435 500 554 699 808 
Group07_41.txt
81 133 215 411 421 575 594 643 
Group07_42.txt
102 420 437 462 744 
Group07_43.txt
5 46 193 228 301 325 339 349 
Group07_44.txt
5 60 85 129 164 205 223 399 479 522 580 681 689 732 750 758 771 805 
Group07_45.txt
111 174 177 274 279 305 319 501 515 
Group07_46.txt
6 27 76 102 141 253 533 592 724 767 
Group07_47.txt
32 173 227 235 240 307 346 378 448 577 621 644 686 
Group07_48.txt
71 81 105 153 210 227 235 260 274 280 327 372 451 487 522 558 686 691 700 740 745 762 810 863 984 999 1059 
Group07_49.txt
88 124 139 153 210 277 359 462 475 663 672 688 754 835 1007 1010 1036 1058 1103 1157 1301 1375 1424 1479 1604 1634 1675 1696 1770 1778 1830 1854 1924 2006 2011 2087 2091 2143 2240 2269 2385 2402 2425 2512 2651 2684 2701 
Group07_50.txt
38 96 117 175 225 266 284 294 337 385 400 432 452 519 579 651 664 
Group08_01.txt
83 111 140 146 153 176 263 300 306 328 358 460 520 525 547 557 591 628 677 693 
Group08_02.txt
4 17 24 69 80 97 213 228 416 579 643 652 
Group08_03.txt
42 154 191 328 374 414 
Group08_04.txt
40 93 148 177 226 241 256 351 387 404 594 687 733 763 
Group08_05.txt
101 110 219 245 276 340 
Group08_06.txt
45 70 108 133 189 227 242 277 282 288 323 372 478 498 520 548 563 599 612 616 630 652 682 688 707 735 795 863 913 963 973 982 992 1023 1064 1073 
Group08_07.txt
141 163 203 214 221 352 371 376 418 
Group08_08.txt
22 193 202 260 330 
Group08_09.txt
31 35 61 65 95 138 214 226 263 391 455 468 524 642 684 704 725 737 771 
Group08_10.txt
22 62 182 210 239 245 252 275 362 399 405 427 457 559 619 624 646 656 690 727 776 792 
Group08_11.txt
102 170 178 205 214 265 288 298 313 336 346 357 372 405 414 424 430 443 474 495 527 532 555 627 747 759 775 806 815 
Group08_12.txt
17 39 70 92 187 230 243 353 398 410 432 476 491 522 671 676 709 737 757 782 786 791 801 970 994 
Group08_13.txt
4 213 254 266 510 597 732 760 770 778 786 883 902 907 971 986 1037 1069 
Group08_14.txt
101 104 121 241 267 362 375 385 438 526 568 629 
Group08_15.txt
35 103 210 278 309 512 520 559 640 670 715 815 871 882 
Group08_16.txt
28 54 118 186 368 422 455 487 604 613 625 641 646 655 726 810 904 977 1023 1030 1046 1074 1093 1118 1135 1267 1285 1356 1386 1427 1456 1502 1560 1618 1650 1693 1718 1725 
Group08_17.txt
33 47 84 113 127 164 238 290 313 380 414 536 563 615 629 758 876 895 967 1204 
Group08_18.txt
33 46 62 75 104 160 188 282 376 390 417 422 482 606 616 623 731 
Group08_19.txt
42 59 65 110 127 133 183 198 208 246 279 295 349 355 422 575 617 650 667 706 710 773 795 
Group08_20.txt
7 134 290 316 347 358 467 470 481 488 497 514 653 710 734 769 813 845 881 973 1005 1090 1140 1162 1186 1207 1256 1368 1391 1436 1442 
Group08_21.txt
143 185 190 226 258 321 382 517 541 552 562 593 599 660 
Group08_22.txt
1 39 49 86 96 131 145 193 207 264 291 314 331 376 565 691 757 872 878 
Group08_23.txt
40 93 148 177 226 241 256 351 387 404 594 688 734 764 
Group08_24.txt
33 77 122 175 264 297 422 424 533 578 606 625 736 750 833 846 865 1013 1053 1069 1101 1107 
Group08_25.txt
107 143 183 211 245 280 289 337 344 350 451 537 544 589 601 670 684 810 844 872 894 1007 1230 
Group08_27.txt
7 18 28 37 49 58 84 145 188 211 218 225 241 287 297 318 
Group08_28.txt
6 32 50 88 101 117 164 177 209 217 230 235 240 281 294 337 346 357 392 395 402 424 431 440 452 460 477 484 542 566 585 653 670 685 742 748 756 763 780 
Group08_29.txt
7 31 43 105 110 131 186 192 206 216 276 299 336 418 511 550 563 591 615 624 639 690 730 800 816 865 941 953 960 971 1013 1097 1286 1330 1384 1423 1513 
Group08_30.txt
19 25 174 199 232 343 389 541 565 571 663 684 686 740 787 795 829 887 930 943 1021 1045 1135 1143 1151 1158 1195 1247 1288 1432 
Group08_31.txt
7 77 92 97 106 130 270 287 386 406 445 456 509 586 608 612 615 663 671 701 817 852 
Group08_32.txt
60 129 141 173 
Group08_33.txt
70 240 251 264 289 293 
Group08_34.txt
4 27 120 126 157 193 252 322 380 419 
Group08_35.txt
24 40 57 60 98 165 178 226 235 282 302 324 383 
Group08_36.txt
9 31 58 79 87 136 166 237 263 
Group08_37.txt
3 77 129 192 277 298 
Group08_38.txt
6 25 35 40 60 84 172 231 267 288 300 
Group08_39.txt
43 61 80 130 146 193 272 334 368 375 403 431 
Group08_40.txt
6 21 37 45 56 71 74 80 91 101 120 130 136 178 209 219 224 230 268 296 368 380 469 487 
Group08_41.txt
68 82 200 213 226 
Group08_42.txt
39 72 78 116 121 147 171 236 247 267 279 303 313 323 
Group08_43.txt
47 140 174 246 263 268 329 389 406 425 432 459 470 488 522 568 589 634 675 
Group08_44.txt
91 166 175 225 
Group08_45.txt
26 80 96 104 117 185 193 221 248 295 322 
Group08_46.txt
55 108 112 130 185 249 348 
Group08_47.txt
26 35 63 69 140 153 208 237 253 290 319 326 340 438 468 
Group08_48.txt
56 76 105 132 151 157 182 187 192 212 267 312 317 327 338 349 370 396 476 
Group08_49.txt
23 43 72 85 97 122 141 158 168 178 187 202 230 288 
Group08_50.txt
62 120 134 198 224 280 293 311 340 363 406 417 448 528 547 598 
Group09_01.txt
24 34 53 72 86 91 127 153 156 179 190 197 211 218 269 308 315 329 347 373 380 460 490 569 599 
Group09_02.txt
16 25 67 73 82 123 128 166 170 204 238 243 277 285 302 336 403 470 
Group09_03.txt
9 59 104 148 152 177 191 200 204 240 293 330 335 352 357 387 412 425 465 480 504 535 
Group09_04.txt
27 38 118 157 166 203 208 216 231 244 265 269 305 307 311 330 335 339 356 367 407 429 436 459 487 492 502 526 556 584 
Group09_05.txt
8 28 37 55 111 124 165 168 182 247 251 262 305 322 324 377 418 470 478 485 526 565 580 622 654 684 705 739 753 828 903 926 
Group09_06.txt
24 83 120 125 184 210 231 236 247 256 279 285 303 364 374 384 389 426 476 
Group09_07.txt
19 81 144 208 220 251 282 350 442 492 532 544 567 569 585 630 703 721 737 760 780 786 837 869 877 919 949 
Group09_08.txt
1 22 48 83 99 108 143 174 183 201 214 288 323 370 415 439 497 540 556 
Group09_09.txt
14 34 39 74 93 149 162 232 254 261 283 293 296 306 311 315 323 326 415 425 427 440 460 502 560 571 620 627 670 719 734 745 777 803 850 921 
Group09_10.txt
7 18 28 41 103 115 212 215 264 281 305 327 332 377 415 436 455 467 482 561 620 667 685 725 730 799 838 
Group09_11.txt
11 28 38 71 82 85 111 113 120 127 148 160 164 166 184 226 304 307 314 322 341 353 406 446 472 477 489 497 507 520 548 577 597 
Group09_12.txt
1 22 65 127 154 171 174 202 209 214 251 275 296 316 354 390 454 472 475 
Group09_13.txt
34 39 63 70 90 103 152 175 224 281 291 308 334 354 379 400 433 469 489 518 530 577 
Group09_14.txt
21 46 58 70 77 89 111 197 207 224 241 250 262 269 305 313 316 332 340 372 378 382 399 405 423 426 436 462 518 559 586 617 716 725 736 748 802 
Group09_15.txt
13 46 65 103 116 125 214 264 281 317 341 363 369 399 407 510 
Group09_16.txt
1 7 12 18 37 74 90 106 169 210 231 275 317 332 368 371 467 490 516 519 
Group09_17.txt
37 51 95 125 148 336 433 441 447 459 479 518 555 657 660 670 676 722 
Group09_18.txt
70 97 144 214 231 251 256 272 277 307 315 323 347 359 369 395 407 442 458 547 579 587 613 
Group09_19.txt
41 46 62 81 85 122 160 185 188 192 201 240 254 288 324 341 411 435 459 474 534 541 
Group09_20.txt
10 60 106 143 150 153 196 222 282 321 334 367 376 453 462 560 594 598 604 610 
Group09_21.txt
11 13 27 56 119 134 218 250 259 283 292 305 310 332 382 445 478 609 701 712 746 797 833 839 854 932 941 964 974 1020 1049 1068 1071 1076 1090 1119 1145 
Group09_22.txt
16 235 308 363 426 543 598 640 662 666 
Group09_23.txt
52 97 100 150 220 273 371 378 386 398 410 592 595 664 668 
Group09_24.txt
11 18 80 86 134 138 156 174 183 256 315 329 339 344 362 376 391 405 417 466 473 495 504 516 522 556 565 
Group09_25.txt
13 40 98 131 167 172 205 210 233 280 310 326 416 423 457 471 539 
Group09_26.txt
15 37 71 151 155 191 219 304 326 342 403 411 442 448 458 472 535 543 548 565 588 598 610 619 732 838 865 965 1016 1023 1050 1111 1126 1155 1209 1234 1246 1257 
Group09_27.txt
81 115 199 226 251 306 355 406 413 430 440 479 495 511 
Group09_28.txt
17 55 64 72 97 126 210 217 250 254 273 296 368 373 380 388 435 485 
Group09_29.txt
155 185 194 238 262 310 346 372 476 497 506 530 553 586 
Group09_30.txt
99 120 191 209 276 327 429 645 655 
Group09_31.txt
15 36 113 116 130 174 185 200 215 225 230 263 265 293 316 372 406 413 441 450 467 475 586 
Group09_32.txt
61 71 84 146 249 255 285 368 388 434 444 453 517 560 
Group09_33.txt
5 11 14 34 46 62 76 120 128 173 253 266 273 282 318 397 431 451 488 504 532 
Group09_34.txt
1 26 51 68 73 83 115 131 137 140 143 172 220 310 361 395 403 410 435 456 477 515 520 546 554 577 608 
Group09_35.txt
5 32 43 83 114 144 168 174 205 228 236 294 307 360 384 409 469 489 558 654 669 718 754 769 
Group09_36.txt
9 87 104 114 117 170 200 228 235 283 298 331 388 427 458 491 516 553 
Group09_37.txt
23 25 33 43 57 131 186 223 290 319 332 344 384 392 419 458 526 532 557 601 654 673 695 724 731 748 761 771 814 832 881 887 915 953 967 1154 1245 1248 1287 
Group09_38.txt
20 74 94 122 138 145 151 157 326 374 414 452 578 593 
Group09_39.txt
11 35 59 77 105 147 167 207 234 239 278 342 394 438 441 458 465 468 479 
Group09_40.txt
111 117 144 169 243 275 356 368 390 402 500 520 568 658 757 768 776 799 802 
Group09_41.txt
16 37 66 69 72 97 100 108 123 127 151 163 180 187 190 222 232 251 280 327 329 414 437 463 495 502 516 542 
Group09_42.txt
14 21 58 91 174 279 354 374 411 474 491 504 551 600 648 
Group09_43.txt
4 9 31 45 78 81 117 126 139 147 169 215 253 288 311 360 377 388 425 432 435 447 463 488 520 537 600 619 660 670 688 
Group09_44.txt
17 47 71 83 102 109 166 210 222 235 250 254 256 265 274 345 349 367 378 392 409 415 
Group09_45.txt
37 61 109 124 135 166 177 230 302 322 346 403 467 493 534 543 555 607 651 669 687 701 729 
Group09_46.txt
7 18 31 49 51 97 103 123 143 162 191 215 229 239 252 264 282 290 312 345 370 381 402 438 448 470 477 481 525 537 584 
Group09_47.txt
3 48 90 101 113 149 169 247 253 281 301 353 379 417 467 474 545 577 613 617 
Group09_48.txt
15 26 78 145 206 267 277 326 393 417 506 579 644 649 712 
Group09_49.txt
10 23 31 44 110 115 122 158 258 292 313 321 332 363 368 465 524 556 580 594 621 739 796 800 820 838 908 
Group09_50.txt
38 74 104 168 257 289 296 345 404 414 468 528 568 592 646 
Group10_01.txt
9 20 58 61 117 138 168 216 257 278 284 337 364 391 407 460 484 607 638 641 661 698 
Group10_02.txt
34 67 82 98 131 200 215 403 407 412 418 433 486 
Group10_03.txt
26 135 177 193 223 254 268 336 370 385 394 422 522 571 577 595 636 706 747 777 795 896 899 
Group10_04.txt
162 228 262 312 320 454 519 
Group10_05.txt
17 53 57 118 180 184 193 286 336 361 428 538 600 622 708 748 786 902 914 
Group10_06.txt
93 199 234 242 272 275 298 318 447 
Group10_07.txt
22 27 90 123 186 198 203 215 244 251 270 292 300 313 334 354 367 395 426 445 467 480 492 557 583 
Group10_08.txt
80 232 238 280 302 324 383 390 401 417 435 508 546 622 
Group10_09.txt
8 21 47 63 81 111 214 221 251 256 281 295 321 340 395 446 467 486 498 539 593 596 610 633 645 670 691 698 759 778 788 820 888 901 1023 
Group10_10.txt
120 123 131 206 209 222 225 433 452 553 586 629 644 660 717 733 766 834 871 902 920 955 982 
Group10_11.txt
5 62 75 83 95 101 120 181 189 236 240 263 277 282 448 459 544 665 671 680 687 699 718 728 741 806 810 825 835 904 960 1054 1151 1171 1180 1212 1281 
Group10_12.txt
52 61 69 71 77 143 149 155 184 187 206 212 223 256 372 376 524 528 533 541 625 633 657 753 784 
Group10_13.txt
50 58 85 107 148 156 198 215 305 314 331 366 394 429 443 536 583 638 674 695 
Group10_14.txt
99 112 131 193 289 350 354 358 461 
Group10_15.txt
24 64 68 81 134 198 211 256 323 333 398 479 482 513 517 520 549 561 570 583 595 602 620 625 
Group10_16.txt
14 37 72 79 138 181 239 268 288 329 362 401 420 564 665 794 813 823 828 836 858 875 966 974 980 
Group10_17.txt
62 184 255 340 345 352 401 405 424 427 453 457 489 605 633 645 677 707 759 788 823 841 979 1013 
Group10_18.txt
33 46 91 103 111 118 166 178 188 214 234 270 276 328 344 384 391 398 401 410 488 516 533 545 549 561 598 619 633 656 668 672 688 719 739 775 780 783 797 814 823 830 836 
Group10_19.txt
11 102 144 178 274 347 411 443 447 460 462 526 
Group10_20.txt
11 24 172 205 421 424 484 534 606 
Group10_21.txt
50 55 61 105 116 130 162 259 291 307 364 397 423 461 508 553 559 567 604 723 735 740 750 770 786 809 895 909 
Group10_22.txt
110 156 201 204 225 274 327 355 385 410 426 500 700 741 756 799 
Group10_23.txt
26 38 45 138 185 213 226 242 251 313 350 387 390 396 410 419 457 536 541 565 573 644 659 
Group10_24.txt
95 103 241 278 294 341 363 380 439 467 493 528 561 574 616 718 878 930 941 950 981 1000 1014 1049 1117 1123 1199 1318 
Group10_25.txt
72 87 133 230 233 242 251 262 277 337 477 501 523 613 618 676 816 840 862 952 957 1130 1143 1190 1243 
Group10_26.txt
34 67 82 98 131 200 215 403 407 412 418 433 486 
Group10_27.txt
77 113 122 128 182 214 232 246 260 299 302 309 327 337 362 368 427 434 483 542 587 637 678 737 742 768 805 814 843 925 937 946 954 1006 1033 
Group10_28.txt
39 47 104 125 150 234 252 399 546 655 681 687 706 804 828 966 1019 1027 1051 1081 1094 1098 1111 
Group10_29.txt
10 30 68 139 143 183 230 281 320 342 349 365 377 400 458 465 515 522 547 578 640 643 716 719 765 778 856 873 877 895 1001 1013 
Group10_30.txt
59 75 241 257 359 381 467 
Group10_31.txt
60 103 114 122 146 150 155 195 205 227 270 290 465 475 501 545 557 582 663 
Group10_32.txt
92 104 112 115 120 159 165 172 208 234 256 263 307 341 365 391 413 419 466 473 477 524 552 573 590 640 671 725 733 
Group10_33.txt
7 12 80 102 117 125 143 193 205 215 234 246 271 382 387 406 464 511 536 596 632 699 714 719 755 794 822 848 901 931 959 966 976 987 994 999 1032 1086 1155 1204 1217 1253 1351 1356 1371 1386 1404 1422 1495 1516 1520 1528 1541 1583 1614 1643 1711 1727 
Group10_34.txt
29 51 66 84 179 305 335 345 349 388 402 421 458 466 488 
Group10_35.txt
22 106 122 152 156 194 218 270 305 325 345 389 416 453 509 512 528 533 559 617 645 789 802 854 864 894 946 959 970 976 1005 1025 1074 1081 1084 1123 1163 1193 1211 1216 1227 1262 1308 1331 1405 1431 1512 1565 1612 1632 1641 1708 
Group10_36.txt
37 47 156 276 318 344 471 506 509 546 576 594 653 711 731 749 783 797 839 852 
Group10_37.txt
36 78 176 253 255 322 430 501 513 521 561 613 620 681 686 747 751 760 777 
Group10_38.txt
44 59 99 119 139 142 184 201 215 220 228 240 267 277 285 371 414 441 496 498 512 520 689 728 774 793 940 951 1042 1162 
Group10_39.txt
22 36 94 144 208 230 289 298 338 377 447 470 518 581 598 604 650 662 672 680 711 809 881 905 969 981 
Group10_40.txt
15 71 88 96 113 159 223 251 280 313 359 377 422 431 439 446 464 470 520 573 623 671 
Group10_41.txt
2 36 47 50 86 113 172 308 341 413 430 476 555 591 611 
Group10_42.txt
23 139 213 226 243 339 356 434 440 470 475 509 525 532 561 617 662 690 
Group10_43.txt
23 80 193 205 381 394 466 494 518 532 571 573 597 625 713 829 967 1064 1105 
Group10_44.txt
17 57 108 240 295 313 330 349 363 386 396 412 464 470 497 505 545 711 725 761 775 809 821 833 
Group10_45.txt
122 126 165 183 193 231 266 308 336 365 379 406 421 463 493 507 533 546 643 680 684 
Group10_46.txt
7 102 154 157 185 231 461 526 
Group10_47.txt
119 135 273 318 411 427 489 508 545 623 629 640 685 894 932 950 1026 
Group10_48.txt
7 12 71 76 115 143 302 474 494 566 653 661 
Group10_49.txt
13 71 81 171 177 207 229 347 370 417 456 468 540 566 598 643 688 701 718 792 811 
Group10_50.txt
29 90 99 230 302 328 348 418 428 508 
Group11-01.txt
25 40 64 125 141 148 200 234 252 258 287 300 412 429 432 484 489 527 540 591 619 622 687 746 762 771 
Group11-02.txt
14 24 30 44 119 124 142 154 257 337 364 386 408 416 425 432 451 453 475 486 495 505 577 613 625 630 642 682 695 703 706 743 746 778 786 805 832 842 872 934 956 1009 1024 1046 1056 1079 1105 1114 1133 1160 1251 
Group11-03.txt
39 209 223 276 294 361 392 527 558 591 629 672 702 729 753 
Group11-04.txt
27 52 99 124 225 245 262 273 296 335 353 390 449 512 692 708 725 784 801 836 884 
Group11-05.txt
70 129 284 309 495 517 560 574 613 764 795 893 923 956 962 975 987 1008 1159 1336 1339 1343 1374 1398 1416 1500 1526 1565 1631 1641 1663 1692 1707 1726 1765 1833 1840 1902 1953 2045 2060 2108 2148 2194 2361 2369 2395 
Group11-06.txt
75 100 189 197 206 218 255 285 288 302 311 338 369 375 435 454 
Group11-07.txt
34 86 132 199 221 300 379 395 423 426 431 454 511 638 706 
Group11-08.txt
27 45 72 107 123 171 201 212 220 235 239 268 278 284 358 382 394 418 437 465 492 516 531 543 569 609 
Group11-09.txt
21 46 80 106 128 196 201 237 305 378 401 434 445 467 489 
Group11-10.txt
15 65 119 155 256 347 368 415 417 425 449 468 
Group11-11.txt
56 78 80 108 117 150 161 175 185 196 205 213 223 248 292 304 310 322 368 443 473 509 550 
Group11-12.txt
23 87 93 168 186 199 227 262 286 402 405 458 486 507 526 542 567 625 649 703 723 
Group11-13.txt
48 76 90 103 145 154 177 190 195 203 211 223 236 242 245 267 302 392 500 522 675 688 
Group11-14.txt
85 102 135 177 235 420 458 475 528 551 645 720 797 822 932 1028 1165 1181 1205 
Group11-15.txt
53 68 105 158 166 198 248 338 346 375 427 441 512 591 598 732 771 790 997 1054 1098 1169 1204 1245 1397 1465 1473 1513 1657 1674 1700 1788 1813 1829 1856 1867 1925 2023 2049 2116 2239 2274 2287 2401 2406 2458 
Group11-16.txt
26 49 95 101 168 211 218 230 252 259 346 385 433 448 513 527 565 658 672 718 723 788 813 816 846 868 899 937 980 1080 1105 1147 1157 1178 1212 1231 1243 1277 1295 1365 1407 1417 1450 1498 1577 1629 1635 1708 1771 1777 1879 1905 1914 1924 1963 1995 2008 2019 2025 2067 2084 2090 2123 2168 2195 2298 2309 2382 2406 2415 2439 2476 2495 2560 2580 2615 2647 2669 2719 2731 2759 2825 2867 2902 2917 2995 3084 3300 
Group11-17.txt
11 37 63 76 107 152 154 190 200 264 298 325 364 377 403 438 605 721 755 
Group11-18.txt
18 65 80 93 96 234 440 475 478 
Group11-19.txt
82 97 134 171 184 193 300 470 577 632 644 680 
Group11-20.txt
33 54 63 69 103 105 128 139 141 143 146 155 207 240 242 251 278 282 293 319 321 367 409 484 499 546 557 567 592 600 612 634 642 677 684 693 760 820 882 917 934 943 951 988 1140 1181 1243 1272 1323 1329 
Group11-21.txt
43 130 133 380 440 505 709 779 788 837 
Group11-22.txt
22 31 47 55 63 77 80 83 94 132 163 180 232 287 334 343 356 375 388 393 414 424 434 454 474 485 598 643 676 707 720 749 776 795 865 878 909 915 936 957 
Group11-23.txt
51 58 89 151 173 196 211 217 220 224 243 293 300 317 324 341 362 429 432 456 465 538 588 637 673 708 755 760 838 847 861 
Group11-24.txt
42 71 81 106 130 140 323 394 406 478 585 757 771 799 817 846 893 925 936 958 973 992 1001 1038 1065 1091 1107 1174 1177 1196 1321 1413 1422 1440 1479 1557 1627 1672 1682 1699 1705 1718 1768 1776 1795 1858 1879 1886 1906 1940 1949 1961 2012 2034 2069 2111 2124 2181 2187 2209 2240 2257 2296 2300 2345 2352 2378 2399 2415 2485 2494 2527 2595 
Group11-25.txt
59 76 94 120 147 205 247 300 310 340 352 427 438 506 510 569 588 606 639 662 664 
Group11-26.txt
12 27 45 71 224 277 334 357 
Group11-27.txt
47 74 78 84 93 139 166 202 208 
Group11-28.txt
73 151 168 258 269 297 418 515 537 551 580 619 671 686 713 722 733 736 751 769 782 823 837 878 956 
Group11-29.txt
20 73 131 146 283 307 316 322 347 366 377 386 406 455 466 485 524 548 562 607 637 743 
Group11-30.txt
35 43 64 137 144 170 226 250 259 261 265 273 289 297 299 346 353 415 619 
Group11-31.txt
21 27 34 48 72 79 103 112 212 227 249 273 293 302 369 567 581 
Group11-32.txt
44 56 146 197 210 218 262 278 319 327 420 574 593 632 647 675 792 
Group11-33.txt
23 44 56 59 92 123 130 154 220 223 251 270 363 401 453 465 474 499 548 567 653 815 842 880 922 935 942 964 987 1044 
Group11-34.txt
17 54 224 241 279 370 400 425 
Group11-35.txt
7 34 42 51 70 82 98 110 143 162 195 211 223 288 298 318 339 391 423 429 479 
Group11-36.txt
12 31 44 69 79 82 94 115 141 180 227 256 271 281 283 330 352 388 
Group11-37.txt
16 39 71 107 127 151 158 246 303 326 333 337 344 360 366 382 392 457 471 487 515 530 604 771 
Group11-38.txt
3 33 65 73 185 198 206 226 242 244 275 358 456 488 492 556 614 620 666 716 761 777 784 790 797 822 858 
Group11-39.txt
14 36 60 90 136 143 276 323 340 359 363 390 396 416 429 521 543 548 617 675 685 
Group11-40.txt
22 42 92 127 287 339 444 668 682 690 
Group11-41.txt
25 66 125 155 204 213 240 261 294 305 349 
Group11-42.txt
32 72 142 208 261 290 385 430 455 482 493 500 508 551 
Group11-43.txt
67 127 157 254 274 
Group11-44.txt
320 323 389 488 548 581 601 618 621 645 715 766 856 
Group11-45.txt
21 54 68 103 191 243 249 267 278 301 336 436 570 590 639 774 972 1006 1105 1132 1141 1151 1304 1316 
Group11-46.txt
97 257 285 467 927 937 1055 1110 1128 1157 1163 1219 1244 1259 1328 1503 
Group11-47.txt
115 132 185 188 249 341 455 467 476 518 541 569 633 642 647 692 732 781 856 
Group11-48.txt
23 55 98 115 125 138 145 171 189 241 246 318 353 377 479 484 498 721 820 877 
Group11-49.txt
38 50 130 187 219 225 237 252 319 381 385 486 534 550 614 
Group11-50.txt
84 170 252 265 315 437 441 446 483 522 576 615 653 659 663 671 716 742 786 874 880 932 964 1008 
Group12_01.txt
1 136 224 270 410 460 607 621 650 755 769 798 819 991 1059 1095 1119 1184 1229 1263 1271 1285 1307 1352 1385 1516 1522 1573 
Group12_02.txt
46 64 84 175 210 242 299 377 409 449 545 620 688 773 814 998 1005 1058 1097 1114 1125 1180 1239 1274 1409 1447 1469 1498 1508 1597 1600 1684 1699 1801 1828 1882 1905 1945 1976 2021 2030 2039 
Group12_03.txt
134 170 211 222 262 307 683 845 1072 1332 1431 
Group12_04.txt
2 57 152 253 305 312 323 450 466 471 523 558 585 598 615 656 672 861 888 928 948 997 1057 1112 1123 1151 1164 1181 1318 1330 1335 1353 1368 1378 1392 1401 1408 1459 1480 1502 1530 1561 1566 1606 1615 1636 1658 1680 1740 1775 1797 1857 1890 1910 1918 1973 1982 1995 2052 2095 2206 2220 2231 2238 2302 2311 2344 2500 2542 2565 2582 2598 2603 2615 2627 2634 2705 2740 2762 2795 2822 2848 2860 
Group12_05.txt
124 168 192 296 419 438 448 471 501 580 589 600 
Group12_06.txt
64 74 80 86 208 264 296 371 399 530 536 580 599 743 779 820 832 839 903 917 924 970 999 1028 1127 1151 1181 1191 1197 1203 1213 1246 1362 1374 
Group12_07.txt
22 70 87 96 105 149 161 189 202 218 238 283 323 351 393 402 418 452 460 514 571 589 614 628 662 691 717 743 746 787 833 903 924 931 997 1024 1036 1083 1086 1130 1173 1184 1203 1331 1352 1355 1401 
Group12_08.txt
4 28 82 144 213 557 573 604 
Group12_09.txt
80 157 220 253 256 354 357 364 388 397 405 435 463 494 520 555 595 613 674 711 720 728 745 752 1088 1103 1120 
Group12_10.txt
71 149 196 210 237 243 322 356 376 392 458 472 484 500 524 677 756 831 856 
Group12_11.txt
2 138 374 487 513 541 601 708 745 819 846 
Group12_12.txt
2 138 374 487 513 541 601 708 745 819 846 
Group12_13.txt
54 124 131 159 339 353 370 376 382 442 491 577 744 843 882 908 975 1023 1061 1069 1082 1122 1200 1223 1339 1357 1361 1414 1463 1466 1500 1513 1528 1537 1547 1582 1593 1613 1642 1888 1918 1959 1963 2028 2042 2066 
Group12_14.txt
5 117 134 158 171 343 399 486 671 691 751 768 803 873 894 905 977 
Group12_15.txt
27 99 121 150 195 240 278 292 322 371 403 422 492 518 565 686 757 
Group12_16.txt
69 126 211 267 341 415 426 
Group12_17.txt
10 17 36 98 125 139 200 227 241 245 335 422 446 459 479 
Group12_18.txt
15 113 233 403 506 547 
Group12_19.txt
13 63 119 161 257 341 394 427 468 482 494 525 530 648 683 698 731 796 829 936 944 949 1033 1063 1123 1149 1158 1210 1247 1257 
Group12_20.txt
38 171 224 250 271 291 337 401 433 442 458 485 516 523 534 605 609 
Group12_21.txt
26 54 64 129 183 214 342 439 448 661 
Group12_22.txt
20 59 62 86 95 97 118 169 219 223 279 288 306 349 435 446 453 501 558 570 596 651 685 692 706 718 721 
Group12_23.txt
21 38 56 68 119 133 158 163 173 181 193 259 319 347 360 377 421 443 455 467 601 
Group12_24.txt
21 31 104 124 170 237 344 485 522 536 709 761 767 815 891 
Group12_25.txt
4 28 43 119 138 159 164 226 231 281 298 366 394 444 471 521 538 560 582 587 595 
Group12_26.txt
8 20 49 83 105 124 273 310 312 318 490 540 551 664 728 886 912 926 966 971 994 1031 1037 1066 1208 1212 1221 1232 1318 1329 1446 1467 1474 1535 1545 1645 
Group12_27.txt
164 234 341 435 501 
Group12_28.txt
95 102 128 212 275 300 313 330 413 601 655 
Group12_29.txt
121 230 301 404 436 575 
Group12_30.txt
15 80 154 161 163 273 312 388 407 481 514 595 
Group12_31.txt
79 102 124 187 197 227 238 255 273 275 326 467 478 497 
Group12_32.txt
6 19 22 36 131 140 183 223 244 270 278 298 314 355 390 428 447 
Group12_33.txt
42 119 164 263 342 391 503 
Group12_34.txt
1 218 224 262 283 288 306 347 378 463 473 500 607 
Group12_35.txt
4 12 26 71 105 113 123 146 176 182 204 224 235 265 309 339 510 523 527 583 597 601 665 699 734 742 
Group12_36.txt
44 86 168 318 479 
Group12_37.txt
103 191 281 481 
Group12_38.txt
43 62 136 158 176 210 219 354 391 425 462 484 495 499 507 523 593 610 624 639 649 667 
Group12_39.txt
45 59 108 130 178 214 222 246 266 393 472 495 532 555 557 570 639 659 661 783 838 
Group12_40.txt
170 276 454 504 545 583 586 603 609 641 
Group12_41.txt
91 251 459 464 474 504 523 579 754 761 832 
Group12_42.txt
29 74 100 139 145 204 210 238 246 325 355 398 417 445 470 526 565 666 773 831 860 869 927 958 964 966 993 1017 1023 1039 1106 1113 1162 1174 1190 1244 1324 1360 1371 1394 1434 1492 
Group12_43.txt
7 40 43 65 69 79 111 117 128 132 173 208 214 238 242 252 254 292 311 361 370 405 408 446 520 533 565 603 646 649 679 683 716 758 783 807 875 888 892 
Group12_44.txt
40 50 58 61 78 139 165 177 185 188 254 281 309 315 394 397 457 496 535 557 574 
Group12_45.txt
144 177 229 252 281 401 439 525 565 
Group12_46.txt
52 65 140 156 517 575 615 668 688 716 
Group12_47.txt
18 79 129 165 207 218 245 256 329 334 394 425 440 
Group12_48.txt
20 129 202 314 359 428 434 453 486 508 621 
Group12_49.txt
10 32 91 160 185 250 257 308 323 329 369 387 466 527 581 651 716 735 740 763 834 854 868 880 890 950 956 994 1016 1054 1122 1153 1197 1260 1299 1321 1355 1365 1391 1427 1472 1476 1515 1670 1780 1823 1855 1859 1863 1869 1888 1908 2017 2058 2084 2257 2271 2293 2304 2378 2396 2409 2416 2442 2461 2474 2499 2514 2528 2571 2645 2717 2754 
Group12_50.txt
40 194 225 264 287 353 371 559 
Group13_01.txt
21 44 213 248 289 342 446 476 648 662 691 
Group13_02.txt
76 143 153 197 462 487 586 593 642 729 798 1055 1101 1200 1229 1248 1334 1358 1396 1442 1477 1523 1687 1745 1977 2161 2185 2239 2260 2285 2307 2334 
Group13_03.txt
42 63 113 139 192 204 211 235 239 243 283 307 352 356 403 422 534 547 557 677 
Group13_04.txt
96 206 352 399 564 579 585 756 783 793 796 914 1011 1060 1067 1074 1111 1148 1153 
Group13_05.txt
37 48 62 83 102 160 173 220 267 275 331 479 505 577 596 666 677 688 761 787 805 809 896 933 946 964 1114 1130 1166 1244 1313 1512 1539 1583 1621 1642 1658 1825 1841 1934 1974 1983 2034 2055 2076 
Group13_06.txt
27 47 70 178 197 231 235 362 426 445 451 508 573 727 799 818 889 953 956 965 974 1046 1049 1065 1097 1189 1208 1260 1297 1403 1415 1481 1510 1622 1644 1851 1933 1950 2145 2152 2389 2554 2584 2680 
Group13_07.txt
26 29 82 120 123 212 288 328 397 442 457 468 510 519 524 540 578 
Group13_08.txt
84 129 155 246 251 267 276 333 351 367 391 419 548 592 642 715 733 777 797 813 820 834 911 953 1081 1089 1116 1124 1206 1252 
Group13_09.txt
211 273 327 360 402 498 528 582 597 607 755 936 990 1083 1132 1217 1260 1271 1432 1543 1635 1718 1727 1793 1859 1870 1878 
Group13_10.txt
3 16 61 101 174 212 241 259 279 307 368 402 455 471 475 546 690 724 728 752 803 856 
Group13_11.txt
6 37 52 55 66 83 129 153 199 235 248 255 295 327 383 407 418 430 490 499 509 513 520 537 592 618 
Group13_12.txt
31 50 109 113 151 186 204 240 260 307 309 318 354 424 440 474 498 502 588 678 693 715 729 754 
Group13_13.txt
12 98 102 112 179 224 234 253 283 
Group13_14.txt
51 77 85 98 137 157 163 183 195 203 243 275 301 326 340 350 441 500 508 532 547 550 571 584 637 648 
Group13_15.txt
2 42 55 66 75 241 312 390 481 499 553 
Group13_16.txt
15 38 46 117 152 164 168 194 214 219 243 283 346 354 
Group13_17.txt
30 96 143 177 298 371 394 403 441 457 512 576 600 626 631 668 
Group13_18.txt
8 65 74 197 210 325 375 386 394 427 433 452 488 553 560 685 710 747 754 823 859 870 899 928 
Group13_19.txt
10 23 29 36 104 143 201 238 301 320 324 342 358 371 378 404 407 
Group13_20.txt
2 32 43 47 57 69 144 164 173 186 206 270 310 402 421 430 504 639 667 762 784 817 
Group13_21.txt
21 67 99 111 116 139 230 243 253 262 286 297 310 395 434 461 473 546 558 586 632 649 725 744 767 769 786 813 847 862 888 900 924 1012 1022 1050 1132 1151 1165 1200 1222 1311 1416 1431 1472 1478 1481 1494 1501 1534 1629 1644 1704 1737 1780 1786 1804 1835 1883 1894 1932 1949 1979 1986 2035 2085 
Group13_22.txt
40 63 70 73 128 151 185 244 267 335 346 349 380 396 403 424 453 458 495 516 538 614 652 667 693 726 771 831 842 845 849 855 861 882 894 970 1021 1085 1096 1098 1128 1191 1287 1298 1326 1356 1429 1435 1458 1482 1492 1568 1590 1663 1690 1711 1734 1809 1833 1874 1902 1912 1961 1975 1994 1997 2004 2084 2093 2139 2199 2268 2290 2378 2381 2406 2438 2494 2497 2539 2551 2561 2602 2606 2635 2640 2659 2687 2700 2725 2751 2817 2896 2900 2946 3188 3243 3343 3474 3562 3607 3655 3984 4061 4105 4118 4150 4153 4158 4171 4195 4301 4316 4324 4385 4460 4519 4550 4565 4609 4639 4653 4685 4715 4760 4825 4845 4878 4956 5012 5041 5060 5094 5112 5127 5166 5206 5311 5315 5340 5410 5421 5564 5574 5685 5811 5829 5877 6036 6051 6059 6163 6168 6242 6250 6252 6336 6480 6491 6546 6549 6584 6591 6598 6607 6692 6996 7063 7070 7075 7163 7197 7220 7299 7308 7453 7488 7517 7652 7659 7690 7795 7797 7878 7950 7956 7985 7995 8010 8019 8042 8098 8127 8133 8140 8181 8196 8203 8230 8255 8278 8305 8326 8369 8423 8454 8482 8502 8504 8522 8538 8557 8563 8602 8649 8693 8711 8717 8767 8778 8813 8832 8872 8925 8971 9031 9034 9041 9120 9186 9220 9321 9385 9392 9403 9409 9463 9489 9614 9632 9754 9763 9806 9943 10001 10030 10074 10091 10199 10238 10252 10296 10386 10456 10531 10536 10575 10687 10712 10778 10908 10930 11118 11126 11149 11220 11264 11278 11291 11301 11358 11390 11422 11477 11525 11563 11594 11653 11667 11693 11778 11798 11865 11966 12041 12112 12189 12221 12280 12290 12376 12389 12428 12444 12473 12478 12549 12551 12559 12574 12657 12758 12797 12821 12867 12873 12897 12910 12916 12921 12941 12964 13003 13064 13146 13202 13218 13362 13458 13501 13533 13580 13625 13647 13673 13681 13713 13725 13776 13844 13860 13924 13966 14081 14111 14142 14184 14247 14376 14412 14471 14483 14650 14826 14866 14883 14907 14913 14977 15003 15107 15115 15120 15176 15230 15262 15269 15299 15302 15336 15377 15409 15415 15439 15443 15468 15484 15651 15656 15707 15726 15760 15780 15833 15876 15886 15950 16029 16039 16050 16085 16087 16104 16311 16345 16388 16410 16418 16552 16604 16631 
Group13_23.txt
17 25 39 41 103 156 181 328 338 346 356 365 411 417 433 440 445 451 460 466 484 510 531 566 583 587 615 656 667 717 720 729 752 810 847 857 889 892 901 965 977 1043 1068 1107 1109 1131 1134 1143 1146 1153 1178 1192 1232 1291 1298 1303 1309 1324 1326 1332 1362 1447 1515 1526 1666 1679 1681 1701 1750 1779 1805 1809 1856 1865 1867 1876 1880 1890 1899 1906 1930 1940 1949 1960 1980 2028 2084 2119 2143 2238 2252 2277 2317 2374 2460 2474 2497 2507 2515 2532 2579 2586 2641 2647 2693 2735 2742 2745 2748 2762 2773 2800 2841 2901 2929 2945 2963 2969 3041 3056 3061 3087 3159 3188 3193 3203 3206 3234 3258 3307 3335 3353 3364 3386 3429 3443 3471 3519 3527 3625 3633 3645 3736 3766 3770 3778 3806 3813 3820 3824 3836 3849 
Group13_24.txt
35 69 87 119 139 171 303 346 356 365 406 436 462 578 589 671 677 689 756 774 787 831 878 886 938 967 1030 1049 1077 1116 1146 1235 1239 1248 1293 1340 1354 1479 1588 1652 1689 1777 1801 1809 1851 1880 1886 1890 1902 1960 1967 1985 2025 2029 2034 2082 2202 2323 2337 2363 2392 2492 2578 2630 2640 2648 2662 2679 2693 2747 2759 2778 2813 2943 3060 3129 3147 3246 3262 3268 3307 3320 3394 3404 3478 3502 3527 3708 3837 3848 3863 3971 3984 4011 4038 4057 4146 4157 4166 4201 4211 4229 4247 4268 4276 4357 4390 4396 4433 4478 4544 4556 4741 4748 4820 4827 4848 4899 4922 4931 4954 4985 5028 5043 5058 5147 5155 5175 5223 5228 5232 5241 5245 5254 5286 5310 5354 5389 5479 5525 5533 5575 5595 5614 5624 5636 
Group13_25.txt
1 71 136 156 174 238 381 399 420 487 512 521 556 566 568 570 623 646 669 677 713 754 770 842 850 863 871 906 992 1164 1369 1434 1436 1451 1550 1581 1593 1614 1630 1686 1700 1791 1806 2017 2042 2063 2068 2101 2150 2180 2191 2275 2536 
Group13_26.txt
23 29 108 113 208 253 273 311 362 364 367 379 386 411 423 449 454 487 525 544 546 578 629 685 709 734 737 744 799 802 827 871 908 931 958 970 1008 1106 1147 1160 1239 1252 1266 1290 1294 1318 1327 1374 1408 1447 1476 1505 1545 1560 1605 1683 1695 1705 1720 1777 1802 1813 1821 1837 1844 1873 1897 1909 1956 1970 1992 2104 2116 2130 2166 2194 2233 2291 2358 2379 2465 2503 2512 2522 2556 2634 2732 2793 2808 2815 2846 2864 2914 2931 3036 3048 3167 3236 3254 3296 3301 3308 3326 3337 3348 3364 3392 3399 3406 3443 3563 3597 3656 3684 3695 3732 3763 3775 3777 3790 3861 3871 3883 3885 3945 3973 3981 4007 4085 4099 4185 4255 4302 4433 4448 4458 4506 4528 4539 4587 4594 4643 4701 4712 4715 4780 4796 4801 4823 4868 4908 4948 4960 4996 5017 5022 5098 5113 5120 5231 5282 5306 5316 5377 5421 5433 5447 5506 5576 5596 5614 5636 5681 5686 5803 5821 5844 5865 5884 6017 6029 6077 6120 6193 6227 6234 6277 6408 6435 6502 6513 6551 6659 6716 6788 6868 6879 6902 7048 7061 7064 7093 7101 7120 7136 7156 7158 7218 7224 7242 7254 7382 7385 7416 7441 7455 7466 7476 7484 7503 7546 7562 7570 7574 7595 7638 7658 7665 7673 7697 7719 7725 7765 7884 7924 7941 8015 8035 8037 8085 8111 8114 8119 8180 8188 8242 8264 8285 8323 8345 8360 8386 8409 8416 8420 8440 8464 8516 8573 8606 8648 8858 8912 8941 8961 8977 9029 9062 9133 9138 9175 9200 9215 9259 9276 9330 9374 9409 9482 9527 9533 9781 9927 9961 10052 10124 10155 10205 10217 10219 10246 10252 10267 10277 10281 
Group13_27.txt
90 271 322 348 379 392 470 472 546 565 576 611 716 747 776 800 837 844 874 900 913 1006 1020 1056 1154 1292 1301 1459 1496 1535 1542 1578 1600 1626 1653 1723 1745 1762 1828 1852 1860 1872 1875 1905 1996 2004 2028 2036 2071 2091 2100 2115 2149 2158 2166 2216 2237 2255 2266 2304 2327 2510 2548 2579 2594 2606 2659 2689 2729 2732 2754 2762 2832 2835 2939 3021 3043 3060 3074 3252 3329 3372 3423 3442 3466 3495 
Group13_28.txt
18 30 100 111 145 207 271 326 341 513 521 543 546 555 565 575 610 626 716 754 766 775 873 929 979 985 1001 1043 1092 1103 1114 1202 1450 1458 1568 1623 1626 1685 1782 1854 2007 2200 2328 2364 2391 2468 2489 2491 2504 2535 2660 2713 2800 2805 2826 2845 2848 3028 3039 3073 3081 3180 3231 3245 3309 3342 
Group13_29.txt
19 88 108 129 151 153 178 209 224 268 284 302 351 386 412 414 441 469 533 544 559 571 668 670 678 685 687 695 717 792 801 806 835 882 916 942 995 1041 1057 1085 1106 1112 1122 1146 1153 1195 1231 1237 1393 1411 1451 1483 1492 1498 1517 1527 1539 1559 1566 1576 1585 1605 1624 1636 1659 1687 1689 1691 1701 1727 1743 1770 1777 1781 1787 1822 1888 1930 1934 1960 1966 1971 2003 2020 2059 2098 2104 2111 2115 2145 2165 2194 2239 2351 2381 2401 2446 2519 2530 2534 2563 2650 2681 2693 2704 2714 2753 2756 2775 2788 2810 2842 2923 2960 2969 2980 3008 3069 3084 3104 3155 3167 3173 3175 3217 3224 3239 3246 3261 3268 3281 3294 3307 3346 3351 3359 3362 3404 3407 3421 3431 3435 3437 3463 3484 3494 3515 3520 3537 3661 3684 3733 3757 3766 3781 3826 3833 3871 3890 3905 3919 3936 3938 3944 3971 3993 4085 4137 4219 4248 4389 4424 4570 4604 4612 4619 4625 4640 4646 4648 4701 4731 4734 4805 4811 4818 4925 4957 5001 5005 5031 5036 5040 5059 5066 5098 5162 5190 5236 5286 5332 5395 5449 5495 
Group13_30.txt
75 84 248 281 299 382 516 547 605 654 671 686 728 750 1033 1040 1121 1157 1194 1237 1264 1371 1404 1407 1567 1604 1631 1699 1759 1782 1797 1918 2009 2212 2420 2429 2529 2549 2638 2683 2711 2817 2892 3116 3124 3190 3200 3228 3274 3282 3294 3353 3362 3385 3393 3416 3512 3551 3630 3802 3816 3901 3912 3917 3933 3979 4027 4047 4108 
Group13_31.txt
161 199 423 561 567 585 601 649 670 783 816 
Group13_32.txt
24 164 186 215 237 249 291 318 365 403 445 492 517 546 565 598 752 763 787 829 869 878 886 917 929 954 978 999 1005 1022 1137 1185 1202 1219 1278 1290 1312 1316 1322 1326 1349 1396 1402 
Group13_33.txt
230 240 251 305 325 328 382 439 484 531 608 621 650 673 751 782 788 891 897 901 920 959 969 977 1017 1103 1122 1128 1149 1160 1194 1266 1272 1430 1462 1471 1484 1525 1592 1612 1646 1682 1720 1743 1770 1786 1798 1805 1824 1893 1916 1979 1985 1988 1995 2011 2033 2063 2105 2162 2204 2227 
Group13_34.txt
25 51 61 84 88 97 116 136 181 208 237 278 300 354 366 374 394 
Group13_35.txt
2 23 96 111 203 217 232 299 394 439 493 501 515 528 569 618 622 631 647 660 719 726 761 769 776 845 896 907 929 940 1020 1037 1070 1083 1086 1119 1132 1140 1156 1163 1209 1238 1254 1270 1281 1298 1309 1320 1347 1390 1423 1441 1457 1464 1481 1486 1499 1548 1566 
Group13_36.txt
11 90 104 112 136 175 210 251 308 346 430 693 741 817 892 921 954 1031 1118 1163 1222 1264 1380 1385 1429 1434 1445 1448 1475 
Group13_37.txt
14 58 70 113 118 153 194 211 228 238 268 286 331 402 500 508 514 575 590 621 651 659 726 799 824 880 905 982 995 1044 1058 1062 1100 1105 1175 1195 1237 1278 1367 1431 1454 1555 
Group13_38.txt
72 127 141 191 220 281 284 291 304 393 426 433 459 465 560 578 584 610 709 715 735 766 770 777 827 850 856 885 896 912 930 974 1000 1104 1182 1235 1242 1249 1287 1300 1310 1316 1415 1438 1465 1505 1521 1550 1558 1572 
Group13_39.txt
5 69 81 89 96 160 183 214 239 248 282 291 318 351 357 559 595 606 610 672 716 719 735 759 768 822 852 902 920 934 964 969 1046 1068 1113 1237 1247 1262 1281 1303 1321 1336 1416 1457 1489 1499 1508 1522 1548 1550 1560 1585 1610 1640 1684 1690 1707 1751 1767 1794 1805 1811 1823 1836 1937 1950 1952 1998 2006 2015 2027 2080 2168 2210 2215 2232 2245 
Group13_40.txt
12 59 71 91 146 185 232 274 304 416 526 557 679 733 743 796 817 842 845 899 928 947 957 999 
Group13_41.txt
100 108 127 235 246 259 474 477 506 534 566 585 597 601 620 665 697 739 746 767 800 817 837 845 1053 1099 1138 1167 1191 1341 1374 1427 1439 1462 1534 1590 1605 1620 1629 
Group13_42.txt
3 172 183 199 226 258 269 283 337 341 375 379 395 418 424 444 457 474 491 554 570 586 648 724 751 829 856 927 943 973 1011 1131 1148 1159 1213 1228 1234 1332 1356 
Group13_43.txt
21 52 60 76 83 94 98 109 159 168 217 443 470 483 486 557 603 652 758 783 854 864 1016 1022 1196 1370 1419 1428 1449 1552 1569 1637 1669 1675 1724 1753 1777 1842 
Group13_44.txt
27 62 260 269 281 313 374 378 389 403 475 501 536 649 697 727 804 831 853 894 908 936 968 991 1010 1050 1143 1170 1208 1263 1285 1290 1302 1338 1387 1436 1448 1528 1633 1636 1647 1788 1815 1832 1848 1869 2089 2154 2163 2201 2256 2289 2316 2346 2351 2379 2541 2560 2574 2625 2637 2666 2753 2812 2826 2833 2846 2855 2898 2918 2937 2948 2978 3047 3139 3172 3296 3317 3327 3382 3384 3428 3455 3463 3496 3517 3550 3568 3659 3663 3681 3693 3699 3712 3794 3801 3867 3892 3897 3924 
Group13_45.txt
82 99 102 156 171 183 194 218 239 284 301 307 361 455 488 510 568 650 662 666 749 794 813 858 915 947 980 982 1102 1163 1188 1274 1280 1292 1424 1434 1438 1562 1594 1600 1619 1659 1662 1675 
Group13_46.txt
11 110 123 148 195 211 238 252 286 298 316 405 558 605 607 618 626 682 694 697 710 717 798 824 832 835 842 887 899 905 919 946 992 1026 1077 1287 1308 1347 1364 1392 1419 1446 1497 1515 1519 1535 1548 1566 1577 1620 1698 1745 1787 1798 1882 1900 1958 2039 2045 2052 2055 2088 2093 2110 2145 2190 2218 2227 2284 2293 2298 2324 2355 2407 2414 
Group13_47.txt
25 59 82 113 129 140 205 243 247 261 267 325 339 376 394 418 437 553 587 598 718 739 881 888 916 979 988 1029 1044 1103 1120 1136 1147 1169 1276 1335 1384 1418 1428 1435 1443 1451 1483 1508 1522 1628 1634 1639 1676 1695 
Group13_48.txt
6 85 113 124 146 237 271 317 321 329 355 407 443 452 459 473 480 496 501 510 515 537 560 570 593 620 668 683 697 703 719 742 760 768 795 823 854 893 923 929 935 948 965 985 1006 1030 1048 1061 1067 1118 1146 1158 1167 1231 1239 1249 1258 1268 1331 1396 1461 1484 1487 1510 1519 1523 1540 1575 1582 1603 1711 1728 1743 1756 1771 1811 1833 1852 1897 1929 1934 1952 1967 2028 2061 2086 2106 2115 2146 2172 2194 2201 2278 2297 2340 2353 2403 2439 2459 2476 2491 2519 2531 2542 2569 2593 2597 2613 2649 2666 2674 2679 
Group13_49.txt
19 41 155 268 283 294 337 339 565 582 586 613 627 629 690 739 776 806 875 1116 1257 1275 1283 1403 1549 1596 1626 1629 1661 1676 1737 1857 1865 1914 1954 1993 2018 2046 2049 2054 2066 2092 2224 
Group13_50.txt
12 59 68 88 117 122 150 153 167 184 190 198 206 217 229 287 315 381 402 440 468 503 577 588 607 616 636 643 653 656 661 679 686 689 700 751 794 841 892 926 991 1037 1131 1204 1230 1283 1308 1356 1381 
Group14_01.txt
87 106 122 147 156 163 196 224 269 308 324 336 340 342 393 419 464 
Group14_02.txt
11 48 62 88 111 174 182 190 211 225 248 280 307 350 364 423 439 471 
Group14_03.txt
29 162 243 282 300 403 
Group14_04.txt
30 46 61 71 79 88 208 211 226 249 295 305 309 361 408 415 448 475 
Group14_05.txt
3 18 29 60 178 186 295 310 347 361 396 422 452 465 475 484 548 564 
Group14_06.txt
180 194 231 249 285 335 447 488 
Group14_07.txt
70 133 192 278 323 338 350 511 573 
Group14_08.txt
38 42 58 155 167 172 181 185 292 301 316 371 385 400 410 440 452 485 492 500 520 542 
Group14_09.txt
35 118 140 151 171 205 212 220 316 327 398 414 461 486 
Group14_10.txt
38 47 53 73 85 118 157 195 230 266 316 365 368 376 397 
Group14_11.txt
9 73 128 172 186 202 216 222 289 295 377 407 435 449 
Group14_12.txt
31 42 84 180 201 218 241 285 346 363 470 504 515 
Group14_13.txt
38 67 76 182 224 230 241 244 265 286 465 
Group14_14.txt
30 38 54 61 72 75 79 129 155 165 173 185 205 210 280 290 293 444 466 487 493 
Group14_15.txt
65 74 106 129 139 150 160 168 211 238 243 249 311 416 445 454 
Group14_16.txt
134 194 273 341 373 400 406 449 498 
Group14_17.txt
5 29 102 105 115 145 161 179 191 212 219 261 281 335 400 
Group14_18.txt
57 90 135 144 151 186 197 313 352 473 527 544 
Group14_19.txt
47 58 153 160 180 204 276 290 297 318 347 355 358 414 423 444 532 541 553 558 572 627 644 706 759 772 801 835 
Group14_20.txt
4 117 134 171 191 205 223 252 304 324 371 380 486 514 531 555 568 663 695 779 785 792 816 831 858 918 947 
Group14_21.txt
41 112 327 362 382 390 461 503 550 596 619 
Group14_22.txt
51 57 157 197 210 251 292 316 327 486 537 557 
Group14_23.txt
14 20 42 51 116 163 169 455 
Group14_24.txt
4 27 33 38 60 100 137 191 221 224 250 324 332 406 418 442 580 591 
Group14_25.txt
6 24 36 119 152 179 192 238 243 288 294 380 450 454 481 534 551 571 578 609 611 
Group14_26.txt
32 56 58 69 77 107 135 150 156 173 196 204 276 349 389 410 423 490 565 623 652 684 900 
Group14_27.txt
35 64 98 162 186 226 303 319 332 382 463 487 497 504 513 537 555 661 664 756 839 
Group14_28.txt
17 49 74 111 153 163 168 224 255 291 302 344 472 490 513 539 570 614 628 652 747 766 773 820 836 911 997 1009 1018 
Group14_29.txt
60 147 180 186 216 224 296 315 339 383 399 472 
Group14_30.txt
1 58 75 137 172 306 344 382 467 476 516 584 668 684 700 716 753 758 762 809 842 935 
Group14_31.txt
87 90 134 174 246 271 368 370 376 422 483 503 511 519 569 572 578 612 674 752 918 935 
Group14_32.txt
29 120 404 416 459 493 504 525 610 641 653 687 698 761 767 859 927 960 975 991 998 1072 
Group14_33.txt
3 120 128 165 182 204 220 229 264 277 290 344 353 451 463 541 557 607 700 709 763 781 789 876 909 925 946 960 986 1038 1048 1122 1137 
Group14_34.txt
29 42 66 73 205 253 257 289 315 329 338 341 356 444 450 459 472 583 626 632 673 690 694 
Group14_35.txt
18 41 54 63 73 92 129 142 171 183 205 235 243 254 290 344 421 434 454 504 513 527 533 541 545 610 717 762 768 774 794 804 816 926 938 1016 1064 1103 1125 1146 1252 1304 1334 1336 1369 1399 1421 1448 1479 1525 1588 1595 1603 1618 1626 1630 1637 1658 1692 
Group14_36.txt
1 4 26 81 92 145 245 261 287 301 311 328 363 379 455 476 580 
Group14_37.txt
43 59 75 87 104 116 156 234 253 266 276 300 324 364 383 431 466 477 504 662 700 748 757 784 786 821 838 858 861 909 
Group14_38.txt
71 100 127 158 180 273 300 322 333 339 349 407 412 578 608 723 746 762 783 815 840 843 
Group14_39.txt
17 32 103 115 152 185 195 225 254 298 326 381 385 458 468 480 489 659 685 723 781 871 912 942 958 1005 
Group14_40.txt
23 39 75 110 117 252 260 266 270 283 365 387 394 465 526 541 569 592 605 631 747 858 948 958 
Group14_41.txt
42 62 177 183 209 254 260 271 284 336 353 381 430 521 531 654 664 674 691 730 735 768 803 821 833 855 870 895 902 
Group14_42.txt
19 26 66 71 100 115 173 176 193 209 233 267 307 315 321 354 371 376 426 492 497 501 514 538 601 638 706 774 827 892 
Group14_43.txt
26 51 62 101 217 238 247 263 323 408 459 526 
Group14_44.txt
27 38 81 195 303 401 413 428 520 602 653 694 713 807 928 942 
Group14_45.txt
14 16 70 112 121 141 187 308 322 353 373 410 425 432 492 543 
Group14_46.txt
102 142 159 164 268 307 334 356 383 527 538 583 627 674 681 708 756 785 
Group14_47.txt
23 43 59 90 123 150 192 204 210 250 269 283 290 380 442 506 510 517 524 588 603 654 668 714 
Group14_48.txt
66 75 113 208 278 286 301 307 496 610 622 691 727 
Group14_49.txt
17 50 179 184 229 317 369 392 402 447 491 520 599 672 695 705 726 766 
Group14_50.txt
45 156 176 236 259 340 503 580 603 614 718 
