Group01_17.txt
62 
Group01_32.txt
794 
Group03_30.txt
100 
Group04_01.txt
760 
Group04_07.txt
131 471 500 1139 1152 
Group04_11.txt
34 63 197 
Group04_12.txt
280 637 
Group05_13.txt
663 
Group05_17.txt
506 
Group06_21.txt
583 597 629 637 
Group08_19.txt
334 
Group08_26.txt
136 
Group08_40.txt
412 
Group08_43.txt
398 
Group09_11.txt
232 
Group10_47.txt
1042 
Group10_49.txt
264 
Group12_02.txt
1967 
Group12_04.txt
856 1841 1849 2104 2454 
Group12_08.txt
443 
Group12_09.txt
410 
Group12_17.txt
395 
Group12_20.txt
25 52 95 159 184 351 386 403 415 
Group12_33.txt
439 
Group12_49.txt
1025 1983 2520 
Group13_22.txt
1203 2062 5326 5385 10315 10368 10440 13335 13535 13871 14550 16089 16118 16210 16255 
Group13_27.txt
889 
Group13_28.txt
98 525 840 2348 2353 2387 2450 2907 3144 
Group13_29.txt
208 3172 
Group13_48.txt
1434 1854 1900 
Group14_17.txt
304 
Group14_41.txt
771 
