Group01_35.txt
16 46 139 149 179 307 360 442 478 563 630 747 840 892 902 1115 1130 
Group01_39.txt
360 
Group01_45.txt
2 29 40 54 111 122 179 246 298 343 355 398 415 462 497 500 562 564 566 
Group01_50.txt
446 
Group03_05.txt
0 57 132 155 194 
Group04_31.txt
105 107 111 345 522 
Group04_32.txt
735 
Group04_45.txt
76 126 136 154 184 246 252 258 267 277 283 302 316 
Group05_10.txt
436 
Group05_30.txt
10 16 66 118 144 188 306 331 356 820 847 
Group05_35.txt
329 373 
Group05_40.txt
383 
Group06_18.txt
142 
Group06_25.txt
2 55 87 126 131 199 258 288 322 376 389 506 524 620 667 
Group07_25.txt
285 540 
Group07_49.txt
733 
Group08_16.txt
1463 
Group08_42.txt
123 
Group08_46.txt
302 
Group08_50.txt
5 27 34 64 69 115 125 143 153 213 242 256 322 390 439 449 477 491 513 590 
Group10_07.txt
9 115 357 369 388 397 404 427 433 505 558 581 605 
Group10_10.txt
25 50 212 656 703 747 817 857 
Group10_11.txt
191 598 650 1163 
Group10_16.txt
586 910 
Group10_45.txt
1 10 43 198 235 274 277 
Group11-02.txt
410 
Group11-05.txt
241 1421 
Group11-07.txt
231 
Group11-13.txt
718 
Group12_02.txt
1754 
Group13_22.txt
670 4621 9465 11405 12600 
Group13_26.txt
1337 1809 2045 3065 
Group13_48.txt
2342 
Group14_01.txt
315 
Group14_11.txt
281 368 389 418 
Group14_31.txt
614 
Group14_32.txt
533 
