Group01_02.txt
170 190 206 212 289 
Group01_03.txt
277 446 453 467 553 
Group01_04.txt
53 89 236 368 
Group01_05.txt
96 173 197 233 245 306 325 362 
Group01_06.txt
140 618 854 942 959 1209 1217 
Group01_07.txt
21 95 172 302 412 473 509 526 
Group01_08.txt
94 110 204 213 270 491 532 710 722 967 1055 1177 1185 
Group01_09.txt
332 454 491 571 599 789 797 
Group01_10.txt
28 49 88 276 292 350 503 644 721 881 887 900 989 
Group01_11.txt
346 
Group01_12.txt
53 346 456 493 522 691 735 
Group01_13.txt
41 167 
Group01_14.txt
292 308 477 493 
Group01_15.txt
72 246 320 401 434 
Group01_16.txt
48 59 184 392 430 
Group01_17.txt
272 
Group01_18.txt
150 177 206 269 
Group01_19.txt
97 121 262 269 282 484 561 716 720 
Group01_21.txt
134 166 207 243 430 464 
Group01_22.txt
85 205 229 382 416 
Group01_23.txt
394 472 
Group01_24.txt
53 89 236 361 
Group01_25.txt
3 7 40 207 255 331 372 378 420 455 471 584 707 771 880 
Group01_26.txt
62 120 127 300 457 663 715 
Group01_27.txt
29 180 246 
Group01_28.txt
58 87 115 154 160 221 385 405 433 
Group01_29.txt
50 174 190 599 
Group01_30.txt
497 504 
Group01_31.txt
33 164 188 223 284 380 438 
Group01_32.txt
253 908 984 1277 1283 
Group01_33.txt
6 287 360 534 757 
Group01_34.txt
73 602 672 
Group01_35.txt
6 60 85 116 130 159 326 387 429 633 677 814 1106 1110 1203 1224 1249 1267 1323 1329 
Group01_36.txt
118 266 309 390 
Group01_37.txt
189 195 213 291 300 303 331 397 
Group01_38.txt
133 165 205 241 428 462 
Group01_39.txt
19 313 369 389 447 511 532 587 
Group01_40.txt
33 153 163 306 330 378 508 630 803 842 887 893 
Group01_41.txt
30 496 533 
Group01_42.txt
115 120 132 315 345 426 544 
Group01_43.txt
91 111 122 284 338 523 
Group01_44.txt
450 454 460 
Group01_45.txt
112 361 396 483 582 588 
Group01_46.txt
366 535 
Group01_47.txt
148 249 290 430 440 460 464 470 
Group01_48.txt
29 46 76 85 148 180 
Group01_49.txt
162 288 383 388 423 
Group01_50.txt
92 426 522 572 576 582 
Group02_01.txt
153 699 
Group02_02.txt
488 640 707 869 1007 
Group02_03.txt
220 287 305 875 
Group02_04.txt
19 310 373 494 780 
Group02_05.txt
414 511 643 730 
Group02_06.txt
75 260 268 383 391 438 845 
Group02_07.txt
73 179 209 227 387 397 441 559 812 
Group02_08.txt
31 91 152 460 608 
Group02_09.txt
159 209 314 323 765 
Group02_10.txt
834 883 930 
Group02_11.txt
643 693 837 927 
Group02_12.txt
295 297 312 
Group02_13.txt
699 
Group02_14.txt
95 119 213 513 595 648 845 
Group02_16.txt
668 722 
Group02_17.txt
9 47 154 
Group02_18.txt
211 297 346 360 554 583 589 592 595 598 653 658 748 1212 1496 1524 1602 1634 1999 2179 2214 2377 2393 
Group02_19.txt
352 513 790 797 1457 1859 
Group02_20.txt
218 506 812 1506 1640 1787 1805 1938 1946 2036 2282 2880 3098 3243 3269 3271 3502 3717 4150 
Group02_21.txt
597 716 918 1139 1342 1434 1650 1751 1959 2081 2448 2606 2736 2887 
Group02_22.txt
208 1043 1131 1822 2206 2443 2810 3063 3246 3470 
Group02_23.txt
87 818 1154 
Group02_24.txt
33 198 601 945 959 969 1010 1054 
Group02_25.txt
364 385 420 472 1050 1076 1168 1340 
Group02_26.txt
155 389 408 425 430 444 463 489 701 725 822 
Group02_27.txt
34 74 379 568 1005 1038 1179 1202 1605 1610 1784 
Group02_28.txt
64 128 157 957 1093 1345 1374 1421 1836 1973 
Group02_29.txt
29 120 240 313 354 362 468 634 704 839 1006 1067 1159 1229 1285 
Group02_30.txt
72 229 268 1162 1671 1721 1737 2190 2206 2224 2259 2375 2436 2658 3699 3856 3917 4126 4219 4232 4239 4248 4276 4411 
Group02_31.txt
56 114 819 1022 1085 1326 1713 1725 
Group02_32.txt
95 593 666 731 849 880 901 1391 1451 1466 1478 1653 1682 1728 1774 1829 1835 1931 1959 1964 2000 2004 2016 2123 2501 2576 2614 2616 2652 2664 2679 
Group02_33.txt
77 124 204 230 258 308 475 509 726 741 864 1015 1190 1222 1364 1408 1431 1445 1730 1809 1936 1990 2162 2220 2484 2553 2580 2644 2670 2799 2851 2925 3058 3094 
Group02_34.txt
81 829 1143 
Group02_35.txt
339 346 394 449 631 640 646 662 690 691 885 909 
Group02_36.txt
589 872 892 
Group02_37.txt
19 259 274 1306 1375 1433 1459 
Group02_38.txt
1104 1106 1161 1375 1455 1731 1806 1811 1864 2047 2178 2445 2676 3585 
Group02_39.txt
537 658 757 775 788 1010 1167 1189 1423 1618 1658 
Group02_40.txt
134 314 356 391 453 1001 1072 1397 1585 1855 1996 2010 2016 2104 2213 2277 2306 
Group02_41.txt
84 150 189 324 611 836 1245 1308 1334 
Group02_42.txt
67 
Group02_43.txt
175 179 836 844 
Group02_44.txt
160 729 1435 
Group02_45.txt
182 223 462 468 473 535 909 941 984 988 1025 1220 1639 
Group02_46.txt
36 242 257 340 451 485 694 731 817 843 1128 1175 1580 1601 1606 1720 1725 1909 1917 1939 2137 2207 2222 2232 2258 2290 
Group02_47.txt
426 641 776 814 871 971 1255 1443 
Group02_48.txt
143 1082 1281 1370 1614 1915 2347 2553 2607 2616 2860 
Group02_49.txt
283 396 536 623 680 832 1012 1021 1131 1226 1713 1804 1828 2111 2123 2139 2146 2153 2313 2413 2453 2462 2513 2519 2658 2888 3058 3144 3161 3172 3675 3883 3936 3965 4040 4160 4343 
Group02_50.txt
12 92 1042 1090 1259 1274 1513 1558 1768 1792 1796 1909 
Group03_01.txt
300 
Group03_02.txt
232 295 343 502 624 733 783 
Group03_03.txt
27 133 182 191 277 343 374 468 595 599 612 666 711 730 735 784 840 947 977 1001 1055 1215 
Group03_04.txt
47 189 202 286 431 445 448 563 677 884 1344 1730 1940 2061 2125 
Group03_05.txt
241 345 450 605 730 757 932 
Group03_06.txt
66 80 222 513 546 791 920 1116 1281 1295 1302 1304 2011 2080 2245 2431 
Group03_07.txt
149 694 806 854 976 1097 1105 1244 1257 1423 1457 1464 1561 1576 1700 1998 2329 2580 2585 
Group03_08.txt
247 408 643 727 828 
Group03_09.txt
421 484 489 675 769 781 1040 
Group03_10.txt
556 
Group03_11.txt
255 302 308 309 312 376 412 456 687 777 974 
Group03_12.txt
424 542 555 703 710 717 872 951 971 1056 
Group03_13.txt
84 944 1023 1235 1438 
Group03_14.txt
27 142 221 274 277 342 408 416 426 788 822 870 955 969 1168 1178 1208 1233 
Group03_15.txt
83 338 367 616 619 630 
Group03_16.txt
51 115 346 408 452 531 583 691 
Group03_17.txt
16 108 170 277 293 356 551 582 621 644 677 810 856 
Group03_18.txt
38 190 289 300 330 370 421 504 564 581 669 676 707 806 968 982 1000 1153 1171 
Group03_19.txt
77 126 325 594 671 739 767 881 
Group03_20.txt
212 476 497 662 
Group03_21.txt
310 796 1216 1355 1816 
Group03_22.txt
11 44 116 128 139 161 185 405 536 722 728 865 1123 1158 
Group03_23.txt
20 108 318 408 410 561 
Group03_24.txt
10 73 115 547 623 1256 1405 1715 1768 1774 
Group03_25.txt
477 541 639 
Group03_26.txt
503 780 826 1518 1530 
Group03_27.txt
82 432 507 694 1105 1307 1491 1510 1642 
Group03_28.txt
125 176 311 391 518 690 754 763 
Group03_29.txt
8 86 95 371 437 465 531 556 603 696 787 830 867 893 977 1075 1123 1136 1141 1188 1281 1462 1515 1672 1727 1817 2055 2160 
Group03_30.txt
16 71 195 521 923 976 1027 
Group03_31.txt
277 538 842 1090 1700 1748 1978 2134 2288 2317 2343 2448 2661 2802 2810 2857 2901 
Group03_32.txt
23 75 106 323 400 519 557 587 796 816 866 936 952 962 1114 1119 1200 
Group03_33.txt
23 85 266 274 351 835 840 996 1118 1128 1196 1295 1473 
Group03_34.txt
243 279 706 840 857 913 1098 1207 1238 1381 1686 2259 2349 2353 2531 2575 2661 2838 
Group03_35.txt
69 90 182 433 473 546 645 713 813 1322 1332 1344 
Group03_36.txt
48 177 341 368 495 604 965 969 1105 1359 1391 1623 
Group03_37.txt
53 81 178 549 557 734 912 1273 1320 1445 1454 1478 1520 1558 1563 1591 1657 1855 1991 2011 2022 2200 2220 2238 2284 
Group03_38.txt
25 35 134 140 145 159 169 185 208 386 457 1069 
Group03_39.txt
6 58 89 306 383 502 540 570 779 799 849 
Group03_40.txt
64 245 253 330 814 819 975 1097 1107 
Group03_42.txt
8 67 76 355 421 449 515 540 593 686 777 820 860 886 970 1072 1120 1133 1138 1206 1299 1480 1536 1698 
Group03_44.txt
170 825 835 1010 1027 1384 1406 
Group03_45.txt
97 286 305 411 431 454 
Group03_46.txt
44 141 155 178 194 
Group03_47.txt
353 441 855 868 875 915 1017 
Group03_48.txt
21 109 191 251 458 471 488 580 682 860 
Group03_49.txt
10 326 344 643 669 684 946 
Group03_50.txt
58 85 231 318 597 627 784 907 1188 1256 1458 
Group04_01.txt
123 138 151 167 633 709 747 766 776 874 
Group04_02.txt
51 115 494 577 648 669 
Group04_03.txt
133 158 168 434 
Group04_04.txt
63 91 154 413 434 
Group04_05.txt
25 99 146 390 
Group04_06.txt
95 120 202 323 849 
Group04_07.txt
39 260 459 711 736 921 1080 1090 
Group04_08.txt
50 205 302 485 502 673 702 
Group04_09.txt
20 
Group04_10.txt
62 206 417 665 1040 
Group04_11.txt
16 53 215 349 423 456 470 
Group04_12.txt
18 315 545 
Group04_13.txt
199 277 367 510 607 761 
Group04_14.txt
27 88 154 309 455 521 
Group04_15.txt
53 86 439 570 1010 1017 1122 1213 
Group04_16.txt
2 286 324 466 483 494 522 537 566 568 
Group04_17.txt
57 80 853 1025 1068 
Group04_18.txt
169 420 
Group04_20.txt
78 320 445 461 
Group04_21.txt
31 154 187 210 249 300 400 648 765 896 
Group04_22.txt
85 142 
Group04_23.txt
22 262 479 
Group04_24.txt
37 353 435 463 625 636 
Group04_25.txt
34 343 460 
Group04_26.txt
33 190 356 412 668 
Group04_27.txt
245 382 495 567 
Group04_28.txt
190 203 210 390 467 472 526 531 650 654 
Group04_29.txt
86 302 357 510 
Group04_30.txt
1015 
Group04_31.txt
227 
Group04_32.txt
175 258 319 441 466 832 852 
Group04_33.txt
462 
Group04_34.txt
128 172 364 893 
Group04_35.txt
201 208 557 
Group04_36.txt
685 
Group04_37.txt
210 442 
Group04_38.txt
210 597 608 624 
Group04_39.txt
352 414 506 616 659 678 
Group04_40.txt
79 104 117 178 285 435 480 495 598 
Group04_41.txt
163 238 454 489 583 642 703 750 777 784 808 826 883 889 900 954 
Group04_42.txt
37 42 306 317 324 441 456 552 
Group04_43.txt
135 
Group04_44.txt
266 362 481 715 
Group04_45.txt
403 517 
Group04_46.txt
388 433 607 
Group04_47.txt
328 
Group04_49.txt
148 212 435 456 490 536 
Group04_50.txt
49 247 522 
Group05_01.txt
5 83 104 163 
Group05_02.txt
116 165 324 369 382 393 417 514 885 966 1141 1288 
Group05_03.txt
152 179 278 375 382 
Group05_04.txt
151 307 459 482 500 852 944 980 
Group05_05.txt
163 348 413 455 
Group05_06.txt
131 494 501 965 978 994 
Group05_07.txt
136 149 432 504 
Group05_08.txt
302 336 340 
Group05_09.txt
286 455 507 556 811 865 901 955 
Group05_10.txt
369 451 
Group05_11.txt
276 317 476 
Group05_12.txt
30 42 82 104 
Group05_13.txt
57 353 421 625 858 878 974 
Group05_14.txt
70 113 204 239 353 435 480 550 678 716 738 762 955 
Group05_15.txt
154 242 581 604 
Group05_16.txt
357 592 595 714 966 975 
Group05_17.txt
239 268 330 408 464 599 638 793 881 908 998 
Group05_18.txt
56 60 147 152 299 528 574 613 678 781 816 912 983 
Group05_19.txt
12 146 208 288 335 364 419 449 514 632 663 686 696 813 
Group05_20.txt
59 85 175 259 283 381 519 743 1070 1117 
Group05_21.txt
180 190 552 
Group05_22.txt
32 47 122 281 404 423 
Group05_23.txt
173 236 265 330 344 488 507 864 885 979 1007 1015 1185 1222 1233 1253 1263 1286 1395 
Group05_24.txt
81 222 439 555 
Group05_25.txt
27 41 197 235 333 390 568 598 602 621 709 725 743 766 793 813 836 854 1064 1091 1124 1134 
Group05_26.txt
222 236 423 679 687 820 
Group05_27.txt
55 99 168 250 357 477 580 670 723 1318 1417 1446 1458 
Group05_28.txt
115 165 515 531 
Group05_29.txt
57 107 207 397 446 
Group05_30.txt
54 89 238 353 382 463 465 786 
Group05_31.txt
15 19 93 
Group05_32.txt
7 59 70 104 181 343 396 451 642 785 806 819 842 
Group05_33.txt
92 
Group05_34.txt
129 171 
Group05_35.txt
176 242 308 
Group05_37.txt
104 
Group05_38.txt
19 130 150 202 342 396 
Group05_39.txt
76 124 192 295 322 
Group05_40.txt
25 230 276 307 
Group05_41.txt
19 37 120 351 357 371 385 442 
Group05_43.txt
224 367 412 
Group05_44.txt
246 
Group05_45.txt
18 24 161 192 274 312 725 793 842 995 1068 1242 1253 
Group05_46.txt
192 339 355 577 595 
Group05_47.txt
18 99 
Group05_48.txt
142 305 339 346 495 
Group05_49.txt
119 190 361 515 560 606 701 790 825 933 
Group05_50.txt
141 275 621 644 
Group06_01.txt
142 166 246 449 
Group06_03.txt
56 375 430 
Group06_04.txt
63 88 378 426 599 656 
Group06_05.txt
11 146 245 667 723 
Group06_07.txt
483 556 
Group06_08.txt
48 95 98 159 296 312 526 536 
Group06_09.txt
223 707 
Group06_10.txt
7 75 434 488 506 769 
Group06_11.txt
92 442 449 521 612 826 852 
Group06_12.txt
145 161 194 215 248 256 389 502 565 
Group06_13.txt
87 247 
Group06_14.txt
17 255 321 371 487 628 669 
Group06_15.txt
119 129 421 551 667 759 841 
Group06_16.txt
62 90 231 314 373 401 434 452 482 662 877 898 916 
Group06_17.txt
154 
Group06_18.txt
440 737 
Group06_19.txt
114 333 598 679 
Group06_20.txt
138 309 433 596 
Group06_21.txt
365 382 458 463 512 630 
Group06_22.txt
458 630 658 
Group06_23.txt
53 110 160 203 219 262 283 424 441 449 641 823 860 894 
Group06_24.txt
19 31 120 433 
Group06_25.txt
436 446 502 513 
Group06_26.txt
186 296 306 
Group06_27.txt
7 30 48 76 227 252 275 385 393 445 514 
Group06_28.txt
495 697 
Group06_29.txt
191 325 643 657 
Group06_30.txt
72 351 374 
Group06_31.txt
154 
Group06_32.txt
426 
Group06_33.txt
106 133 269 326 339 445 578 796 
Group06_34.txt
29 215 224 239 399 
Group06_35.txt
78 94 434 450 476 514 535 541 
Group06_36.txt
58 72 242 
Group06_37.txt
320 410 
Group06_38.txt
163 168 216 246 275 568 580 628 
Group06_39.txt
21 150 316 
Group06_40.txt
114 
Group06_41.txt
398 494 582 
Group06_42.txt
211 
Group06_43.txt
44 67 221 333 
Group06_44.txt
49 
Group06_45.txt
15 55 126 159 208 215 605 
Group06_46.txt
453 575 594 
Group06_47.txt
318 377 400 424 
Group06_48.txt
10 102 123 253 330 391 
Group06_49.txt
59 
Group06_50.txt
114 177 262 369 458 612 
Group07_01.txt
143 153 183 537 890 
Group07_02.txt
79 188 276 329 537 597 625 704 763 
Group07_03.txt
472 572 934 981 1254 1358 1501 1718 1816 1990 2006 2039 2046 2264 2272 2373 2393 2403 2414 2427 2458 2754 
Group07_04.txt
60 206 210 391 431 469 881 1291 
Group07_05.txt
2 30 46 104 112 167 324 364 380 421 886 907 
Group07_06.txt
116 161 186 222 285 583 675 726 
Group07_07.txt
57 65 79 243 266 407 510 545 573 751 816 842 923 979 1083 1239 1339 1365 1412 1417 
Group07_08.txt
235 399 444 492 634 
Group07_09.txt
34 83 187 464 494 
Group07_10.txt
52 144 266 429 
Group07_11.txt
90 159 257 293 441 533 571 619 626 
Group07_12.txt
156 443 1115 1124 
Group07_13.txt
295 507 664 679 693 
Group07_14.txt
203 348 402 486 
Group07_15.txt
81 219 292 444 
Group07_16.txt
63 107 158 171 316 443 567 694 716 726 816 
Group07_17.txt
33 125 141 531 
Group07_18.txt
163 336 434 819 900 972 1279 1435 
Group07_19.txt
171 540 621 852 870 900 973 
Group07_20.txt
70 249 349 482 
Group07_21.txt
8 50 122 216 222 275 414 518 529 607 636 677 727 764 772 781 892 939 
Group07_22.txt
184 301 353 523 710 
Group07_23.txt
95 133 266 427 
Group07_24.txt
179 507 538 1137 1180 1265 1431 1443 1448 1463 1511 1689 1798 1853 1867 1987 
Group07_25.txt
219 332 377 413 429 443 457 
Group07_26.txt
78 200 211 253 279 305 373 439 505 564 608 742 795 
Group07_27.txt
27 640 
Group07_28.txt
166 172 186 199 227 
Group07_29.txt
107 421 432 542 
Group07_30.txt
194 274 277 470 486 515 601 617 730 776 964 
Group07_31.txt
36 115 200 258 424 472 739 1058 1095 1279 1337 1389 1520 1609 1656 1685 1719 1987 
Group07_32.txt
126 208 266 282 
Group07_33.txt
46 93 134 143 155 185 227 383 418 497 524 
Group07_34.txt
41 53 89 99 370 432 
Group07_35.txt
33 211 
Group07_36.txt
82 128 412 449 586 963 1005 1057 1085 1276 1287 1302 1308 1357 
Group07_37.txt
39 49 232 283 454 505 533 636 804 822 846 1055 1384 1498 1670 1749 1769 
Group07_38.txt
37 290 298 377 385 433 458 522 747 1041 1848 
Group07_39.txt
95 132 229 254 496 591 
Group07_40.txt
157 293 684 
Group07_41.txt
32 57 353 369 623 
Group07_42.txt
44 261 294 301 477 509 540 593 
Group07_43.txt
35 182 261 388 403 
Group07_44.txt
27 83 122 236 342 724 728 785 823 
Group07_45.txt
41 368 387 438 467 524 558 
Group07_46.txt
91 183 196 
Group07_47.txt
218 430 648 
Group07_48.txt
405 514 717 994 
Group07_49.txt
45 75 116 645 1152 1242 1586 1630 1951 2283 2310 2389 
Group07_50.txt
107 492 576 627 
Group08_01.txt
143 338 353 431 762 
Group08_02.txt
64 202 436 597 
Group08_03.txt
85 123 168 216 247 454 556 
Group08_04.txt
279 389 422 477 528 730 
Group08_05.txt
170 249 
Group08_06.txt
1 50 113 344 362 471 516 550 711 743 793 1121 
Group08_07.txt
84 200 241 266 300 344 385 392 409 423 427 
Group08_08.txt
54 87 
Group08_09.txt
189 330 618 776 
Group08_10.txt
242 437 452 530 861 
Group08_11.txt
131 285 640 695 829 
Group08_12.txt
23 76 149 210 813 846 887 
Group08_13.txt
40 63 116 139 185 226 303 347 515 529 783 800 828 875 978 1074 1078 
Group08_14.txt
27 59 131 209 464 
Group08_15.txt
10 191 404 595 629 802 819 
Group08_16.txt
70 686 707 1195 1309 
Group08_17.txt
43 123 177 586 605 844 1062 
Group08_18.txt
101 341 477 702 
Group08_19.txt
256 357 628 704 766 
Group08_20.txt
18 38 80 105 144 276 641 667 725 758 790 820 824 886 997 1326 1396 1413 
Group08_21.txt
22 44 85 107 154 209 405 412 474 
Group08_22.txt
32 79 114 139 143 201 205 424 588 631 
Group08_23.txt
279 389 422 477 528 731 
Group08_24.txt
36 80 185 435 679 804 978 
Group08_25.txt
5 12 38 201 333 393 425 933 987 1164 1170 1189 1203 
Group08_26.txt
55 118 
Group08_27.txt
23 183 
Group08_28.txt
22 298 457 525 701 732 
Group08_29.txt
90 333 437 627 755 1000 1176 1256 1269 1336 
Group08_30.txt
17 122 143 219 629 1017 1441 
Group08_31.txt
356 724 763 834 
Group08_32.txt
5 48 92 
Group08_33.txt
59 202 217 
Group08_34.txt
275 308 495 
Group08_36.txt
37 65 98 116 139 156 231 252 
Group08_37.txt
116 170 
Group08_38.txt
96 169 
Group08_39.txt
286 331 400 
Group08_40.txt
40 172 202 206 338 360 
Group08_41.txt
45 64 178 
Group08_42.txt
63 
Group08_43.txt
63 155 272 315 322 418 497 514 621 
Group08_44.txt
33 145 259 
Group08_45.txt
36 77 146 271 
Group08_46.txt
126 144 
Group08_47.txt
291 
Group08_48.txt
59 135 343 
Group08_50.txt
607 
Group09_01.txt
362 393 
Group09_02.txt
22 42 109 297 361 373 468 
Group09_03.txt
447 513 
Group09_04.txt
16 67 114 153 321 344 391 480 511 522 577 
Group09_05.txt
144 180 210 215 223 259 299 320 625 669 887 1015 
Group09_06.txt
20 97 380 508 
Group09_07.txt
32 40 99 164 215 268 291 658 691 
Group09_08.txt
78 90 137 256 364 430 445 
Group09_09.txt
123 318 435 449 641 653 695 731 751 863 918 
Group09_10.txt
9 30 73 151 173 413 
Group09_11.txt
54 65 87 116 239 336 451 511 
Group09_12.txt
57 544 
Group09_13.txt
203 296 
Group09_14.txt
184 193 330 676 794 855 
Group09_15.txt
183 480 
Group09_16.txt
120 172 391 487 
Group09_17.txt
364 646 
Group09_18.txt
189 
Group09_19.txt
157 173 218 320 362 368 407 
Group09_20.txt
348 
Group09_21.txt
16 68 96 109 143 277 285 298 302 366 388 460 519 535 551 557 559 667 723 768 789 849 864 901 919 936 1033 1062 1124 
Group09_22.txt
33 91 166 321 469 536 
Group09_23.txt
12 68 170 184 259 297 419 566 604 626 
Group09_24.txt
52 122 150 313 370 378 463 500 601 
Group09_25.txt
194 
Group09_26.txt
44 196 246 387 400 426 515 783 983 1113 1288 
Group09_27.txt
162 165 378 
Group09_28.txt
137 261 401 522 
Group09_29.txt
62 126 189 213 250 305 543 
Group09_30.txt
59 81 96 143 302 365 381 546 640 666 
Group09_31.txt
60 268 559 
Group09_32.txt
312 344 532 
Group09_33.txt
23 315 
Group09_34.txt
80 364 453 472 491 524 
Group09_35.txt
118 482 751 
Group09_36.txt
178 185 202 354 539 
Group09_37.txt
364 984 1051 
Group09_38.txt
524 575 
Group09_39.txt
2 178 272 313 337 353 367 391 727 
Group09_40.txt
109 161 172 208 475 
Group09_41.txt
24 351 
Group09_42.txt
26 54 85 282 312 320 338 453 
Group09_43.txt
42 342 407 
Group09_44.txt
75 
Group09_45.txt
114 238 254 379 725 
Group09_46.txt
25 71 136 654 
Group09_47.txt
287 
Group09_48.txt
261 763 
Group09_49.txt
104 176 348 488 529 548 560 567 716 728 759 
Group09_50.txt
52 68 233 327 334 584 
Group10_01.txt
510 519 532 722 
Group10_02.txt
40 296 315 340 463 464 
Group10_03.txt
272 428 492 774 802 
Group10_04.txt
118 297 
Group10_05.txt
15 195 241 425 482 510 604 648 
Group10_06.txt
2 327 680 734 
Group10_07.txt
125 161 172 
Group10_08.txt
50 77 117 531 
Group10_09.txt
99 103 271 464 548 590 658 667 
Group10_10.txt
46 78 88 105 154 277 350 411 619 654 693 731 931 
Group10_11.txt
148 153 420 470 499 803 814 979 1026 1048 1136 1193 
Group10_12.txt
202 316 526 670 
Group10_13.txt
194 310 596 602 618 
Group10_14.txt
133 172 224 236 263 423 442 453 521 
Group10_15.txt
93 
Group10_16.txt
95 243 256 441 772 
Group10_17.txt
322 484 528 704 808 852 1092 
Group10_18.txt
334 456 493 547 558 638 653 691 
Group10_19.txt
49 56 130 151 167 247 405 523 
Group10_20.txt
58 84 223 228 507 513 
Group10_21.txt
65 119 186 252 434 484 614 675 804 879 945 
Group10_22.txt
72 216 298 364 457 610 617 729 751 761 
Group10_23.txt
127 197 200 496 525 681 
Group10_24.txt
7 67 644 685 702 759 842 968 1052 1097 1174 
Group10_25.txt
39 82 198 358 403 458 514 572 697 742 797 853 911 1003 1222 1260 1274 
Group10_26.txt
40 296 315 340 463 464 
Group10_27.txt
119 355 688 696 788 934 
Group10_28.txt
9 131 336 373 427 433 602 702 712 718 837 
Group10_29.txt
354 450 935 986 1027 
Group10_30.txt
13 100 179 411 443 
Group10_31.txt
193 672 
Group10_32.txt
102 660 
Group10_33.txt
77 150 254 430 449 696 833 1014 1024 1098 1208 1233 1325 1524 1550 1554 1617 
Group10_34.txt
148 234 440 545 
Group10_35.txt
27 141 168 171 357 360 880 1094 1189 1242 1251 
Group10_36.txt
19 51 79 239 393 416 628 777 
Group10_37.txt
3 46 92 121 165 466 617 671 790 793 
Group10_38.txt
41 180 189 437 900 1159 
Group10_39.txt
104 162 193 427 613 618 894 
Group10_40.txt
132 135 211 403 409 485 500 511 587 607 648 
Group10_41.txt
59 118 122 182 254 296 358 406 523 618 
Group10_42.txt
352 380 
Group10_43.txt
106 217 310 405 526 731 751 909 
Group10_44.txt
50 197 274 788 
Group10_45.txt
119 320 353 386 
Group10_46.txt
9 42 113 160 180 208 357 371 407 539 554 
Group10_47.txt
210 253 626 703 761 958 
Group10_48.txt
56 97 139 253 271 576 
Group10_49.txt
11 79 169 196 252 290 398 403 408 415 534 693 711 
Group10_50.txt
86 149 317 
Group11-01.txt
56 241 310 434 451 459 482 557 681 724 735 780 822 
Group11-02.txt
148 165 448 887 983 1187 
Group11-03.txt
26 216 248 
Group11-04.txt
41 503 671 697 742 752 795 
Group11-05.txt
13 31 106 176 275 348 419 660 741 751 759 780 1535 1551 1615 1633 2225 
Group11-06.txt
40 78 484 
Group11-07.txt
66 382 446 635 699 
Group11-08.txt
18 37 58 112 155 237 301 412 
Group11-09.txt
13 26 37 62 85 141 150 258 
Group11-10.txt
7 28 88 127 211 375 
Group11-11.txt
2 6 13 43 133 147 281 356 553 
Group11-12.txt
37 207 218 253 332 339 376 483 516 603 
Group11-13.txt
34 188 420 436 577 639 713 722 
Group11-14.txt
77 232 553 568 994 1122 
Group11-15.txt
152 189 269 283 323 453 562 584 610 930 1347 1432 1532 2178 2252 2450 
Group11-16.txt
30 221 248 339 394 407 425 455 515 560 616 731 872 896 1091 1280 1313 1375 1465 1477 1976 2038 2107 2125 2461 3051 
Group11-17.txt
424 491 799 807 
Group11-18.txt
245 388 497 533 672 680 
Group11-19.txt
117 128 511 707 
Group11-20.txt
48 115 265 332 433 644 735 817 1040 1060 1151 
Group11-21.txt
40 95 104 168 316 348 644 722 750 859 
Group11-22.txt
9 173 385 417 617 882 898 906 
Group11-23.txt
62 109 226 476 491 614 
Group11-24.txt
226 257 289 416 506 551 858 862 942 1049 1516 1856 2060 2088 2121 2142 2277 2375 2420 2444 2458 2490 
Group11-25.txt
51 315 331 448 571 632 713 
Group11-26.txt
39 98 125 136 156 272 311 368 
Group11-27.txt
186 
Group11-28.txt
82 157 183 311 326 346 531 607 611 643 703 740 872 
Group11-29.txt
80 110 134 167 184 361 416 427 464 479 543 551 579 657 
Group11-30.txt
81 134 405 
Group11-31.txt
55 189 197 251 286 432 467 543 
Group11-32.txt
306 360 615 649 
Group11-33.txt
143 339 394 592 650 892 905 
Group11-34.txt
89 103 247 
Group11-35.txt
367 439 
Group11-36.txt
49 120 252 332 338 
Group11-37.txt
43 122 426 437 566 596 703 786 
Group11-38.txt
51 81 318 345 430 460 501 683 726 
Group11-39.txt
231 475 627 
Group11-40.txt
89 119 137 202 232 255 
Group11-41.txt
16 70 102 187 298 336 425 444 
Group11-42.txt
157 173 187 219 300 319 
Group11-44.txt
66 188 202 341 348 654 661 675 680 753 771 785 811 833 863 
Group11-45.txt
225 285 330 768 988 1275 1307 
Group11-46.txt
31 39 1160 1428 1467 
Group11-47.txt
63 282 322 382 
Group11-48.txt
29 290 508 523 552 590 645 727 747 756 805 
Group11-49.txt
31 47 122 526 
Group11-50.txt
128 339 357 408 504 564 582 739 836 895 966 
Group12_01.txt
45 172 221 237 240 318 356 444 541 556 589 704 737 842 880 985 1014 1101 1146 1168 1187 1200 1211 1369 1580 1586 1595 1599 
Group12_02.txt
400 445 458 468 853 926 1147 1167 1199 1356 1426 1435 1439 1451 1519 1635 1678 1690 1783 1869 1915 1960 2049 2063 2115 2119 
Group12_03.txt
52 180 399 464 584 679 757 1098 1136 1281 1318 1412 1474 1478 
Group12_04.txt
9 34 349 360 669 687 826 841 858 864 880 1118 1267 1322 1412 1645 1720 1790 1800 1900 1921 2175 2298 2320 2339 2497 2586 2590 2608 2638 2755 2765 2829 2834 2839 2846 2878 2882 
Group12_05.txt
16 32 108 141 175 210 225 310 392 435 618 641 659 690 694 
Group12_06.txt
101 190 198 232 325 586 604 672 702 874 1094 1451 1455 
Group12_07.txt
137 544 632 757 777 867 869 938 1224 1387 1398 1409 1413 
Group12_08.txt
26 45 108 142 158 296 409 457 609 634 638 
Group12_09.txt
122 141 147 165 204 214 346 376 384 401 424 454 468 496 699 707 724 736 749 882 945 966 1168 1172 
Group12_10.txt
62 101 135 234 330 411 496 653 660 667 725 732 739 899 903 
Group12_11.txt
231 279 296 343 433 470 652 687 830 842 874 893 897 
Group12_12.txt
231 279 296 343 433 470 652 687 830 842 874 888 923 927 935 939 
Group12_13.txt
114 177 430 706 784 980 1568 1762 2081 2085 
Group12_14.txt
34 148 249 261 346 370 434 481 499 553 643 787 879 1054 1058 
Group12_15.txt
275 498 579 613 637 668 786 790 
Group12_16.txt
15 436 452 541 545 
Group12_17.txt
29 118 220 521 525 
Group12_18.txt
19 207 366 486 532 556 560 
Group12_19.txt
152 299 435 464 517 686 1133 1252 1392 1396 
Group12_20.txt
105 169 289 302 335 346 359 361 431 483 520 576 623 627 
Group12_21.txt
28 374 758 762 
Group12_22.txt
112 248 392 449 806 810 
Group12_23.txt
620 624 
Group12_24.txt
150 200 385 445 512 515 580 601 647 792 825 846 856 903 907 
Group12_25.txt
109 291 335 438 469 696 710 735 739 
Group12_26.txt
15 63 107 250 286 375 399 447 652 762 790 836 849 867 888 931 939 979 1006 1027 1051 1297 1368 
Group12_27.txt
43 137 167 215 236 373 528 553 557 
Group12_28.txt
82 168 607 676 680 
Group12_29.txt
39 48 79 126 171 293 321 347 463 568 607 613 625 641 659 663 
Group12_30.txt
52 233 289 324 353 369 412 419 567 633 637 
Group12_31.txt
549 553 
Group12_32.txt
17 268 499 512 516 
Group12_33.txt
153 296 529 533 
Group12_34.txt
12 30 127 185 273 300 316 360 372 374 384 609 618 622 
Group12_35.txt
267 341 565 761 765 
Group12_36.txt
150 185 502 519 523 
Group12_37.txt
46 89 116 129 391 472 508 553 557 
Group12_38.txt
36 150 202 204 239 343 406 432 435 456 459 509 534 585 587 709 711 723 727 
Group12_39.txt
41 205 242 747 801 855 859 
Group12_40.txt
70 242 262 357 375 490 514 644 689 693 
Group12_41.txt
86 215 247 336 348 420 493 576 669 775 872 876 
Group12_42.txt
299 461 522 714 884 979 1211 1234 1314 1482 1547 1565 1569 
Group12_43.txt
450 622 665 771 802 924 928 
Group12_44.txt
23 83 133 203 298 320 412 482 569 584 588 
Group12_45.txt
27 139 183 212 236 257 335 344 553 605 609 
Group12_46.txt
99 129 143 330 344 351 392 476 522 675 727 760 764 
Group12_47.txt
46 87 136 311 406 476 486 505 509 
Group12_48.txt
49 65 138 152 521 593 671 675 
Group12_49.txt
6 238 278 418 498 523 586 914 1008 1096 1149 1193 1256 1352 1453 1489 1530 1609 1622 1765 1829 2081 2145 2236 2404 2448 2465 2485 2496 2764 2768 
Group12_50.txt
25 31 35 114 144 252 258 317 349 446 521 527 565 
Group13_01.txt
177 194 536 708 750 
Group13_02.txt
127 156 185 366 458 527 651 792 823 837 1173 1413 1420 1498 1588 1674 1708 1989 2064 
Group13_03.txt
28 47 68 365 631 
Group13_04.txt
45 323 334 406 410 478 484 541 603 653 674 701 728 812 830 1064 1072 1161 1166 
Group13_05.txt
59 169 180 213 227 242 472 483 574 593 764 790 801 930 943 961 974 984 1096 1138 1163 1231 1249 1337 1361 1606 1618 1639 1670 1681 1750 1771 1872 2031 2052 2094 
Group13_06.txt
42 65 88 327 523 536 705 723 1033 1040 1070 1323 1411 1687 1701 1720 1835 1863 1870 1891 2116 2128 2320 2402 2451 2729 
Group13_07.txt
6 69 141 413 416 580 
Group13_08.txt
73 112 223 343 884 924 1228 
Group13_09.txt
121 344 433 459 475 595 759 1414 1494 1549 1573 1677 1683 1847 
Group13_10.txt
65 117 156 229 567 877 
Group13_11.txt
41 156 365 414 
Group13_12.txt
41 718 731 
Group13_13.txt
139 160 166 
Group13_14.txt
118 214 
Group13_15.txt
26 91 285 295 393 408 430 440 455 549 
Group13_17.txt
36 64 270 553 568 628 692 
Group13_18.txt
89 127 217 278 337 715 775 853 917 941 
Group13_19.txt
156 173 455 
Group13_20.txt
302 507 588 
Group13_21.txt
29 169 338 453 510 535 779 816 955 1234 1238 1241 1351 1457 1503 1512 1522 1641 1660 1941 2038 
Group13_22.txt
75 84 182 298 362 491 545 566 690 1247 1315 1425 1598 1622 1677 1727 1762 1785 1828 1904 1933 2314 2344 2518 2645 2962 2969 3006 3193 3223 3397 3414 3858 3934 3966 4001 4016 4286 4692 4700 4811 4852 5150 5402 5447 5467 5682 5779 5789 5825 5923 5939 5993 6023 6227 6817 7212 7378 7429 7601 7735 7992 8016 8039 8150 8415 8613 8644 8742 8753 8892 9278 9283 9340 9475 9528 9702 9714 9724 9871 9887 10560 10738 10752 10968 10976 11139 11351 11592 11625 11673 11686 11824 11842 11890 11933 11992 12005 12104 12109 12315 12407 12426 12530 12566 12773 13164 13192 13195 13653 13710 13729 14054 14286 14314 14418 14447 14468 14617 14682 14690 14701 14863 14988 15014 15133 15152 15217 15242 15252 15259 15283 15312 15334 15704 15715 15869 15938 15947 15989 16010 16018 16064 16107 16273 16355 16377 16394 
Group13_23.txt
44 86 267 285 360 374 653 873 1014 1286 1377 1388 1653 1661 1819 2102 2132 2330 2340 2711 2967 3096 3247 3345 3610 3718 
Group13_24.txt
47 223 270 686 789 806 981 1093 1132 1161 1245 1270 1330 1363 1386 1632 1728 1848 1991 2085 2129 2137 2192 2235 2299 2307 2807 2973 3039 3156 3259 3451 3523 3655 3734 3818 3827 4309 4654 4686 4845 4868 4881 5063 5348 5516 
Group13_25.txt
27 144 785 1135 1159 1240 1360 1462 1573 1920 1931 2107 2322 2519 
Group13_26.txt
41 499 534 660 681 701 756 822 1038 1076 1429 1669 1701 2174 2212 2225 2267 2383 2716 2783 3038 3058 3103 3504 3572 3765 3873 4640 4650 4697 4708 4939 5095 5303 5325 5579 5641 5863 6075 6205 6326 6890 7360 7393 7396 7453 7844 8274 8566 9370 9779 
Group13_27.txt
33 49 116 153 245 335 690 1018 1271 1440 1446 1675 1783 2001 2061 2077 2193 2347 2357 2845 2880 
Group13_28.txt
57 205 1200 1329 1717 1779 1811 1818 1916 2248 2532 2767 2772 2829 2884 2891 3035 3356 3372 
Group13_29.txt
8 36 44 86 112 171 379 738 866 1046 1170 1221 1248 1263 1374 1382 1386 1454 1468 1505 1553 1595 1819 2028 2100 2147 2215 2303 2444 2781 2800 2874 2939 2949 3037 3042 3071 3136 3150 3284 3299 3556 3586 3605 3676 3804 3886 4446 4451 4704 4842 4869 4936 5027 5076 5263 
Group13_30.txt
43 122 650 793 912 1226 1255 1289 1297 1663 1709 1894 2220 2417 2470 2526 3223 3314 3325 3456 3498 3985 4025 
Group13_31.txt
46 54 296 340 358 427 448 461 675 679 737 
Group13_32.txt
89 103 241 381 454 642 995 1052 1072 1169 1244 
Group13_33.txt
41 481 979 1024 1231 1393 1583 1596 
Group13_34.txt
30 74 
Group13_35.txt
32 70 79 206 425 781 1001 1296 1360 1473 
Group13_36.txt
26 67 184 192 218 228 418 444 504 709 753 761 779 849 898 1185 1253 1370 
Group13_37.txt
7 19 111 298 687 694 701 738 787 907 932 975 1097 1117 1125 1202 1207 1284 1447 1517 
Group13_38.txt
26 37 45 145 216 904 1125 1206 1421 
Group13_39.txt
19 207 230 547 847 1034 1126 1217 1329 1774 1791 1995 2114 2139 2159 
Group13_40.txt
38 114 158 165 359 366 390 400 487 767 965 982 
Group13_41.txt
28 105 671 720 1522 
Group13_42.txt
33 246 360 387 499 551 590 609 669 777 1000 1194 1317 
Group13_43.txt
28 311 480 488 658 828 1130 1213 1235 1405 1545 1587 1629 1813 
Group13_44.txt
36 440 554 605 670 828 918 1191 1201 1236 1243 1254 1267 1441 1518 1627 2198 2506 2691 2767 2817 3254 3598 3612 3671 3822 
Group13_45.txt
27 245 584 
Group13_46.txt
44 87 135 173 247 453 458 590 596 795 869 1046 1204 1243 1367 1397 1409 1450 1601 1637 1649 1676 1688 1732 1784 2009 2122 2182 2223 2338 2364 2366 2369 2459 2476 
Group13_47.txt
29 63 667 784 976 996 1041 1225 1311 1347 1519 1525 1556 1725 
Group13_48.txt
37 245 631 749 838 1415 1876 2002 2225 2513 
Group13_49.txt
45 151 258 276 314 323 414 489 493 656 671 782 843 881 998 1007 1074 1154 1198 1229 1262 1325 1329 1444 1527 1654 1860 1876 1975 
Group13_50.txt
17 251 311 341 375 385 447 568 810 820 831 907 932 1046 1083 1141 1172 1289 1298 1333 
Group14_01.txt
27 399 
Group14_02.txt
4 405 
Group14_03.txt
18 86 115 156 223 307 322 
Group14_04.txt
297 
Group14_05.txt
69 113 140 336 540 
Group14_06.txt
39 43 112 205 224 383 394 432 
Group14_07.txt
8 122 292 563 
Group14_08.txt
15 318 
Group14_09.txt
26 247 384 
Group14_10.txt
28 59 395 
Group14_11.txt
3 13 30 452 
Group14_12.txt
351 
Group14_14.txt
27 413 
Group14_15.txt
62 71 235 478 490 
Group14_16.txt
148 191 367 416 490 
Group14_17.txt
25 266 287 371 494 
Group14_18.txt
240 480 
Group14_19.txt
363 
Group14_20.txt
282 649 655 659 762 
Group14_21.txt
70 132 418 545 559 594 
Group14_22.txt
14 155 218 272 469 547 554 
Group14_23.txt
113 
Group14_24.txt
626 
Group14_25.txt
52 131 254 364 383 430 584 
Group14_26.txt
168 215 294 449 671 710 728 765 784 787 
Group14_27.txt
7 95 142 172 447 518 521 622 683 847 
Group14_28.txt
56 61 227 270 278 294 577 
Group14_29.txt
18 92 100 156 357 438 502 
Group14_30.txt
55 81 534 573 598 621 663 824 873 924 
Group14_31.txt
62 88 144 206 216 450 576 646 696 820 
Group14_32.txt
54 128 262 446 595 
Group14_33.txt
293 401 449 512 601 736 934 
Group14_34.txt
10 17 662 749 
Group14_35.txt
6 119 262 331 395 920 976 1040 1096 1262 1445 1451 1496 
Group14_36.txt
9 50 559 
Group14_37.txt
6 72 514 524 541 649 675 777 882 
Group14_38.txt
6 56 142 147 389 617 835 941 
Group14_39.txt
8 389 502 874 929 944 
Group14_40.txt
5 291 436 500 655 
Group14_41.txt
5 39 109 251 666 737 765 927 
Group14_42.txt
6 160 230 244 265 312 364 792 877 
Group14_43.txt
8 130 179 191 257 
Group14_44.txt
5 91 216 514 668 704 
Group14_45.txt
6 266 314 402 
Group14_46.txt
5 145 468 519 543 549 639 667 700 
Group14_47.txt
5 275 414 747 
Group14_48.txt
7 91 110 330 347 403 685 699 712 
Group14_49.txt
9 90 119 249 298 429 510 590 
Group14_50.txt
6 191 538 
