Group01_01.txt
540 
Group01_02.txt
34 
Group01_03.txt
458 692 711 765 1166 
Group01_04.txt
9 
Group01_05.txt
43 207 
Group01_06.txt
208 218 746 
Group01_07.txt
70 260 379 438 507 
Group01_08.txt
250 372 582 659 690 
Group01_09.txt
73 121 399 407 
Group01_10.txt
15 93 501 
Group01_11.txt
214 
Group01_12.txt
446 543 621 
Group01_14.txt
296 315 387 428 430 481 500 572 613 615 
Group01_15.txt
340 367 417 424 
Group01_16.txt
147 192 314 
Group01_19.txt
144 
Group01_20.txt
103 
Group01_21.txt
97 219 293 355 
Group01_23.txt
174 478 594 
Group01_24.txt
9 
Group01_25.txt
300 741 
Group01_26.txt
2 
Group01_27.txt
21 107 297 
Group01_29.txt
373 440 546 757 
Group01_31.txt
275 439 
Group01_32.txt
348 728 846 910 970 1149 
Group01_33.txt
59 
Group01_34.txt
527 
Group01_35.txt
122 
Group01_36.txt
318 526 
Group01_38.txt
96 217 291 353 
Group01_41.txt
35 
Group01_43.txt
141 186 
Group01_44.txt
265 341 
Group01_45.txt
394 
Group01_46.txt
207 264 330 
Group01_49.txt
61 
Group01_50.txt
133 137 140 143 146 
Group02_01.txt
368 560 
Group02_02.txt
6 839 872 
Group02_03.txt
679 749 759 945 
Group02_04.txt
565 
Group02_05.txt
629 679 688 
Group02_06.txt
132 
Group02_07.txt
93 254 461 527 533 570 
Group02_08.txt
308 330 
Group02_09.txt
150 221 509 
Group02_10.txt
679 1140 1150 
Group02_11.txt
485 
Group02_12.txt
432 669 865 
Group02_13.txt
585 761 789 951 
Group02_14.txt
309 437 463 786 803 
Group02_16.txt
128 292 421 679 
Group02_17.txt
152 587 
Group02_18.txt
133 248 806 882 963 1320 1339 1616 1658 1990 2492 2641 2704 2827 2975 3001 3090 
Group02_19.txt
1320 1404 
Group02_20.txt
190 247 275 566 574 643 750 896 984 1061 1081 1145 1313 1497 1578 1654 1667 1735 1840 1904 2121 2163 2232 2243 2292 2311 2322 2364 2444 2626 2696 2704 2711 2717 2796 2907 2961 3074 3127 3556 3567 3618 3641 3916 3936 
Group02_21.txt
112 825 927 1028 1217 1366 1565 1677 1919 2411 
Group02_22.txt
56 413 509 579 1286 1393 1778 1787 2713 2773 2991 3000 3133 3147 3169 3188 3339 3345 3372 3400 3489 
Group02_23.txt
1157 1167 1572 1594 1625 
Group02_24.txt
933 994 1457 
Group02_25.txt
51 798 906 924 999 1079 
Group02_26.txt
713 
Group02_27.txt
353 609 764 809 1015 1094 1105 1180 1302 1549 
Group02_28.txt
116 358 495 1659 1929 
Group02_29.txt
38 82 417 518 1092 
Group02_30.txt
327 444 986 1088 1101 1168 1191 1236 1697 1969 1971 2467 2559 3220 3344 3346 3597 3631 3691 4344 
Group02_31.txt
72 91 119 205 481 524 654 665 766 851 998 1149 1236 1564 1647 1974 1984 2297 2321 2394 2417 2437 2583 2585 2712 2717 2875 2968 2994 
Group02_32.txt
345 626 935 1061 1330 1341 1385 1400 1683 
Group02_33.txt
318 1417 2236 2265 2492 2506 2633 2852 2869 3411 
Group02_34.txt
101 114 135 274 297 354 425 451 676 776 938 986 1001 1095 
Group02_35.txt
61 81 139 332 344 523 681 716 962 
Group02_36.txt
487 537 
Group02_37.txt
336 339 410 730 732 780 1132 1134 1359 
Group02_38.txt
28 180 719 930 1013 1305 1641 1692 1800 1836 1899 2010 2203 2301 2338 2379 2383 2415 2431 2459 2598 2612 2614 2707 2776 3107 3127 3153 3428 3542 
Group02_39.txt
452 508 600 631 670 809 1175 1537 
Group02_40.txt
5 1073 1227 1573 1843 2185 
Group02_41.txt
30 352 508 570 770 847 
Group02_42.txt
112 117 131 139 151 343 353 
Group02_43.txt
794 1075 1080 1353 
Group02_44.txt
18 38 52 95 179 351 740 1524 
Group02_45.txt
265 415 850 1091 1530 
Group02_46.txt
876 1070 1113 1360 1639 1761 1767 2156 2581 
Group02_47.txt
37 187 286 500 506 520 566 595 629 709 812 836 869 978 1229 1288 1348 1423 1434 
Group02_48.txt
588 610 623 1075 1236 1313 1523 1636 2590 2631 2689 
Group02_49.txt
47 146 534 795 844 910 928 993 1007 1034 1458 1780 1825 1878 2382 2448 2499 2676 2682 2885 2918 3004 3087 3126 3763 3997 4011 4094 4113 4156 4334 
Group02_50.txt
355 445 546 563 566 635 642 669 677 799 811 828 852 1324 1330 1383 1391 1394 1661 
Group03_01.txt
229 
Group03_02.txt
106 122 291 609 
Group03_03.txt
167 437 1214 1272 
Group03_04.txt
184 267 519 758 1039 1310 1654 1865 1882 
Group03_05.txt
917 
Group03_06.txt
235 698 1225 1659 1904 2017 2051 2086 
Group03_07.txt
66 761 808 812 823 833 842 1023 1431 1704 1921 2628 
Group03_08.txt
430 439 
Group03_09.txt
425 480 488 546 830 
Group03_10.txt
18 168 446 
Group03_11.txt
848 859 
Group03_13.txt
203 472 659 810 1048 
Group03_14.txt
110 585 
Group03_16.txt
244 284 
Group03_17.txt
542 
Group03_18.txt
688 729 913 
Group03_19.txt
780 928 
Group03_20.txt
341 379 398 953 
Group03_21.txt
582 
Group03_22.txt
181 418 1145 
Group03_24.txt
519 544 1430 1894 
Group03_25.txt
268 382 641 684 
Group03_26.txt
267 466 546 711 781 1003 1470 1520 
Group03_27.txt
756 900 911 1048 1136 1247 1391 
Group03_28.txt
289 555 
Group03_29.txt
83 405 659 1042 1114 1268 1352 1459 1540 1728 1775 1860 1876 2106 
Group03_30.txt
423 476 502 
Group03_31.txt
488 791 883 1383 1424 1832 2190 
Group03_32.txt
165 802 
Group03_33.txt
171 733 
Group03_34.txt
787 841 1056 2296 2534 
Group03_35.txt
355 401 424 470 850 993 1232 1258 1288 
Group03_36.txt
270 403 1196 1445 1616 
Group03_37.txt
103 1758 1775 1935 1982 2288 
Group03_38.txt
397 443 1064 
Group03_39.txt
148 785 
Group03_40.txt
150 712 
Group03_41.txt
20 65 74 214 
Group03_42.txt
64 389 649 1039 1111 1286 1370 1477 1561 
Group03_43.txt
241 342 354 484 
Group03_44.txt
116 1082 1362 1380 1394 
Group03_45.txt
323 
Group03_46.txt
139 
Group03_47.txt
90 170 342 840 869 
Group03_48.txt
10 561 934 943 
Group03_49.txt
41 44 850 860 
Group03_50.txt
133 1470 1492 1587 
Group04_03.txt
111 354 
Group04_04.txt
13 245 
Group04_05.txt
612 
Group04_06.txt
128 
Group04_07.txt
364 496 696 759 838 862 1149 
Group04_08.txt
371 
Group04_10.txt
424 600 
Group04_12.txt
633 
Group04_13.txt
129 404 885 914 1040 
Group04_15.txt
66 273 288 354 530 620 676 892 1005 1020 1059 1169 
Group04_17.txt
18 208 974 
Group04_18.txt
8 276 319 339 
Group04_19.txt
256 
Group04_20.txt
42 290 
Group04_22.txt
211 589 
Group04_24.txt
85 161 
Group04_25.txt
171 431 
Group04_26.txt
55 
Group04_27.txt
176 
Group04_29.txt
34 509 
Group04_30.txt
319 574 
Group04_31.txt
245 
Group04_32.txt
51 459 720 845 
Group04_33.txt
644 
Group04_37.txt
17 
Group04_38.txt
533 
Group04_39.txt
113 919 
Group04_40.txt
469 
Group04_41.txt
205 233 371 540 882 888 
Group04_43.txt
28 298 
Group04_44.txt
136 178 652 
Group04_45.txt
127 361 
Group04_46.txt
479 944 1101 1120 
Group04_47.txt
495 
Group04_49.txt
299 306 403 588 
Group04_50.txt
717 
Group05_02.txt
204 
Group05_03.txt
9 81 
Group05_04.txt
914 
Group05_05.txt
85 138 
Group05_06.txt
581 
Group05_10.txt
157 214 236 
Group05_11.txt
110 188 298 338 347 
Group05_12.txt
47 
Group05_13.txt
1233 
Group05_14.txt
689 
Group05_16.txt
143 
Group05_17.txt
758 
Group05_18.txt
186 764 
Group05_19.txt
202 292 527 
Group05_20.txt
73 656 888 919 
Group05_21.txt
286 590 
Group05_22.txt
90 405 
Group05_23.txt
118 253 273 375 930 
Group05_24.txt
217 574 
Group05_25.txt
158 250 408 1062 1162 
Group05_27.txt
74 
Group05_28.txt
439 
Group05_32.txt
481 820 
Group05_35.txt
476 
Group05_40.txt
42 414 
Group05_42.txt
1 150 
Group05_43.txt
151 550 
Group05_44.txt
368 635 793 1091 
Group05_45.txt
359 417 494 501 511 1270 
Group05_47.txt
8 
Group05_48.txt
477 
Group05_49.txt
801 
Group06_01.txt
140 396 
Group06_02.txt
477 
Group06_03.txt
439 661 
Group06_04.txt
55 
Group06_05.txt
360 438 
Group06_06.txt
112 
Group06_11.txt
374 718 
Group06_13.txt
182 406 
Group06_14.txt
110 587 
Group06_15.txt
530 732 
Group06_16.txt
97 186 315 
Group06_17.txt
612 615 
Group06_18.txt
7 225 531 601 
Group06_19.txt
9 124 166 215 686 
Group06_20.txt
363 
Group06_21.txt
260 851 
Group06_22.txt
113 263 271 417 
Group06_23.txt
318 
Group06_24.txt
220 271 
Group06_25.txt
366 378 476 
Group06_27.txt
412 
Group06_28.txt
54 359 438 661 
Group06_29.txt
212 257 495 672 
Group06_31.txt
612 615 
Group06_32.txt
482 
Group06_33.txt
672 
Group06_35.txt
401 423 471 504 
Group06_36.txt
552 
Group06_37.txt
265 488 
Group06_38.txt
569 657 733 
Group06_40.txt
405 453 
Group06_41.txt
478 
Group06_43.txt
28 480 
Group06_44.txt
59 257 356 
Group06_45.txt
134 170 
Group06_46.txt
321 444 
Group06_47.txt
230 
Group06_48.txt
176 353 455 
Group06_49.txt
168 250 375 
Group06_50.txt
563 
Group07_01.txt
553 
Group07_02.txt
476 
Group07_03.txt
79 151 383 898 968 1359 1830 2772 
Group07_04.txt
409 585 1098 1231 
Group07_06.txt
178 213 615 
Group07_07.txt
583 589 655 666 734 
Group07_08.txt
77 290 577 
Group07_09.txt
230 
Group07_10.txt
53 208 
Group07_12.txt
403 1137 
Group07_13.txt
547 
Group07_14.txt
91 
Group07_16.txt
474 
Group07_17.txt
36 46 263 
Group07_18.txt
277 415 483 1176 1230 
Group07_19.txt
275 719 775 969 996 
Group07_21.txt
168 236 397 628 646 930 
Group07_22.txt
291 440 
Group07_23.txt
40 
Group07_24.txt
385 416 846 882 1475 
Group07_26.txt
619 675 
Group07_27.txt
545 
Group07_29.txt
198 339 
Group07_30.txt
183 362 469 855 968 
Group07_31.txt
670 1031 1037 1106 1197 
Group07_32.txt
155 378 
Group07_33.txt
476 599 697 
Group07_34.txt
359 
Group07_35.txt
467 
Group07_36.txt
311 1088 
Group07_37.txt
32 376 553 593 1057 1535 1571 1755 
Group07_38.txt
390 685 1201 1591 
Group07_39.txt
423 
Group07_40.txt
102 611 
Group07_43.txt
175 338 
Group07_44.txt
163 
Group07_45.txt
514 
Group07_46.txt
397 
Group07_47.txt
31 397 
Group07_48.txt
104 684 689 701 738 743 862 
Group07_49.txt
1456 1603 
Group07_50.txt
53 224 
Group08_03.txt
577 
Group08_04.txt
582 593 
Group08_05.txt
183 
Group08_08.txt
291 
Group08_09.txt
30 60 
Group08_11.txt
485 
Group08_12.txt
47 100 532 736 
Group08_13.txt
563 
Group08_14.txt
133 
Group08_15.txt
172 378 
Group08_16.txt
203 354 421 497 
Group08_18.txt
32 61 271 375 493 
Group08_19.txt
202 504 523 666 
Group08_20.txt
280 652 1139 1185 
Group08_21.txt
189 471 
Group08_23.txt
582 593 
Group08_24.txt
174 536 906 944 949 
Group08_25.txt
288 1057 1114 1196 
Group08_27.txt
57 
Group08_29.txt
329 1088 
Group08_30.txt
611 880 1559 1570 
Group08_31.txt
494 611 732 910 929 
Group08_32.txt
172 
Group08_37.txt
22 58 246 
Group08_38.txt
87 
Group08_40.txt
20 90 
Group08_41.txt
67 
Group08_43.txt
139 217 
Group08_49.txt
96 176 
Group09_01.txt
126 336 462 
Group09_02.txt
127 165 239 
Group09_03.txt
411 
Group09_04.txt
202 
Group09_05.txt
280 376 487 781 877 946 
Group09_06.txt
363 
Group09_07.txt
381 696 844 
Group09_08.txt
414 
Group09_09.txt
13 33 204 343 515 541 619 795 802 829 
Group09_11.txt
70 
Group09_12.txt
250 497 
Group09_13.txt
33 333 576 
Group09_14.txt
69 254 487 
Group09_17.txt
481 786 
Group09_18.txt
143 493 
Group09_21.txt
304 349 1019 1158 
Group09_23.txt
38 89 
Group09_24.txt
209 
Group09_26.txt
87 617 743 971 1245 
Group09_27.txt
229 
Group09_29.txt
230 261 371 444 
Group09_30.txt
428 
Group09_31.txt
88 199 354 440 502 
Group09_33.txt
40 299 420 450 
Group09_34.txt
309 519 
Group09_36.txt
437 
Group09_37.txt
355 
Group09_38.txt
532 612 
Group09_41.txt
68 96 413 
Group09_42.txt
410 
Group09_43.txt
162 279 
Group09_44.txt
414 
Group09_45.txt
337 
Group09_46.txt
50 220 380 476 638 662 
Group09_47.txt
29 
Group09_48.txt
6 96 278 383 570 755 764 
Group09_49.txt
43 61 257 641 898 
Group09_50.txt
421 
Group10_01.txt
19 234 390 690 
Group10_02.txt
222 
Group10_03.txt
29 692 835 
Group10_04.txt
50 135 416 
Group10_06.txt
271 
Group10_08.txt
9 39 89 178 194 246 255 270 322 373 444 490 500 574 694 
Group10_09.txt
294 485 589 609 
Group10_11.txt
523 809 1244 
Group10_12.txt
118 272 392 
Group10_13.txt
582 
Group10_14.txt
274 
Group10_15.txt
322 
Group10_16.txt
594 853 
Group10_17.txt
676 742 
Group10_18.txt
548 
Group10_19.txt
10 109 199 226 325 480 
Group10_20.txt
551 627 
Group10_21.txt
301 920 
Group10_22.txt
341 
Group10_23.txt
250 
Group10_24.txt
179 811 
Group10_25.txt
86 
Group10_26.txt
222 
Group10_27.txt
493 655 848 
Group10_28.txt
27 1028 
Group10_29.txt
64 431 442 453 463 495 653 923 960 
Group10_30.txt
447 
Group10_31.txt
508 
Group10_32.txt
118 248 
Group10_33.txt
31 204 444 1252 1350 
Group10_34.txt
254 442 
Group10_35.txt
312 527 635 853 1210 1307 1462 1486 
Group10_36.txt
505 547 748 
Group10_37.txt
254 
Group10_38.txt
16 50 84 219 276 464 524 
Group10_39.txt
93 351 596 904 
Group10_40.txt
14 70 311 
Group10_41.txt
537 
Group10_42.txt
469 
Group10_43.txt
204 674 820 
Group10_44.txt
385 463 574 
Group10_45.txt
123 
Group10_46.txt
25 268 550 
Group10_47.txt
548 
Group10_48.txt
70 194 311 715 
Group10_49.txt
455 750 
Group10_50.txt
152 
Group11-01.txt
411 
Group11-03.txt
410 
Group11-04.txt
272 
Group11-05.txt
69 177 516 1158 1936 2267 
Group11-06.txt
188 272 368 
Group11-08.txt
238 
Group11-10.txt
264 
Group11-11.txt
79 
Group11-12.txt
364 
Group11-13.txt
210 241 264 
Group11-14.txt
821 
Group11-15.txt
21 67 145 249 306 393 575 672 685 752 791 814 885 1059 1419 1466 1615 1678 1742 2016 2080 
Group11-16.txt
151 325 600 664 815 1068 1285 2017 2303 2866 3007 3131 3333 
Group11-17.txt
153 787 
Group11-19.txt
4 49 330 355 484 
Group11-20.txt
62 862 1200 
Group11-21.txt
217 484 523 883 
Group11-22.txt
35 53 95 286 692 896 919 
Group11-23.txt
428 835 
Group11-24.txt
75 175 485 530 1412 1428 1488 1857 2011 2013 
Group11-25.txt
333 505 587 638 648 
Group11-26.txt
70 223 
Group11-28.txt
608 
Group11-31.txt
107 268 566 
Group11-32.txt
326 
Group11-33.txt
21 55 122 500 936 
Group11-34.txt
302 
Group11-36.txt
78 
Group11-37.txt
106 164 391 466 483 
Group11-38.txt
47 392 487 
Group11-39.txt
314 350 
Group11-40.txt
159 286 
Group11-43.txt
253 
Group11-44.txt
503 510 527 547 676 
Group11-45.txt
77 783 
Group11-46.txt
182 559 612 761 1227 1272 
Group11-47.txt
528 
Group11-48.txt
293 382 478 509 625 
Group11-49.txt
186 
Group11-50.txt
13 36 158 645 
Group12_01.txt
283 832 1405 
Group12_02.txt
518 1425 1433 1497 
Group12_03.txt
844 857 1113 
Group12_04.txt
459 492 494 887 1407 1647 1819 1987 2633 
Group12_05.txt
321 507 536 
Group12_06.txt
228 421 669 838 929 
Group12_07.txt
742 901 967 1197 
Group12_08.txt
124 583 
Group12_09.txt
234 
Group12_10.txt
76 
Group12_13.txt
338 672 1006 1310 1413 1465 1938 1962 2032 
Group12_14.txt
485 
Group12_16.txt
72 266 425 
Group12_17.txt
59 159 179 
Group12_19.txt
92 160 272 697 746 943 
Group12_20.txt
197 400 
Group12_23.txt
67 192 466 
Group12_24.txt
526 766 
Group12_26.txt
19 97 311 386 1490 
Group12_28.txt
636 
Group12_29.txt
120 477 
Group12_30.txt
504 604 
Group12_31.txt
78 
Group12_32.txt
269 480 
Group12_35.txt
634 
Group12_36.txt
85 373 
Group12_38.txt
168 218 446 498 565 
Group12_40.txt
229 453 483 
Group12_42.txt
1418 
Group12_43.txt
84 253 360 423 426 843 891 
Group12_44.txt
57 184 393 
Group12_45.txt
564 
Group12_47.txt
206 244 328 
Group12_48.txt
367 529 
Group12_49.txt
61 90 139 680 879 1085 1647 2035 2702 2746 
Group12_50.txt
419 
Group13_01.txt
39 314 
Group13_02.txt
71 96 1619 1872 2319 
Group13_03.txt
191 242 351 
Group13_04.txt
584 592 913 1073 1202 1206 
Group13_05.txt
229 349 1312 
Group13_06.txt
26 230 645 973 1414 
Group13_09.txt
171 859 1285 1371 1553 1774 
Group13_10.txt
211 240 835 
Group13_12.txt
69 422 
Group13_14.txt
416 440 497 546 
Group13_15.txt
65 149 
Group13_16.txt
151 
Group13_17.txt
511 665 
Group13_18.txt
858 
Group13_19.txt
200 466 
Group13_20.txt
185 
Group13_21.txt
120 472 768 785 1533 
Group13_22.txt
39 134 452 848 1117 1689 2871 2945 2979 4300 4548 4549 5040 5126 5347 5405 5997 6440 6583 6597 6691 8537 8692 9391 9408 11066 11488 11550 11721 11894 11934 12220 14649 14681 15335 15650 15997 16595 16633 
Group13_23.txt
1125 2531 2741 3103 3571 3858 
Group13_24.txt
749 1012 1374 1398 2190 2282 2661 3267 3575 3953 4113 4156 4529 4629 4634 5000 5187 
Group13_25.txt
140 303 332 559 720 782 879 1205 1429 1450 1570 1685 2162 
Group13_26.txt
28 198 811 1497 1533 2156 2511 3295 3336 3362 3824 3972 3980 4128 4174 4456 4783 4987 6256 6794 6947 7060 7110 7381 7705 7782 8187 8619 9132 9203 9319 
Group13_27.txt
111 471 514 545 703 707 1337 1722 2148 2351 2551 2593 3164 3240 3284 
Group13_28.txt
110 144 270 295 542 862 1168 1190 1562 3104 3163 3244 
Group13_29.txt
425 1471 1658 1978 2120 2278 2328 2378 2398 4581 5035 
Group13_30.txt
298 623 2712 3199 3352 3380 3394 3755 3916 
Group13_31.txt
247 
Group13_32.txt
583 639 812 874 1160 1311 1333 
Group13_33.txt
81 114 258 304 777 1041 1148 1354 1420 1524 1777 1994 2090 
Group13_34.txt
83 
Group13_35.txt
22 114 476 981 1297 
Group13_36.txt
429 829 979 999 1128 
Group13_37.txt
112 221 401 994 1015 1057 1208 1327 
Group13_38.txt
219 246 255 626 653 743 1246 1567 
Group13_39.txt
14 968 1410 1882 2190 
Group13_40.txt
335 841 
Group13_41.txt
274 565 778 
Group13_42.txt
171 872 1184 
Group13_43.txt
1011 1241 1517 1752 
Group13_44.txt
402 779 1237 1435 1838 1868 2255 2729 2758 2845 2936 
Group13_45.txt
10 81 285 454 612 661 757 819 914 981 1384 
Group13_46.txt
180 1743 2200 
Group13_47.txt
112 479 853 857 894 1686 
Group13_48.txt
123 435 1285 1522 2442 2678 
Group13_49.txt
621 628 674 1363 1548 1595 1730 2182 
Group13_50.txt
1282 
Group14_01.txt
61 105 
Group14_02.txt
224 434 
Group14_03.txt
419 
Group14_04.txt
202 207 312 360 
Group14_05.txt
77 157 374 
Group14_06.txt
516 
Group14_07.txt
337 
Group14_08.txt
31 
Group14_09.txt
44 
Group14_11.txt
201 
Group14_12.txt
237 419 440 
Group14_13.txt
62 
Group14_14.txt
53 209 
Group14_15.txt
46 138 469 
Group14_16.txt
240 
Group14_17.txt
260 
Group14_18.txt
143 312 
Group14_19.txt
60 354 364 674 682 
Group14_20.txt
133 222 662 906 
Group14_21.txt
581 
Group14_22.txt
548 
Group14_24.txt
441 455 599 602 
Group14_26.txt
149 
Group14_28.txt
16 35 343 569 924 
Group14_29.txt
118 162 258 324 366 407 479 496 
Group14_31.txt
502 673 
Group14_32.txt
633 
Group14_33.txt
945 
Group14_34.txt
34 400 
Group14_35.txt
1368 
Group14_37.txt
35 63 138 369 
Group14_39.txt
210 346 647 
Group14_40.txt
660 677 750 946 993 
Group14_41.txt
60 212 289 673 854 889 
Group14_42.txt
197 199 
Group14_43.txt
458 
Group14_44.txt
73 119 143 347 806 
Group14_46.txt
127 363 459 
Group14_47.txt
42 
Group14_49.txt
268 368 
