Group01_03.txt
201 916 1139 1238 
Group01_04.txt
349 
Group01_05.txt
258 
Group01_06.txt
118 241 573 811 894 984 1020 1173 1179 
Group01_07.txt
61 529 573 602 
Group01_08.txt
66 355 379 404 581 1013 1141 1147 
Group01_09.txt
268 292 578 753 759 
Group01_10.txt
67 87 335 767 770 877 925 
Group01_11.txt
28 68 127 276 278 348 445 772 783 820 
Group01_12.txt
103 310 
Group01_14.txt
82 289 370 474 555 
Group01_15.txt
75 
Group01_16.txt
180 282 
Group01_18.txt
54 226 237 262 307 
Group01_20.txt
180 343 362 647 
Group01_21.txt
488 
Group01_24.txt
342 
Group01_25.txt
1012 1081 
Group01_26.txt
400 521 716 746 
Group01_28.txt
456 
Group01_29.txt
106 189 316 478 488 
Group01_30.txt
119 472 529 
Group01_32.txt
428 545 593 1139 
Group01_33.txt
686 717 
Group01_34.txt
275 435 506 
Group01_35.txt
173 607 1001 
Group01_36.txt
135 315 595 
Group01_38.txt
485 
Group01_40.txt
795 872 
Group01_41.txt
245 
Group01_42.txt
333 356 
Group01_43.txt
88 421 
Group01_45.txt
129 452 
Group01_46.txt
104 241 
Group01_47.txt
224 283 
Group01_49.txt
279 
Group02_01.txt
309 423 463 482 549 652 
Group02_02.txt
426 
Group02_03.txt
54 290 547 561 718 992 
Group02_04.txt
26 231 274 380 
Group02_05.txt
105 
Group02_06.txt
815 
Group02_08.txt
187 331 481 581 
Group02_09.txt
132 
Group02_10.txt
321 404 418 821 
Group02_11.txt
154 161 192 227 555 794 804 844 
Group02_12.txt
92 134 233 310 788 861 905 937 
Group02_13.txt
8 51 119 128 131 190 521 533 993 
Group02_14.txt
205 272 377 388 
Group02_15.txt
103 195 
Group02_16.txt
28 846 
Group02_17.txt
134 298 431 749 
Group02_18.txt
66 76 207 453 1315 1694 1739 2064 2101 
Group02_19.txt
54 180 302 369 433 580 582 656 769 803 806 842 957 982 1020 1755 1809 
Group02_20.txt
325 509 551 673 679 719 733 853 1029 1133 1498 1597 2445 2705 2738 2801 2967 3270 3298 3452 
Group02_21.txt
763 966 1087 1109 2286 2334 2663 2726 2837 
Group02_22.txt
78 389 404 408 871 1093 1248 1590 1842 1893 2025 2189 2393 2413 2946 3074 3086 3336 3342 3458 3461 3591 
Group02_23.txt
252 295 758 
Group02_24.txt
179 289 598 1128 
Group02_25.txt
426 432 452 
Group02_26.txt
79 104 147 240 
Group02_27.txt
45 48 223 350 525 536 549 597 936 1458 1480 1706 1711 1729 
Group02_28.txt
106 168 247 610 635 673 792 1385 1563 1685 1933 
Group02_29.txt
254 271 350 373 380 409 460 1304 
Group02_30.txt
282 337 1393 2840 3505 3561 4214 4449 
Group02_31.txt
120 210 499 572 1534 1645 1833 1962 2295 2324 2453 
Group02_32.txt
352 807 1087 1425 1830 2267 
Group02_33.txt
606 785 1353 1791 3465 
Group02_34.txt
102 136 167 179 195 211 308 351 438 497 639 649 1072 1146 1212 1261 
Group02_35.txt
318 
Group02_36.txt
356 1053 1096 1105 1160 1262 1312 1389 
Group02_37.txt
306 431 456 1318 1389 1457 
Group02_38.txt
82 172 186 333 373 443 548 616 687 874 1030 1046 1174 1642 1658 1801 1837 2041 2154 2268 2582 2672 2750 3005 3049 3108 3201 3436 
Group02_39.txt
59 221 905 979 1220 1270 1282 1319 1322 1464 1642 
Group02_40.txt
287 688 836 1045 1141 1163 1182 1278 1333 1433 1443 1494 1548 1563 1697 1973 2097 
Group02_41.txt
42 105 146 332 551 565 707 1121 1465 
Group02_42.txt
94 386 499 
Group02_43.txt
61 82 410 483 683 730 924 1011 1271 1294 1331 1588 
Group02_44.txt
310 393 759 1090 1514 
Group02_45.txt
82 851 900 1067 1111 1492 1902 
Group02_46.txt
119 167 195 345 610 653 745 883 1075 1218 1364 1814 
Group02_47.txt
178 294 305 639 1428 
Group02_48.txt
1026 2167 2241 2690 2952 
Group02_49.txt
95 171 179 312 1398 1624 1697 2694 2705 3308 3346 3418 
Group02_50.txt
123 418 710 840 1602 1653 1771 1867 1925 1961 2025 
Group03_02.txt
198 637 728 
Group03_03.txt
617 716 733 1228 
Group03_04.txt
1558 2077 2182 2261 
Group03_05.txt
185 785 
Group03_06.txt
8 11 157 181 312 329 686 923 988 1173 1369 1371 1379 1517 2227 2238 2335 2354 2377 2379 2527 2575 2695 2744 
Group03_07.txt
114 604 897 975 
Group03_08.txt
55 
Group03_09.txt
268 690 775 1097 
Group03_10.txt
336 418 841 981 
Group03_11.txt
501 871 992 
Group03_12.txt
1270 
Group03_13.txt
444 525 555 594 642 1105 1108 1153 1274 1495 1498 
Group03_14.txt
78 237 1032 1078 1131 
Group03_15.txt
746 
Group03_16.txt
774 847 
Group03_17.txt
241 815 
Group03_18.txt
155 176 
Group03_19.txt
220 
Group03_20.txt
567 
Group03_21.txt
121 1054 1564 1933 1935 1940 
Group03_22.txt
456 806 874 
Group03_23.txt
138 
Group03_24.txt
103 389 1078 1090 1112 1114 1117 1120 1175 1446 1609 1610 1847 1850 1854 
Group03_25.txt
156 194 496 
Group03_27.txt
121 871 1836 1852 
Group03_28.txt
1012 
Group03_29.txt
127 175 402 528 1078 1429 2001 2003 
Group03_30.txt
484 746 1069 1291 1353 
Group03_31.txt
38 112 376 408 447 676 739 769 1258 1294 1360 1403 1453 1632 1649 1705 1856 2529 
Group03_32.txt
364 958 1427 
Group03_33.txt
99 134 219 473 803 1177 1285 
Group03_34.txt
114 568 572 711 965 967 1174 1183 1185 1214 1217 1265 1282 1457 1462 1468 1514 1516 1518 1799 1864 1999 2174 2352 2695 
Group03_35.txt
457 1325 
Group03_36.txt
229 364 447 510 550 615 739 952 1175 1288 1538 1670 
Group03_37.txt
385 402 482 530 539 746 785 855 998 1045 1569 1704 2319 2378 2380 
Group03_38.txt
41 481 
Group03_39.txt
347 
Group03_40.txt
78 113 198 452 782 1156 
Group03_41.txt
171 
Group03_42.txt
108 156 386 512 1075 1447 
Group03_43.txt
607 
Group03_44.txt
104 885 1430 1484 
Group03_45.txt
218 384 
Group03_46.txt
360 377 
Group03_47.txt
45 263 689 1051 1081 
Group03_48.txt
33 154 287 354 615 685 753 
Group03_49.txt
815 844 877 
Group03_50.txt
437 540 614 645 659 695 729 749 751 786 956 1079 1086 1475 1482 
Group04_01.txt
213 321 
Group04_02.txt
97 
Group04_03.txt
256 
Group04_04.txt
268 
Group04_05.txt
350 
Group04_06.txt
40 181 
Group04_07.txt
79 513 580 
Group04_08.txt
101 479 
Group04_09.txt
333 
Group04_10.txt
52 
Group04_12.txt
312 650 
Group04_13.txt
272 400 
Group04_14.txt
235 397 404 490 536 
Group04_15.txt
265 945 1036 
Group04_16.txt
191 
Group04_17.txt
29 162 171 331 689 
Group04_18.txt
320 347 478 489 
Group04_19.txt
15 299 
Group04_20.txt
221 356 
Group04_21.txt
272 
Group04_22.txt
59 122 
Group04_24.txt
474 480 518 524 
Group04_26.txt
243 
Group04_27.txt
288 447 
Group04_28.txt
91 267 298 369 381 
Group04_29.txt
19 89 385 401 564 
Group04_30.txt
18 99 560 588 592 852 
Group04_31.txt
127 182 230 547 
Group04_32.txt
17 446 556 
Group04_33.txt
26 623 
Group04_34.txt
253 623 665 
Group04_35.txt
96 109 377 
Group04_36.txt
163 363 400 758 
Group04_37.txt
48 195 403 513 
Group04_38.txt
7 91 196 227 279 309 374 420 513 
Group04_39.txt
509 513 672 674 719 
Group04_40.txt
190 387 418 436 
Group04_41.txt
63 162 180 398 400 573 600 640 690 697 753 767 787 851 886 903 979 
Group04_42.txt
219 297 564 
Group04_43.txt
183 551 610 662 
Group04_44.txt
338 616 667 
Group04_46.txt
689 805 1167 
Group04_47.txt
112 273 298 552 559 
Group04_48.txt
17 215 251 280 
Group04_49.txt
216 361 372 407 
Group04_50.txt
275 
Group05_02.txt
492 
Group05_03.txt
42 72 137 
Group05_05.txt
256 426 436 
Group05_06.txt
490 
Group05_07.txt
423 
Group05_09.txt
448 
Group05_11.txt
348 
Group05_13.txt
105 467 627 913 1067 
Group05_14.txt
210 801 
Group05_15.txt
403 652 
Group05_16.txt
165 176 215 583 968 
Group05_17.txt
116 417 1021 1035 
Group05_18.txt
1020 
Group05_19.txt
283 
Group05_21.txt
394 845 
Group05_22.txt
317 361 
Group05_23.txt
251 350 664 837 1014 
Group05_24.txt
36 213 238 451 605 
Group05_26.txt
354 403 690 
Group05_27.txt
1244 
Group05_28.txt
556 
Group05_34.txt
245 
Group05_36.txt
164 
Group05_38.txt
380 
Group05_42.txt
87 189 
Group05_43.txt
49 92 
Group05_44.txt
759 
Group05_45.txt
323 753 970 
Group05_46.txt
586 605 632 
Group05_49.txt
196 848 
Group05_50.txt
443 692 
Group06_01.txt
162 178 294 510 
Group06_02.txt
675 
Group06_03.txt
21 140 194 206 387 
Group06_05.txt
97 127 670 698 712 
Group06_06.txt
798 
Group06_07.txt
653 
Group06_08.txt
117 271 289 428 
Group06_09.txt
482 488 
Group06_10.txt
28 214 
Group06_11.txt
447 
Group06_12.txt
148 225 367 
Group06_13.txt
170 337 602 
Group06_14.txt
76 177 472 658 
Group06_15.txt
708 
Group06_16.txt
348 371 894 
Group06_17.txt
338 
Group06_18.txt
175 372 591 651 
Group06_19.txt
283 434 691 
Group06_20.txt
176 
Group06_22.txt
448 
Group06_23.txt
247 490 506 
Group06_25.txt
679 
Group06_26.txt
88 107 316 343 354 
Group06_27.txt
100 250 374 
Group06_28.txt
531 
Group06_29.txt
151 712 
Group06_30.txt
122 132 
Group06_31.txt
338 
Group06_32.txt
646 
Group06_35.txt
230 
Group06_36.txt
395 
Group06_37.txt
358 
Group06_38.txt
27 270 373 592 
Group06_40.txt
14 30 39 43 154 158 176 180 439 
Group06_41.txt
220 479 
Group06_42.txt
472 
Group06_43.txt
10 60 208 230 297 587 
Group06_44.txt
52 632 
Group06_45.txt
176 200 239 440 538 
Group06_46.txt
157 518 719 
Group06_47.txt
330 
Group06_48.txt
592 
Group06_49.txt
296 301 
Group06_50.txt
53 641 
Group07_02.txt
689 
Group07_03.txt
68 1822 
Group07_04.txt
215 380 406 485 495 656 1093 1121 
Group07_05.txt
200 418 
Group07_06.txt
57 68 111 574 
Group07_07.txt
1315 1415 1420 
Group07_08.txt
427 
Group07_10.txt
395 
Group07_11.txt
143 194 197 433 
Group07_12.txt
373 527 741 1131 
Group07_13.txt
287 
Group07_16.txt
193 252 378 
Group07_17.txt
132 
Group07_18.txt
56 60 66 234 604 793 1037 1143 1175 
Group07_20.txt
230 
Group07_21.txt
265 481 489 738 842 850 
Group07_22.txt
60 
Group07_23.txt
300 
Group07_24.txt
837 
Group07_25.txt
117 233 330 380 541 
Group07_26.txt
142 163 
Group07_30.txt
376 
Group07_31.txt
99 231 252 329 451 517 552 813 1150 1606 1717 
Group07_32.txt
216 299 
Group07_33.txt
282 
Group07_34.txt
446 
Group07_35.txt
570 
Group07_36.txt
37 56 441 
Group07_37.txt
261 360 395 411 541 578 819 858 1036 1142 1338 1441 1547 1614 
Group07_38.txt
125 198 630 632 887 925 1392 
Group07_39.txt
471 
Group07_40.txt
751 
Group07_41.txt
200 
Group07_42.txt
216 230 616 724 732 
Group07_43.txt
141 
Group07_44.txt
678 
Group07_45.txt
47 65 308 
Group07_46.txt
55 128 149 
Group07_48.txt
349 426 499 585 688 704 742 816 846 852 898 991 1153 
Group07_49.txt
57 78 193 237 362 369 1070 1221 1223 1438 1659 2057 2276 2363 2569 2664 
Group08_02.txt
195 
Group08_03.txt
447 
Group08_06.txt
380 393 422 437 760 
Group08_07.txt
110 
Group08_08.txt
117 189 307 315 345 
Group08_09.txt
337 
Group08_11.txt
217 
Group08_12.txt
232 525 1025 
Group08_13.txt
620 730 
Group08_14.txt
616 
Group08_16.txt
268 564 1459 1644 1696 1789 
Group08_17.txt
597 971 1184 1191 
Group08_18.txt
338 363 
Group08_20.txt
259 495 784 900 
Group08_24.txt
1060 1097 
Group08_27.txt
164 245 334 436 
Group08_28.txt
173 761 
Group08_29.txt
1 434 581 1536 
Group08_30.txt
66 208 456 949 1079 1336 
Group08_31.txt
481 573 704 
Group08_35.txt
169 186 354 
Group08_38.txt
73 297 
Group08_39.txt
127 219 
Group08_43.txt
370 
Group08_47.txt
501 
Group08_48.txt
224 332 
Group08_50.txt
345 
Group09_01.txt
478 
Group09_02.txt
240 438 450 
Group09_03.txt
304 
Group09_04.txt
364 
Group09_05.txt
25 159 302 334 496 717 1011 
Group09_06.txt
35 122 
Group09_07.txt
613 914 
Group09_08.txt
389 
Group09_09.txt
474 507 532 
Group09_10.txt
241 254 480 
Group09_11.txt
301 
Group09_13.txt
321 454 
Group09_14.txt
714 769 774 
Group09_15.txt
147 228 294 497 
Group09_16.txt
61 223 340 
Group09_17.txt
102 188 194 520 692 
Group09_18.txt
399 508 552 
Group09_20.txt
155 
Group09_21.txt
475 
Group09_22.txt
247 411 418 504 551 
Group09_23.txt
647 
Group09_24.txt
247 265 519 
Group09_25.txt
107 502 
Group09_26.txt
660 1197 
Group09_27.txt
404 
Group09_29.txt
589 
Group09_31.txt
520 
Group09_34.txt
228 447 
Group09_35.txt
427 503 
Group09_36.txt
156 215 499 544 
Group09_37.txt
83 1239 
Group09_38.txt
508 
Group09_39.txt
538 
Group09_42.txt
652 
Group09_43.txt
298 
Group09_44.txt
36 
Group09_45.txt
53 
Group09_48.txt
176 269 336 
Group09_50.txt
335 532 557 
Group10_01.txt
32 185 619 
Group10_02.txt
170 293 
Group10_03.txt
87 91 338 
Group10_05.txt
27 134 254 588 750 
Group10_06.txt
132 458 481 508 514 523 538 559 604 636 671 
Group10_07.txt
576 
Group10_08.txt
195 244 297 320 374 445 538 
Group10_09.txt
164 229 240 397 579 706 744 838 923 
Group10_11.txt
340 408 657 895 1093 
Group10_12.txt
110 126 249 341 352 
Group10_13.txt
257 
Group10_14.txt
217 227 229 239 247 
Group10_15.txt
227 367 
Group10_16.txt
196 
Group10_17.txt
65 102 115 252 447 571 895 1089 
Group10_18.txt
737 
Group10_21.txt
641 
Group10_24.txt
399 515 526 559 657 661 727 737 1100 1177 
Group10_25.txt
113 324 663 1188 
Group10_26.txt
170 293 
Group10_27.txt
185 188 666 
Group10_28.txt
216 483 543 594 716 947 1113 
Group10_29.txt
236 381 448 709 852 928 
Group10_30.txt
64 232 266 340 
Group10_31.txt
33 90 295 379 383 
Group10_32.txt
416 
Group10_33.txt
384 
Group10_34.txt
533 
Group10_36.txt
254 638 
Group10_37.txt
394 553 742 
Group10_38.txt
809 830 
Group10_39.txt
41 303 
Group10_41.txt
596 
Group10_42.txt
198 481 707 
Group10_43.txt
200 295 
Group10_44.txt
230 238 247 680 
Group10_45.txt
131 565 572 603 
Group10_46.txt
283 
Group10_47.txt
57 503 675 852 
Group10_48.txt
82 533 
Group10_49.txt
175 444 
Group10_50.txt
262 432 461 
Group11-01.txt
206 
Group11-02.txt
10 348 367 371 519 522 966 1012 
Group11-04.txt
684 719 863 
Group11-05.txt
286 839 861 1034 1051 1283 1341 1354 1568 1593 2268 
Group11-07.txt
520 576 
Group11-10.txt
228 302 
Group11-12.txt
95 318 326 531 693 
Group11-13.txt
230 265 
Group11-14.txt
341 401 422 748 960 962 964 
Group11-15.txt
894 1163 2334 
Group11-16.txt
133 469 487 882 968 1043 2338 2343 3154 3158 
Group11-20.txt
313 480 
Group11-22.txt
96 146 
Group11-23.txt
420 806 
Group11-24.txt
533 1523 1729 2093 2522 
Group11-25.txt
582 
Group11-26.txt
257 
Group11-27.txt
71 
Group11-29.txt
635 
Group11-30.txt
140 494 
Group11-35.txt
90 
Group11-36.txt
399 
Group11-37.txt
640 
Group11-38.txt
321 472 
Group11-39.txt
511 640 
Group11-40.txt
225 483 
Group11-42.txt
333 
Group11-44.txt
140 689 
Group11-45.txt
120 906 914 919 1220 
Group11-46.txt
1542 
Group11-47.txt
789 
Group12_01.txt
138 1273 
Group12_02.txt
257 1033 1563 
Group12_03.txt
70 692 931 941 1222 
Group12_04.txt
534 1373 
Group12_06.txt
439 1071 1419 
Group12_07.txt
112 210 243 482 722 936 
Group12_08.txt
494 
Group12_09.txt
130 132 334 338 644 777 904 906 963 969 971 979 981 987 993 1123 
Group12_10.txt
813 
Group12_11.txt
497 570 876 882 
Group12_12.txt
497 570 876 882 
Group12_13.txt
1749 1838 
Group12_19.txt
34 101 170 207 241 707 
Group12_23.txt
287 
Group12_24.txt
416 
Group12_25.txt
687 
Group12_26.txt
816 937 1116 
Group12_28.txt
246 347 466 486 
Group12_29.txt
593 
Group12_32.txt
412 444 
Group12_33.txt
344 
Group12_34.txt
163 450 599 
Group12_35.txt
638 
Group12_39.txt
139 
Group12_40.txt
390 
Group12_41.txt
452 
Group12_42.txt
751 877 906 1194 
Group12_43.txt
246 
Group12_44.txt
465 
Group12_45.txt
453 
Group12_48.txt
265 
Group12_49.txt
213 486 697 863 1004 1336 2094 2428 2432 2512 2537 2582 2700 
Group13_01.txt
304 488 542 
Group13_02.txt
485 1625 
Group13_03.txt
514 
Group13_05.txt
617 696 1094 
Group13_06.txt
268 345 1432 1594 1976 2413 
Group13_08.txt
137 1091 
Group13_09.txt
92 277 342 348 409 478 584 626 673 698 730 972 1059 1177 1194 1215 1327 1351 1521 1536 1592 1601 1613 1660 1828 1898 
Group13_10.txt
247 660 688 
Group13_11.txt
186 476 
Group13_12.txt
194 435 761 
Group13_14.txt
37 83 438 619 
Group13_18.txt
121 359 
Group13_19.txt
188 
Group13_20.txt
590 
Group13_21.txt
1301 1814 1946 1952 
Group13_22.txt
552 1323 1613 1647 2066 2694 2850 3597 3674 4922 6686 6844 6977 8246 10228 10401 16385 
Group13_23.txt
547 723 895 907 914 934 1112 1122 1155 1567 3226 3273 3312 3393 3636 3742 3749 3804 3856 
Group13_24.txt
992 1233 1595 1659 1929 3239 3567 4376 4475 4480 4587 5106 5522 
Group13_25.txt
241 897 1026 1228 2187 2423 
Group13_26.txt
80 110 152 217 267 302 484 865 881 883 1109 1260 1300 1689 1723 1769 1879 1888 1998 2004 2745 5514 7528 8610 8670 8894 9177 9220 
Group13_27.txt
279 291 295 578 594 635 948 1088 1136 1225 1288 1584 1706 1807 1955 1982 1994 2693 2853 2855 3106 3158 
Group13_28.txt
380 580 817 860 1134 1365 1455 2349 2463 2473 
Group13_29.txt
300 435 574 618 1739 1899 1954 2046 2494 2751 3254 3287 4270 4313 4687 4706 
Group13_30.txt
597 631 739 787 798 1061 1068 1124 1356 1601 1916 2591 2611 2697 2708 3318 3527 3892 3905 3940 
Group13_31.txt
720 
Group13_32.txt
587 895 944 1035 1173 1338 1399 
Group13_33.txt
248 830 1062 1080 1283 1480 1974 2021 2149 
Group13_35.txt
507 664 671 691 705 712 808 827 829 885 887 1385 
Group13_36.txt
1052 
Group13_37.txt
516 523 1026 1047 1211 
Group13_38.txt
207 329 340 493 1021 
Group13_39.txt
174 1353 1365 1745 1860 1916 1934 1947 1959 1982 
Group13_41.txt
1198 
Group13_42.txt
137 449 454 487 1254 1375 
Group13_43.txt
106 498 568 780 801 880 1655 
Group13_44.txt
430 446 492 596 611 651 676 758 760 813 821 855 897 963 1079 1260 2049 2115 2521 2544 2639 2723 2770 2804 2866 2877 3014 3121 3224 3245 3390 3461 3545 3830 
Group13_45.txt
315 659 786 809 861 958 1005 1413 1437 
Group13_46.txt
427 439 442 1843 2177 2180 2300 2319 
Group13_47.txt
953 1291 1376 1447 1581 1585 
Group13_48.txt
106 172 216 603 614 808 1069 1457 1558 1696 2383 
Group13_49.txt
826 830 1405 1419 1740 2070 2132 2167 
Group13_50.txt
709 1276 1383 
Group14_03.txt
82 132 215 253 337 387 410 
Group14_04.txt
425 
Group14_05.txt
63 538 
Group14_06.txt
95 
Group14_07.txt
327 343 465 
Group14_08.txt
49 271 
Group14_09.txt
17 230 261 428 
Group14_10.txt
386 409 
Group14_11.txt
419 421 
Group14_12.txt
457 
Group14_15.txt
68 340 
Group14_16.txt
86 121 511 
Group14_17.txt
204 552 
Group14_18.txt
63 214 429 467 502 538 
Group14_19.txt
657 735 
Group14_20.txt
887 
Group14_21.txt
135 
Group14_23.txt
399 
Group14_24.txt
548 588 
Group14_26.txt
206 238 291 416 781 862 
Group14_27.txt
524 668 810 812 
Group14_30.txt
323 360 
Group14_31.txt
546 903 
Group14_32.txt
23 428 473 479 
Group14_33.txt
660 905 
Group14_34.txt
89 308 428 453 635 712 
Group14_35.txt
390 618 868 1092 1254 1361 
Group14_36.txt
60 533 
Group14_37.txt
385 410 658 
Group14_38.txt
210 
Group14_39.txt
348 350 371 423 470 617 625 710 876 
Group14_40.txt
102 
Group14_41.txt
415 527 597 
Group14_42.txt
291 407 682 723 777 872 
Group14_43.txt
428 626 
Group14_44.txt
259 477 590 
Group14_45.txt
383 449 
Group14_47.txt
213 371 539 617 644 746 
Group14_48.txt
491 577 
Group14_49.txt
33 186 432 607 759 
Group14_50.txt
184 194 218 361 383 458 572 582 
