Group01_03.txt
1217 
Group01_04.txt
18 
Group01_06.txt
1150 1168 1185 
Group01_07.txt
197 
Group01_08.txt
1098 1136 1153 
Group01_09.txt
730 748 765 
Group01_19.txt
680 
Group01_20.txt
352 666 
Group01_22.txt
195 
Group01_24.txt
18 
Group01_25.txt
147 338 1039 1054 
Group01_26.txt
121 294 709 718 
Group01_27.txt
109 
Group01_28.txt
252 424 477 
Group01_30.txt
334 468 
Group01_31.txt
267 
Group01_33.txt
793 801 
Group01_35.txt
253 
Group01_42.txt
390 446 
Group01_48.txt
163 
Group01_49.txt
610 
Group01_50.txt
175 191 226 
Group02_03.txt
56 746 
Group02_04.txt
77 173 204 265 281 343 411 445 600 606 
Group02_05.txt
216 305 318 467 
Group02_06.txt
12 57 61 82 354 429 477 593 759 865 882 
Group02_08.txt
22 32 77 197 324 
Group02_09.txt
747 
Group02_11.txt
4 
Group02_12.txt
247 
Group02_13.txt
31 101 138 141 163 213 264 717 829 844 921 926 
Group02_17.txt
679 774 
Group02_18.txt
151 914 2328 
Group02_23.txt
565 1281 
Group02_24.txt
1296 
Group02_25.txt
92 106 857 1312 
Group02_26.txt
12 
Group02_27.txt
886 910 1059 1119 1350 1497 1622 
Group02_28.txt
28 104 221 731 901 1189 1225 1862 1890 2068 2082 2114 
Group02_29.txt
308 411 579 589 848 876 910 947 961 989 1329 
Group02_30.txt
240 319 408 759 770 1005 1351 1387 2054 2704 2782 3002 3265 3327 3450 3860 3905 
Group02_32.txt
280 362 573 590 644 769 1092 1229 1259 1463 1767 
Group02_33.txt
841 973 1180 1279 1686 1835 2317 2337 2351 2615 2738 3009 3035 3085 
Group02_35.txt
123 198 216 278 
Group02_36.txt
478 775 
Group02_38.txt
1215 1227 
Group02_40.txt
435 
Group02_43.txt
158 194 285 531 837 987 1222 1250 1279 1383 1414 1499 1551 1635 
Group02_44.txt
12 20 34 252 281 290 353 406 415 431 522 580 594 598 652 662 742 819 1054 1097 1395 1407 1482 1526 
Group02_47.txt
66 562 941 1053 1078 
Group02_48.txt
1544 2025 2039 2114 2149 2208 2261 2765 
Group02_49.txt
2320 2490 4319 
Group03_03.txt
256 448 600 707 847 1122 1285 
Group03_04.txt
411 414 446 527 583 586 1054 1126 1150 
Group03_05.txt
258 
Group03_06.txt
2739 2742 
Group03_07.txt
1480 
Group03_09.txt
181 
Group03_10.txt
156 533 547 
Group03_11.txt
810 819 829 
Group03_12.txt
25 315 533 948 1076 1098 1147 1163 1396 
Group03_14.txt
1012 
Group03_19.txt
147 887 
Group03_24.txt
300 1425 
Group03_25.txt
760 
Group03_26.txt
788 
Group03_27.txt
1419 1459 
Group03_29.txt
200 210 1124 2093 2121 2163 
Group03_32.txt
1472 1509 
Group03_34.txt
422 922 1470 1476 2234 2254 2280 2305 2335 2489 
Group03_36.txt
592 
Group03_42.txt
181 191 1121 
Group03_47.txt
630 
Group03_50.txt
1274 
Group04_03.txt
123 159 393 412 435 
Group04_06.txt
561 
Group04_07.txt
218 
Group04_09.txt
134 
Group04_11.txt
196 
Group04_14.txt
609 
Group04_15.txt
31 843 1055 1115 
Group04_16.txt
355 
Group04_22.txt
367 401 494 596 
Group04_25.txt
424 499 
Group04_26.txt
334 446 557 
Group04_28.txt
493 686 
Group04_30.txt
608 
Group04_32.txt
474 625 860 
Group04_33.txt
236 410 
Group04_34.txt
175 196 198 279 636 891 
Group04_36.txt
686 
Group04_38.txt
178 516 
Group04_39.txt
466 813 
Group04_46.txt
295 
Group05_06.txt
289 
Group05_09.txt
75 
Group05_10.txt
332 358 
Group05_14.txt
305 323 713 
Group05_19.txt
573 
Group05_20.txt
904 
Group05_21.txt
777 788 
Group05_22.txt
171 
Group05_23.txt
667 
Group05_25.txt
555 1040 
Group05_28.txt
578 
Group05_35.txt
365 509 
Group05_44.txt
1075 
Group05_45.txt
59 
Group05_49.txt
445 463 822 
Group05_50.txt
151 
Group06_02.txt
192 724 
Group06_04.txt
233 239 446 
Group06_05.txt
160 
Group06_06.txt
810 
Group06_07.txt
140 
Group06_11.txt
121 853 
Group06_12.txt
40 195 216 293 335 348 
Group06_13.txt
44 103 
Group06_14.txt
112 277 336 
Group06_15.txt
830 
Group06_16.txt
428 446 885 940 
Group06_18.txt
507 
Group06_19.txt
170 173 182 193 
Group06_20.txt
307 447 
Group06_22.txt
604 611 615 
Group06_28.txt
722 
Group06_32.txt
259 
Group06_33.txt
727 842 
Group06_34.txt
355 510 
Group06_38.txt
228 250 
Group06_39.txt
276 
Group06_42.txt
101 179 
Group06_44.txt
846 
Group06_45.txt
16 24 38 56 73 81 389 
Group06_46.txt
17 116 136 707 
Group06_47.txt
176 438 
Group06_49.txt
552 
Group06_50.txt
402 454 
Group07_01.txt
221 
Group07_02.txt
32 
Group07_03.txt
741 744 788 
Group07_05.txt
766 796 
Group07_06.txt
611 738 
Group07_14.txt
290 296 
Group07_15.txt
153 454 
Group07_16.txt
152 231 341 472 490 643 
Group07_17.txt
295 
Group07_18.txt
178 216 
Group07_24.txt
180 190 394 438 
Group07_25.txt
253 
Group07_26.txt
212 222 239 
Group07_27.txt
143 
Group07_31.txt
1011 1384 1985 
Group07_33.txt
156 363 397 402 
Group07_34.txt
97 
Group07_38.txt
466 617 
Group07_40.txt
57 
Group07_42.txt
665 722 725 
Group07_43.txt
148 198 
Group07_44.txt
676 
Group07_45.txt
345 509 
Group07_46.txt
328 
Group07_48.txt
1047 
Group07_49.txt
98 140 
Group07_50.txt
665 
Group08_01.txt
134 161 177 408 678 
Group08_06.txt
559 
Group08_09.txt
441 
Group08_10.txt
233 260 276 507 777 
Group08_11.txt
149 511 536 
Group08_18.txt
292 
Group08_19.txt
684 
Group08_20.txt
858 865 
Group08_21.txt
496 
Group08_24.txt
216 
Group08_29.txt
1061 1325 
Group08_30.txt
1598 1634 1640 
Group08_31.txt
28 36 99 200 208 
Group08_41.txt
148 
Group08_43.txt
225 
Group08_49.txt
98 
Group09_01.txt
249 279 
Group09_02.txt
223 504 
Group09_03.txt
183 362 385 417 
Group09_05.txt
445 
Group09_08.txt
238 
Group09_09.txt
213 218 240 
Group09_10.txt
174 
Group09_11.txt
305 323 342 354 361 368 379 
Group09_14.txt
587 
Group09_17.txt
452 
Group09_20.txt
213 515 536 592 
Group09_22.txt
624 
Group09_26.txt
918 
Group09_27.txt
447 490 512 
Group09_29.txt
528 531 540 544 613 
Group09_31.txt
254 
Group09_32.txt
109 377 445 
Group09_38.txt
366 
Group09_39.txt
597 
Group09_40.txt
625 
Group09_41.txt
561 
Group09_45.txt
279 
Group09_47.txt
268 
Group10_03.txt
201 572 578 603 707 710 767 779 808 844 897 909 916 919 
Group10_09.txt
659 
Group10_10.txt
587 603 
Group10_11.txt
1152 
Group10_12.txt
380 
Group10_14.txt
135 
Group10_16.txt
434 706 773 
Group10_17.txt
70 135 778 980 985 
Group10_18.txt
49 
Group10_21.txt
58 187 485 
Group10_22.txt
217 
Group10_28.txt
5 107 114 
Group10_29.txt
378 660 682 
Group10_31.txt
83 117 161 185 196 230 244 249 258 264 327 345 352 381 388 432 439 445 483 561 
Group10_32.txt
186 197 209 220 467 672 
Group10_33.txt
251 1728 
Group10_34.txt
319 
Group10_37.txt
93 
Group10_38.txt
23 247 1101 
Group10_39.txt
284 290 
Group10_41.txt
195 216 
Group10_45.txt
148 
Group10_47.txt
920 972 
Group10_48.txt
230 
Group10_50.txt
349 419 506 
Group11-01.txt
304 550 823 
Group11-02.txt
62 155 182 193 315 323 445 813 957 1121 
Group11-05.txt
2362 
Group11-06.txt
376 
Group11-07.txt
356 493 502 
Group11-08.txt
329 503 
Group11-10.txt
387 560 
Group11-11.txt
488 
Group11-14.txt
718 722 1170 
Group11-16.txt
1867 3094 3194 
Group11-17.txt
54 592 
Group11-18.txt
58 657 
Group11-20.txt
410 966 
Group11-24.txt
2543 
Group11-27.txt
113 
Group11-28.txt
341 351 480 572 744 758 779 785 929 971 1034 1043 
Group11-29.txt
716 758 821 830 
Group11-30.txt
592 634 697 706 
Group11-32.txt
765 807 870 879 
Group11-35.txt
160 170 181 190 196 217 451 465 
Group11-38.txt
332 
Group11-39.txt
302 308 662 
Group11-43.txt
255 
Group11-46.txt
388 593 
Group11-47.txt
366 
Group11-48.txt
201 
Group11-49.txt
32 
Group11-50.txt
919 991 1009 
Group12_01.txt
264 386 668 674 813 910 1029 1178 1231 
Group12_04.txt
472 482 1220 2341 2569 
Group12_06.txt
252 
Group12_07.txt
932 995 1014 1021 
Group12_09.txt
312 954 1015 1021 1032 1055 1116 1132 
Group12_10.txt
276 790 797 
Group12_14.txt
942 
Group12_19.txt
181 358 718 870 879 
Group12_20.txt
610 614 
Group12_21.txt
402 
Group12_26.txt
1233 
Group12_31.txt
249 
Group12_32.txt
245 497 
Group12_33.txt
515 
Group12_37.txt
463 
Group12_39.txt
60 115 264 
Group12_41.txt
152 
Group12_49.txt
693 1366 
Group13_01.txt
537 550 
Group13_02.txt
1388 
Group13_04.txt
628 
Group13_05.txt
1314 2178 
Group13_06.txt
1047 1050 
Group13_07.txt
488 
Group13_10.txt
213 568 585 
Group13_12.txt
131 
Group13_13.txt
19 77 180 
Group13_15.txt
365 520 660 
Group13_16.txt
340 
Group13_17.txt
608 
Group13_18.txt
90 840 843 846 875 877 880 
Group13_19.txt
239 
Group13_20.txt
769 
Group13_21.txt
1133 
Group13_22.txt
856 1340 5486 7542 14512 15482 16488 16530 
Group13_23.txt
2832 
Group13_24.txt
188 192 207 474 2032 4761 5148 5607 
Group13_25.txt
1452 2084 
Group13_26.txt
995 1315 
Group13_27.txt
2680 
Group13_29.txt
5237 
Group13_32.txt
382 924 
Group13_33.txt
1002 1501 
Group13_35.txt
71 330 400 402 409 899 1101 1310 
Group13_36.txt
477 483 790 1412 
Group13_37.txt
503 
Group13_38.txt
82 897 901 1053 1328 
Group13_39.txt
2004 
Group13_40.txt
821 
Group13_41.txt
388 
Group13_45.txt
1581 
Group13_46.txt
185 366 1567 2118 
Group13_48.txt
2598 2601 2621 2635 2644 
Group13_49.txt
477 595 2086 
Group13_50.txt
663 1334 
Group14_03.txt
504 
Group14_06.txt
448 
Group14_08.txt
231 
Group14_09.txt
380 
Group14_10.txt
334 
Group14_11.txt
20 432 
Group14_12.txt
188 
Group14_13.txt
262 
Group14_22.txt
479 
Group14_23.txt
155 
Group14_26.txt
581 853 
Group14_28.txt
802 979 
Group14_30.txt
527 535 
Group14_31.txt
786 
Group14_32.txt
353 
Group14_33.txt
752 
Group14_39.txt
3 
