Group01_01.txt
352 471 
Group01_03.txt
126 147 158 218 224 345 677 1253 
Group01_05.txt
68 322 
Group01_06.txt
37 129 428 758 1017 
Group01_08.txt
218 242 307 434 495 635 791 970 
Group01_09.txt
478 502 550 
Group01_10.txt
366 812 
Group01_11.txt
47 596 916 
Group01_13.txt
4 32 
Group01_14.txt
275 
Group01_15.txt
16 
Group01_17.txt
171 
Group01_18.txt
176 
Group01_19.txt
151 
Group01_20.txt
21 92 563 
Group01_21.txt
523 
Group01_23.txt
382 
Group01_25.txt
842 
Group01_28.txt
77 
Group01_34.txt
300 
Group01_35.txt
411 
Group01_36.txt
203 
Group01_38.txt
520 
Group01_41.txt
188 208 243 
Group01_42.txt
274 482 611 622 
Group01_43.txt
225 382 426 
Group01_44.txt
29 
Group01_45.txt
134 172 296 
Group01_46.txt
505 
Group01_50.txt
300 
Group02_01.txt
534 592 
Group02_04.txt
165 476 534 
Group02_05.txt
673 725 
Group02_07.txt
238 
Group02_08.txt
444 
Group02_10.txt
853 
Group02_12.txt
496 841 1036 
Group02_13.txt
783 
Group02_16.txt
582 
Group02_18.txt
1334 2213 2236 2251 2280 2294 2304 2311 2388 2576 2599 
Group02_19.txt
497 839 1023 1565 1861 
Group02_20.txt
3183 3725 
Group02_21.txt
120 131 329 479 510 547 1411 2516 2812 
Group02_22.txt
948 1724 1738 2302 2309 
Group02_23.txt
963 
Group02_24.txt
1251 1398 
Group02_25.txt
498 945 
Group02_26.txt
122 360 
Group02_27.txt
211 
Group02_28.txt
519 
Group02_29.txt
1015 1228 
Group02_30.txt
309 711 2818 
Group02_31.txt
2796 
Group02_32.txt
332 786 
Group02_35.txt
47 
Group02_36.txt
76 362 959 
Group02_37.txt
1391 
Group02_38.txt
851 1218 1263 1372 1512 2503 2645 
Group02_39.txt
1198 
Group02_40.txt
1112 1760 2024 
Group02_41.txt
462 767 1087 1614 
Group02_42.txt
492 
Group02_43.txt
295 940 1101 1610 
Group02_44.txt
733 
Group02_45.txt
1948 
Group02_46.txt
142 1017 
Group02_47.txt
748 947 1450 
Group02_48.txt
479 1570 2119 
Group02_49.txt
92 3931 4108 
Group03_01.txt
79 
Group03_02.txt
169 539 827 
Group03_03.txt
719 761 1227 
Group03_04.txt
150 358 613 1069 1098 1709 1786 1945 2015 2071 2085 
Group03_05.txt
586 591 
Group03_07.txt
862 1018 1128 2347 2482 
Group03_08.txt
314 
Group03_09.txt
91 722 989 
Group03_10.txt
395 612 650 748 
Group03_11.txt
450 
Group03_12.txt
408 777 982 
Group03_13.txt
258 1049 1064 1464 
Group03_14.txt
286 891 977 
Group03_15.txt
5 689 701 
Group03_16.txt
755 891 
Group03_17.txt
216 557 720 
Group03_18.txt
37 891 905 
Group03_19.txt
901 
Group03_20.txt
536 831 
Group03_22.txt
154 
Group03_23.txt
505 
Group03_24.txt
93 439 514 538 1593 1948 
Group03_25.txt
127 360 422 518 
Group03_27.txt
754 1634 1718 
Group03_28.txt
376 454 776 
Group03_29.txt
623 658 1000 1109 1126 1549 2061 
Group03_31.txt
203 1053 1111 1691 2512 
Group03_32.txt
74 463 900 1301 
Group03_33.txt
107 362 
Group03_34.txt
1211 1419 1565 1710 1734 1749 2058 
Group03_35.txt
191 429 991 
Group03_36.txt
785 1331 1431 1554 
Group03_37.txt
262 322 1140 1314 
Group03_38.txt
147 484 533 1068 
Group03_39.txt
57 446 883 
Group03_40.txt
86 341 
Group03_41.txt
56 
Group03_42.txt
613 648 993 1106 1123 1570 
Group03_44.txt
22 173 197 915 
Group03_47.txt
118 180 587 
Group03_48.txt
710 859 868 925 940 
Group03_49.txt
676 900 
Group03_50.txt
1250 1366 
Group04_02.txt
145 414 
Group04_03.txt
286 
Group04_06.txt
36 242 
Group04_07.txt
239 552 882 932 1046 
Group04_08.txt
66 492 690 
Group04_09.txt
105 
Group04_10.txt
148 160 1054 
Group04_11.txt
178 453 
Group04_13.txt
1051 
Group04_14.txt
371 
Group04_15.txt
170 698 
Group04_17.txt
589 963 
Group04_18.txt
40 180 369 
Group04_21.txt
195 278 357 
Group04_22.txt
27 35 54 568 
Group04_23.txt
185 510 702 724 
Group04_24.txt
323 538 
Group04_26.txt
531 
Group04_28.txt
120 653 
Group04_30.txt
5 368 474 865 974 984 994 
Group04_31.txt
149 240 339 
Group04_32.txt
265 438 
Group04_33.txt
450 
Group04_34.txt
339 844 
Group04_36.txt
14 644 
Group04_37.txt
188 
Group04_39.txt
673 
Group04_41.txt
379 664 982 
Group04_43.txt
53 489 
Group04_44.txt
114 126 265 
Group04_45.txt
38 
Group04_46.txt
64 74 163 539 1011 
Group04_47.txt
25 
Group04_49.txt
144 325 
Group05_02.txt
532 1015 
Group05_04.txt
88 1097 
Group05_07.txt
355 450 
Group05_08.txt
314 
Group05_11.txt
334 
Group05_12.txt
16 65 
Group05_13.txt
512 
Group05_14.txt
777 934 965 
Group05_16.txt
502 
Group05_17.txt
103 157 244 
Group05_18.txt
146 
Group05_19.txt
92 
Group05_20.txt
41 223 358 
Group05_21.txt
404 
Group05_22.txt
419 580 
Group05_23.txt
502 
Group05_25.txt
37 772 792 
Group05_27.txt
299 927 1369 1403 1426 
Group05_28.txt
558 
Group05_29.txt
123 
Group05_31.txt
291 
Group05_34.txt
88 244 
Group05_35.txt
178 364 
Group05_43.txt
7 
Group05_44.txt
441 524 598 1129 
Group05_45.txt
22 190 659 
Group05_46.txt
289 
Group05_49.txt
912 943 
Group06_01.txt
464 485 
Group06_04.txt
184 220 232 238 391 543 
Group06_05.txt
341 365 515 
Group06_07.txt
194 
Group06_09.txt
221 
Group06_11.txt
566 
Group06_12.txt
546 
Group06_13.txt
620 
Group06_15.txt
850 
Group06_16.txt
276 
Group06_17.txt
390 443 670 
Group06_18.txt
113 538 
Group06_19.txt
140 
Group06_20.txt
264 300 
Group06_22.txt
187 
Group06_23.txt
174 191 
Group06_24.txt
367 528 
Group06_25.txt
177 480 
Group06_26.txt
526 
Group06_27.txt
239 428 
Group06_31.txt
390 443 670 
Group06_33.txt
282 630 
Group06_34.txt
385 
Group06_35.txt
182 
Group06_37.txt
335 
Group06_41.txt
490 
Group06_42.txt
36 127 307 387 398 
Group06_43.txt
644 
Group06_44.txt
887 
Group06_46.txt
7 585 
Group06_47.txt
98 298 558 
Group07_01.txt
791 835 
Group07_02.txt
55 388 750 794 
Group07_03.txt
645 654 1761 1840 1845 1905 2186 2210 2615 2769 
Group07_04.txt
120 130 284 566 834 841 867 1107 1187 1223 
Group07_05.txt
213 356 467 691 861 
Group07_06.txt
659 
Group07_07.txt
375 492 763 974 1051 1163 1258 1267 
Group07_08.txt
102 262 606 
Group07_11.txt
436 650 
Group07_15.txt
472 
Group07_16.txt
296 506 620 
Group07_18.txt
208 254 328 875 
Group07_19.txt
250 390 398 
Group07_20.txt
505 513 
Group07_21.txt
268 309 689 763 
Group07_22.txt
513 545 
Group07_23.txt
56 155 241 247 256 514 528 
Group07_24.txt
103 136 208 391 660 1055 1172 1569 1699 
Group07_26.txt
333 432 454 525 667 
Group07_27.txt
103 500 
Group07_29.txt
178 291 
Group07_31.txt
935 1067 1252 1364 1537 
Group07_32.txt
112 153 184 200 213 436 
Group07_33.txt
232 441 466 484 
Group07_34.txt
32 239 241 392 486 529 656 
Group07_35.txt
75 188 195 205 345 363 475 526 536 
Group07_36.txt
48 198 243 256 268 475 1420 
Group07_37.txt
151 231 238 532 752 1009 1328 1342 1455 1718 
Group07_38.txt
442 486 593 1496 1631 
Group07_39.txt
163 197 219 402 475 521 
Group07_40.txt
168 195 350 670 
Group07_41.txt
224 324 
Group07_42.txt
154 620 
Group07_43.txt
4 45 99 113 147 
Group07_44.txt
373 443 601 
Group07_45.txt
486 
Group07_46.txt
114 646 
Group07_48.txt
7 238 313 412 968 1195 
Group07_49.txt
52 333 479 792 953 2043 2650 
Group08_02.txt
368 
Group08_04.txt
238 316 416 433 497 
Group08_06.txt
218 649 
Group08_11.txt
135 755 
Group08_12.txt
863 969 
Group08_13.txt
322 373 423 
Group08_16.txt
157 
Group08_17.txt
894 
Group08_18.txt
45 74 519 
Group08_19.txt
294 536 556 593 
Group08_20.txt
269 742 780 787 853 1101 1456 
Group08_21.txt
123 
Group08_22.txt
516 519 690 
Group08_23.txt
238 316 416 433 497 
Group08_24.txt
523 598 
Group08_25.txt
509 785 
Group08_26.txt
109 
Group08_28.txt
280 
Group08_29.txt
740 
Group08_30.txt
540 548 1122 
Group08_37.txt
165 
Group08_38.txt
59 
Group08_39.txt
285 374 
Group08_40.txt
127 147 477 
Group08_43.txt
61 496 
Group08_47.txt
8 325 
Group09_01.txt
183 586 635 
Group09_02.txt
301 
Group09_03.txt
211 453 
Group09_05.txt
484 495 508 
Group09_06.txt
492 
Group09_07.txt
407 
Group09_08.txt
363 
Group09_09.txt
136 225 
Group09_11.txt
110 
Group09_12.txt
389 
Group09_14.txt
625 809 
Group09_15.txt
73 242 
Group09_19.txt
285 
Group09_20.txt
33 63 
Group09_21.txt
340 
Group09_22.txt
385 
Group09_25.txt
73 
Group09_26.txt
726 887 1287 
Group09_27.txt
269 
Group09_28.txt
172 
Group09_29.txt
227 
Group09_33.txt
133 250 
Group09_34.txt
114 156 219 300 474 
Group09_35.txt
332 740 
Group09_37.txt
56 165 275 878 925 1068 1096 1112 
Group09_40.txt
194 242 498 
Group09_41.txt
566 
Group09_42.txt
20 121 147 
Group09_43.txt
24 200 353 
Group09_44.txt
46 57 
Group09_45.txt
712 
Group09_46.txt
281 
Group09_48.txt
696 
Group09_49.txt
700 902 
Group10_01.txt
87 104 
Group10_02.txt
159 495 
Group10_04.txt
187 
Group10_06.txt
118 287 578 645 656 
Group10_07.txt
582 
Group10_08.txt
168 
Group10_09.txt
25 339 469 864 
Group10_10.txt
432 
Group10_11.txt
385 646 
Group10_12.txt
194 
Group10_13.txt
304 
Group10_14.txt
184 192 
Group10_15.txt
371 594 
Group10_16.txt
101 
Group10_17.txt
758 792 
Group10_18.txt
455 560 800 
Group10_19.txt
268 
Group10_20.txt
235 
Group10_21.txt
377 769 
Group10_22.txt
248 406 671 750 
Group10_24.txt
1099 1176 
Group10_26.txt
159 495 
Group10_27.txt
58 127 160 564 
Group10_29.txt
148 457 464 
Group10_30.txt
215 
Group10_31.txt
189 192 315 
Group10_32.txt
158 
Group10_34.txt
428 
Group10_35.txt
330 458 508 539 1199 1337 
Group10_36.txt
346 
Group10_37.txt
438 520 
Group10_38.txt
130 560 873 949 1041 1183 
Group10_39.txt
4 586 
Group10_40.txt
256 572 
Group10_42.txt
212 616 
Group10_43.txt
202 309 787 
Group10_44.txt
216 599 
Group10_45.txt
414 600 
Group10_46.txt
330 388 416 494 
Group10_47.txt
478 776 985 1007 
Group10_48.txt
321 
Group10_49.txt
15 95 
Group10_50.txt
465 
Group11-02.txt
568 757 804 
Group11-03.txt
247 360 671 
Group11-04.txt
170 314 677 790 
Group11-05.txt
2211 
Group11-06.txt
116 287 
Group11-10.txt
357 448 465 
Group11-11.txt
458 
Group11-14.txt
457 934 
Group11-15.txt
52 197 597 973 996 1087 1415 2001 2286 
Group11-16.txt
82 161 170 657 687 1062 1455 1588 1878 2237 2353 2431 
Group11-17.txt
345 363 
Group11-19.txt
521 
Group11-22.txt
87 799 953 
Group11-23.txt
612 
Group11-24.txt
178 188 198 222 393 477 526 1037 1075 1248 2489 
Group11-25.txt
93 371 625 
Group11-26.txt
192 
Group11-28.txt
360 789 820 
Group11-30.txt
173 
Group11-31.txt
102 466 
Group11-32.txt
242 
Group11-33.txt
37 544 734 879 
Group11-36.txt
188 
Group11-37.txt
323 785 
Group11-38.txt
30 61 
Group11-39.txt
433 520 
Group11-40.txt
88 201 227 250 610 
Group11-41.txt
239 
Group11-42.txt
125 550 
Group11-44.txt
127 346 
Group11-45.txt
53 277 284 329 589 736 971 1068 1161 
Group11-46.txt
269 
Group11-47.txt
173 408 591 
Group11-48.txt
420 804 
Group11-50.txt
327 673 958 
Group12_01.txt
521 
Group12_02.txt
796 1017 1050 1210 1352 1853 1904 1996 
Group12_03.txt
121 290 
Group12_04.txt
137 252 376 470 499 912 
Group12_05.txt
674 
Group12_06.txt
176 295 1245 
Group12_07.txt
183 1140 1198 
Group12_08.txt
515 
Group12_10.txt
336 535 
Group12_11.txt
387 401 588 
Group12_12.txt
387 401 588 
Group12_13.txt
590 1801 1854 
Group12_14.txt
275 317 393 547 750 
Group12_15.txt
699 
Group12_17.txt
43 146 316 442 
Group12_18.txt
14 112 480 
Group12_19.txt
180 478 717 1032 1246 1256 
Group12_21.txt
272 292 327 
Group12_22.txt
287 367 623 
Group12_24.txt
20 288 435 622 
Group12_25.txt
290 
Group12_26.txt
784 1613 
Group12_27.txt
291 300 
Group12_28.txt
143 403 
Group12_32.txt
14 222 243 
Group12_33.txt
390 
Group12_35.txt
724 
Group12_36.txt
211 251 512 
Group12_38.txt
450 
Group12_41.txt
391 448 528 760 
Group12_42.txt
903 
Group12_43.txt
181 276 399 593 851 
Group12_44.txt
256 
Group12_45.txt
349 539 
Group12_46.txt
105 494 726 
Group12_48.txt
78 355 426 446 
Group12_49.txt
68 1488 1843 2308 2460 2554 
Group12_50.txt
376 568 
Group13_02.txt
667 
Group13_03.txt
543 
Group13_04.txt
28 148 186 304 342 452 886 
Group13_06.txt
130 137 1251 1461 1831 2275 2280 2300 2781 
Group13_07.txt
67 327 
Group13_08.txt
412 1088 1251 
Group13_09.txt
456 480 754 1058 1855 
Group13_10.txt
782 
Group13_12.txt
185 387 
Group13_13.txt
81 191 252 
Group13_14.txt
134 288 
Group13_15.txt
641 
Group13_16.txt
193 
Group13_18.txt
7 139 246 451 955 
Group13_19.txt
9 
Group13_20.txt
29 571 
Group13_21.txt
534 1864 1879 
Group13_22.txt
596 873 1353 1621 1658 1993 2297 2578 3373 3453 3648 3685 3703 3726 3807 4143 4221 4652 4684 4759 4909 5658 5908 7209 7875 7941 8277 8428 8481 9030 11125 11219 11261 11300 11350 11797 11864 11965 12608 12665 14053 14375 14383 14976 15002 15106 15175 15456 16049 16198 16203 16259 16279 16417 
Group13_23.txt
1248 1749 1768 2600 3125 
Group13_24.txt
734 966 2370 2942 3862 4165 5034 
Group13_25.txt
103 442 486 753 1025 1327 1613 
Group13_26.txt
543 597 743 983 1691 2099 2211 2224 2250 2624 3047 3683 3774 3858 3882 4354 4538 6215 6617 6745 6997 7438 7745 7969 8131 8198 8586 8724 9214 9511 9547 9778 
Group13_27.txt
552 1891 2321 
Group13_28.txt
731 1771 3132 3230 3362 
Group13_29.txt
596 1552 2175 2312 2918 2927 3188 3756 4592 
Group13_30.txt
529 1236 1263 1296 1474 1875 2008 2080 2635 3629 3873 3932 4107 
Group13_32.txt
514 543 557 
Group13_33.txt
25 245 827 1287 1521 1539 1783 1819 1892 1932 1942 2062 
Group13_35.txt
971 996 
Group13_36.txt
889 984 1248 1444 
Group13_37.txt
303 355 419 640 814 874 
Group13_38.txt
89 758 
Group13_39.txt
229 616 1212 1609 1759 
Group13_40.txt
198 282 685 804 
Group13_41.txt
250 
Group13_42.txt
233 390 1166 1244 
Group13_43.txt
595 917 1280 1369 1525 
Group13_44.txt
280 355 373 388 500 522 1043 1537 1831 1847 2228 3375 
Group13_45.txt
270 394 1401 
Group13_46.txt
886 1957 2051 2433 
Group13_47.txt
58 552 1218 
Group13_48.txt
316 
Group13_49.txt
1760 1795 
Group14_01.txt
418 
Group14_02.txt
201 
Group14_03.txt
161 242 
Group14_04.txt
145 
Group14_07.txt
411 428 
Group14_10.txt
27 
Group14_15.txt
92 332 481 
Group14_17.txt
255 
Group14_18.txt
127 160 
Group14_20.txt
44 77 268 
Group14_23.txt
401 
Group14_26.txt
407 523 585 759 
Group14_27.txt
318 
Group14_28.txt
103 497 
Group14_30.txt
297 583 
Group14_31.txt
645 666 
Group14_33.txt
164 762 
Group14_34.txt
601 
Group14_35.txt
170 204 399 609 636 651 992 1315 1691 
Group14_36.txt
588 
Group14_37.txt
747 
Group14_38.txt
286 338 635 
Group14_39.txt
488 873 900 941 
Group14_40.txt
116 160 329 972 
Group14_41.txt
77 380 394 429 584 
Group14_42.txt
353 859 908 
Group14_43.txt
61 213 589 
Group14_44.txt
246 352 
Group14_45.txt
271 307 
Group14_46.txt
534 558 
Group14_48.txt
151 217 484 658 
Group14_49.txt
133 219 632 
Group14_50.txt
600 
