Group02_14.txt
936 
Group02_24.txt
1515 
Group02_25.txt
1140 1187 1242 1316 
Group02_33.txt
853 951 1048 1131 1215 2943 3136 3185 
Group02_35.txt
783 
Group02_36.txt
653 666 673 694 710 761 850 1038 1047 1057 1067 1091 1109 1115 1131 1141 1166 1194 1225 1240 1260 1268 1276 1281 1308 1336 1345 1348 1441 1444 1470 
Group02_40.txt
654 
Group02_42.txt
207 208 220 222 642 644 647 649 666 667 694 695 698 700 758 759 764 766 768 770 773 
Group02_46.txt
1736 1954 2017 2039 
Group02_49.txt
2190 2194 2331 2347 2361 2364 
Group03_24.txt
854 
Group04_13.txt
131 
Group07_11.txt
221 
Group07_27.txt
424 
Group10_08.txt
587 
Group12_41.txt
41 148 179 318 
Group12_42.txt
258 583 
Group13_22.txt
3435 
Group13_42.txt
411 
Group13_46.txt
79 1748 
Group14_18.txt
290 
