Group03_18.txt
473 
Group03_33.txt
195 
Group03_40.txt
174 
Group04_13.txt
51 117 474 516 570 581 600 653 716 800 809 1045 1093 
Group04_25.txt
294 
Group05_14.txt
968 
Group05_44.txt
816 
Group05_45.txt
132 355 
Group05_47.txt
0 38 
Group05_49.txt
946 
Group06_23.txt
12 29 260 327 
Group07_05.txt
15 96 
Group07_06.txt
522 
Group07_24.txt
697 
Group07_30.txt
0 169 171 178 
Group07_39.txt
381 
Group07_42.txt
440 
Group07_49.txt
1921 
Group08_28.txt
283 
Group11-20.txt
1290 
Group11-28.txt
81 629 804 
Group11-30.txt
186 
Group11-47.txt
787 
Group12_31.txt
148 219 
Group12_38.txt
576 694 
Group12_49.txt
1944 
Group13_14.txt
164 
Group13_15.txt
77 314 323 441 488 503 582 603 
Group13_16.txt
9 40 119 
Group13_17.txt
127 654 
Group13_18.txt
10 35 77 119 175 261 514 633 706 725 778 799 
Group13_22.txt
5650 
Group13_23.txt
1163 
Group13_26.txt
3701 
Group13_29.txt
4 103 173 377 871 1413 1425 1823 2105 2260 2395 2415 2931 3067 3243 3654 3819 3979 4835 4862 
Group13_50.txt
921 938 
Group14_09.txt
8 415 
