Group01_05.txt
369 
Group01_44.txt
3 24 97 150 158 182 246 
Group01_46.txt
21 41 
Group03_02.txt
274 
Group03_14.txt
704 943 
Group03_15.txt
276 
Group03_23.txt
390 
Group04_07.txt
1085 
Group04_12.txt
233 
Group04_21.txt
864 
Group07_04.txt
1177 
Group07_30.txt
102 
Group07_49.txt
419 614 1665 1946 
Group08_18.txt
396 666 678 714 
Group08_22.txt
674 789 
Group08_29.txt
435 
Group08_33.txt
235 242 
Group09_10.txt
401 
Group09_11.txt
469 
Group09_12.txt
120 
Group09_19.txt
316 332 334 367 403 419 424 
Group09_42.txt
286 358 383 
Group10_49.txt
1 49 361 516 714 
Group11-02.txt
1240 
Group11-05.txt
7 65 119 475 584 1013 1026 1400 1418 1567 1643 1899 2381 
Group11-09.txt
215 
Group11-11.txt
16 
Group11-19.txt
397 
Group11-21.txt
97 
Group12_02.txt
1253 1283 1892 
Group12_04.txt
13 130 184 277 332 340 437 1030 1280 1673 1838 2022 2113 2248 2267 2421 2470 2502 
Group12_05.txt
47 52 122 190 534 571 637 
Group12_06.txt
20 214 459 597 944 
Group12_07.txt
3 82 156 391 427 574 1390 
Group12_08.txt
6 85 155 190 206 520 566 
Group12_09.txt
189 230 
Group12_36.txt
338 351 451 
Group13_22.txt
4334 4348 13266 
Group13_26.txt
2858 3198 3205 
Group13_29.txt
2094 
Group13_36.txt
778 
Group14_13.txt
88 280 311 352 480 520 
Group14_30.txt
90 167 
