Group01_23.txt
247 
Group01_25.txt
113 
Group01_32.txt
919 
Group01_44.txt
346 381 
Group02_10.txt
66 
Group02_18.txt
798 804 830 899 1008 1064 1120 1241 1250 1260 
Group02_20.txt
554 3686 
Group02_21.txt
2196 
Group02_22.txt
283 833 2812 
Group02_27.txt
73 243 1499 
Group02_28.txt
246 1578 1701 
Group02_29.txt
14 21 36 146 749 1090 1146 1173 
Group02_31.txt
1527 1538 1556 1569 1951 1966 1975 2010 2043 2083 2118 2142 2168 2476 2487 2501 2812 2818 2824 2839 2870 2885 
Group02_35.txt
572 778 782 818 839 856 872 
Group02_38.txt
972 1027 1041 1045 1582 2325 
Group02_44.txt
137 925 
Group02_45.txt
1080 1159 1735 1745 
Group02_46.txt
1467 
Group02_49.txt
3 28 120 524 540 563 567 588 599 615 618 631 636 656 689 887 907 920 944 982 1041 1055 1095 1138 1232 1259 1285 1313 1324 1330 1334 1349 1354 1362 1381 1384 1409 1442 1464 1764 1770 1867 2090 2158 2230 2419 2539 2562 2597 2606 2619 2734 2747 2769 2848 2877 2899 3033 3068 3125 3135 3143 3151 3160 3171 3275 3287 3389 3511 3598 3629 3881 3928 3978 4021 4105 4150 4229 4244 4289 
Group02_50.txt
1460 1545 1561 1612 1721 
Group03_29.txt
22 
Group03_31.txt
4 
Group05_02.txt
94 
Group05_15.txt
237 
Group05_35.txt
396 
Group05_40.txt
278 
Group05_50.txt
270 
Group06_05.txt
85 
Group06_14.txt
7 
Group06_22.txt
566 590 
Group06_23.txt
349 
Group06_43.txt
436 
Group07_30.txt
578 
Group07_41.txt
625 
Group07_44.txt
790 
Group07_47.txt
157 
Group08_24.txt
275 328 
Group09_04.txt
540 
Group09_25.txt
171 415 
Group09_39.txt
275 
Group10_04.txt
293 
Group10_09.txt
313 521 
Group10_11.txt
622 659 706 
Group10_34.txt
552 
Group11-22.txt
162 
Group13_04.txt
249 
Group13_08.txt
967 
Group13_22.txt
11148 
Group13_23.txt
2671 
Group14_33.txt
27 
Group14_35.txt
1419 1522 
Group14_36.txt
541 
Group14_37.txt
334 
Group14_42.txt
861 
Group14_50.txt
161 
