Group02_01.txt
170 189 257 387 457 496 511 532 578 
Group02_12.txt
94 1029 
Group03_02.txt
424 484 544 552 632 658 666 
Group03_37.txt
2176 
Group04_28.txt
415 
Group04_29.txt
239 
Group04_33.txt
67 199 225 234 257 282 505 526 
Group04_35.txt
437 
Group04_37.txt
415 
Group04_49.txt
319 508 
Group04_50.txt
391 
Group05_02.txt
948 
Group06_06.txt
123 794 
Group06_07.txt
343 
Group08_01.txt
735 
Group08_10.txt
834 
Group08_25.txt
104 149 177 424 447 579 622 692 874 895 943 966 1018 1134 1165 1183 
Group10_05.txt
292 353 662 722 864 
Group13_11.txt
449 
Group13_12.txt
530 
Group13_22.txt
10522 
