Group01_03.txt
634 848 
Group01_30.txt
672 681 
Group02_16.txt
104 116 403 411 
Group02_19.txt
1556 
Group02_20.txt
3143 
Group02_21.txt
150 251 395 809 
Group02_22.txt
835 
Group02_33.txt
2781 
Group02_34.txt
15 54 747 752 763 772 789 800 811 831 849 1182 1195 1241 1289 1293 1313 1322 1366 1419 
Group02_41.txt
976 
Group02_44.txt
286 1521 1609 
Group02_46.txt
2534 
Group02_48.txt
27 31 69 108 268 546 906 1538 1553 1766 2193 2204 2481 
Group03_09.txt
438 475 626 
Group03_46.txt
2 349 
Group03_50.txt
546 
Group04_15.txt
1192 1211 
Group04_19.txt
258 398 476 
Group04_27.txt
454 872 
Group04_34.txt
565 
Group06_11.txt
568 
Group06_15.txt
413 
Group06_16.txt
540 
Group06_43.txt
213 
Group10_25.txt
276 
Group12_39.txt
357 433 702 
Group13_22.txt
1457 2289 
Group13_27.txt
2035 2165 
Group14_44.txt
549 
