Group01_25.txt
19 
Group03_15.txt
511 
Group04_25.txt
657 
Group05_02.txt
206 426 
Group05_13.txt
135 
Group05_16.txt
58 110 529 1003 
Group05_33.txt
65 149 
Group06_21.txt
172 467 
Group07_12.txt
1088 
Group07_19.txt
183 
Group07_49.txt
1886 
Group08_02.txt
541 
Group08_12.txt
627 
Group08_30.txt
558 
Group09_09.txt
445 
Group09_40.txt
764 
Group10_22.txt
347 535 
Group10_41.txt
625 
Group11-01.txt
758 
Group11-16.txt
3043 
Group11-33.txt
955 
Group11-38.txt
196 
Group12_02.txt
462 1710 
Group12_34.txt
530 
Group12_49.txt
1104 
Group13_04.txt
383 450 
Group13_21.txt
44 
Group13_22.txt
779 9833 10921 11026 11038 
Group13_23.txt
1021 
Group13_24.txt
15 80 132 584 645 779 1081 1153 1474 1501 1560 1594 1658 1756 2015 2106 2168 2349 2493 3072 3225 3240 3497 3547 3703 3892 3996 4048 4076 4129 4187 4206 4230 4248 4288 4312 4340 4380 4594 4605 4652 4659 4663 4714 4865 5069 5133 5153 5273 5337 5420 5456 
Group13_40.txt
135 
Group13_49.txt
70 
Group14_22.txt
50 
