Group01_25.txt
757 767 981 
Group03_30.txt
157 1297 
Group03_31.txt
253 623 672 692 
Group03_37.txt
634 1789 1797 
Group04_43.txt
449 475 633 769 
Group08_16.txt
1089 1702 
Group08_48.txt
358 390 
Group10_06.txt
74 103 141 202 421 495 
Group10_24.txt
6 40 475 701 831 921 959 967 1227 
Group10_42.txt
158 453 533 
Group11-26.txt
339 
Group11-33.txt
566 
Group11-38.txt
741 
Group12_24.txt
348 
Group13_22.txt
6742 7483 7516 9043 12133 
Group13_30.txt
249 693 796 938 1158 2908 3316 
Group13_33.txt
1023 
