Group01_04.txt
390 
Group01_07.txt
432 483 
Group01_10.txt
318 542 553 830 
Group01_11.txt
165 712 731 765 801 810 846 
Group01_14.txt
376 561 
Group01_16.txt
87 124 
Group01_19.txt
129 621 639 690 758 
Group01_20.txt
322 331 358 
Group01_21.txt
145 
Group01_22.txt
261 
Group01_23.txt
589 
Group01_24.txt
383 
Group01_25.txt
379 489 511 1019 
Group01_28.txt
131 226 246 491 
Group01_29.txt
135 184 583 
Group01_32.txt
164 366 800 950 1025 1130 1215 1227 
Group01_33.txt
113 
Group01_35.txt
1078 
Group01_38.txt
144 
Group01_42.txt
131 423 499 534 
Group01_43.txt
11 117 190 192 223 259 268 391 393 
Group01_44.txt
177 198 251 355 444 
Group01_45.txt
427 
Group01_47.txt
28 115 138 178 248 399 406 
Group01_48.txt
236 251 253 490 
Group02_01.txt
93 238 313 447 
Group02_02.txt
28 175 
Group02_03.txt
77 
Group02_04.txt
9 43 170 594 
Group02_05.txt
456 
Group02_10.txt
18 1061 
Group02_11.txt
138 208 398 788 
Group02_12.txt
115 
Group02_13.txt
38 87 
Group02_18.txt
198 447 3040 
Group02_20.txt
354 374 2091 2104 2134 2139 2188 2197 2212 2230 2260 
Group02_22.txt
2621 
Group02_27.txt
1343 
Group02_35.txt
30 
Group02_38.txt
860 
Group02_39.txt
35 158 182 
Group02_40.txt
265 
Group02_43.txt
729 818 957 1008 1092 1104 1290 1346 
Group02_45.txt
26 
Group03_02.txt
464 565 796 
Group03_03.txt
1299 
Group03_04.txt
872 1408 1445 
Group03_05.txt
79 190 598 958 
Group03_06.txt
577 2535 
Group03_07.txt
516 
Group03_08.txt
4 42 93 117 450 598 613 815 855 
Group03_09.txt
284 735 1082 
Group03_10.txt
1004 
Group03_11.txt
4 231 319 420 536 884 911 
Group03_12.txt
46 210 238 510 699 961 986 1060 1183 1304 
Group03_13.txt
340 435 449 456 545 
Group03_14.txt
64 
Group03_16.txt
459 
Group03_17.txt
38 121 878 
Group03_22.txt
880 
Group03_23.txt
566 587 671 
Group03_24.txt
445 525 964 1799 
Group03_26.txt
380 542 1335 
Group03_27.txt
317 728 1010 1485 
Group03_28.txt
749 
Group03_29.txt
186 553 
Group03_30.txt
12 682 1374 
Group03_31.txt
333 525 1018 1796 2215 2355 2490 2621 2827 2927 
Group03_32.txt
740 1445 
Group03_33.txt
136 713 823 
Group03_34.txt
462 784 1104 1194 1669 1722 2020 2165 2836 
Group03_35.txt
391 430 629 671 692 803 862 1174 1219 
Group03_36.txt
1548 
Group03_37.txt
133 502 544 629 731 879 1078 1147 1846 2031 
Group03_38.txt
109 894 
Group03_39.txt
723 
Group03_40.txt
115 692 802 
Group03_41.txt
324 
Group03_42.txt
167 537 
Group03_43.txt
318 
Group03_44.txt
729 1261 
Group03_45.txt
76 89 125 226 405 437 445 450 479 
Group03_46.txt
250 
Group03_47.txt
55 73 536 619 659 736 1016 1027 
Group03_48.txt
17 132 226 295 362 383 413 431 589 622 636 844 910 
Group03_49.txt
77 94 213 772 
Group03_50.txt
53 150 398 470 513 717 846 1309 1426 
Group04_01.txt
696 741 913 
Group04_02.txt
34 210 410 513 588 
Group04_05.txt
270 
Group04_07.txt
73 566 
Group04_08.txt
473 
Group04_09.txt
262 372 444 584 
Group04_10.txt
338 553 
Group04_11.txt
387 
Group04_12.txt
27 128 416 
Group04_14.txt
406 423 
Group04_15.txt
668 936 
Group04_16.txt
137 144 
Group04_18.txt
362 530 
Group04_19.txt
28 
Group04_20.txt
20 
Group04_21.txt
581 
Group04_22.txt
299 303 344 352 431 433 
Group04_23.txt
30 51 406 427 501 507 
Group04_24.txt
184 
Group04_28.txt
271 
Group04_29.txt
8 29 77 142 310 464 531 
Group04_30.txt
701 783 1029 
Group04_31.txt
30 144 399 
Group04_32.txt
411 685 
Group04_33.txt
147 315 378 402 425 442 456 704 724 
Group04_34.txt
11 28 56 80 109 122 234 473 504 598 642 661 691 810 821 924 942 
Group04_35.txt
68 212 342 373 396 406 520 
Group04_36.txt
167 379 403 668 
Group04_37.txt
2 20 120 177 205 263 344 382 440 478 
Group04_38.txt
191 315 385 
Group04_39.txt
5 232 405 501 817 
Group04_40.txt
248 252 269 
Group04_42.txt
141 
Group04_43.txt
117 143 469 639 
Group04_45.txt
56 133 342 
Group04_46.txt
477 491 
Group04_48.txt
31 150 244 
Group04_49.txt
15 78 247 264 316 343 421 480 504 545 584 597 
Group04_50.txt
555 606 
Group05_01.txt
193 
Group05_02.txt
375 599 1059 1130 
Group05_03.txt
314 
Group05_07.txt
235 
Group05_08.txt
60 
Group05_09.txt
441 756 881 
Group05_14.txt
421 
Group05_16.txt
214 285 535 563 572 609 729 808 928 
Group05_17.txt
81 199 
Group05_19.txt
36 77 397 416 
Group05_20.txt
433 634 670 
Group05_23.txt
362 791 1071 1309 
Group05_24.txt
535 
Group05_25.txt
76 
Group05_26.txt
57 111 333 498 713 
Group05_27.txt
150 1462 
Group05_28.txt
511 
Group05_34.txt
142 
Group05_37.txt
109 
Group05_39.txt
310 
Group05_45.txt
247 283 759 804 1014 1041 1101 
Group05_49.txt
283 501 
Group06_01.txt
108 
Group06_03.txt
20 184 197 239 735 739 
Group06_04.txt
110 121 296 
Group06_08.txt
38 84 494 495 502 
Group06_12.txt
135 
Group06_19.txt
161 624 756 
Group06_20.txt
606 
Group06_21.txt
16 323 354 362 423 739 774 
Group06_22.txt
32 43 243 331 345 395 416 438 465 505 
Group06_23.txt
159 241 589 658 790 
Group06_24.txt
189 
Group06_25.txt
263 
Group06_44.txt
141 154 198 737 
Group06_46.txt
480 
Group06_50.txt
79 217 240 
Group07_01.txt
401 861 
Group07_02.txt
832 
Group07_03.txt
74 120 206 955 1031 
Group07_04.txt
250 320 887 1031 1263 
Group07_05.txt
485 510 523 
Group07_07.txt
603 1093 1201 1253 1398 
Group07_09.txt
646 654 
Group07_10.txt
251 277 350 608 
Group07_11.txt
134 185 
Group07_13.txt
286 
Group07_14.txt
556 
Group07_15.txt
310 324 416 435 468 493 
Group07_16.txt
300 351 365 
Group07_17.txt
541 
Group07_18.txt
227 597 1302 
Group07_20.txt
75 147 221 248 443 500 
Group07_21.txt
403 445 
Group07_22.txt
371 
Group07_25.txt
32 
Group07_30.txt
450 939 
Group07_31.txt
77 111 724 815 1398 1448 1519 1561 1616 1721 1784 1943 1963 
Group07_34.txt
77 
Group07_36.txt
197 978 
Group07_37.txt
777 780 
Group07_38.txt
1007 
Group07_39.txt
590 632 
Group07_40.txt
176 426 451 786 
Group07_41.txt
448 
Group07_44.txt
166 347 354 375 440 682 807 
Group07_45.txt
449 
Group07_47.txt
486 
Group07_48.txt
326 428 634 679 724 831 
Group07_49.txt
473 2162 2722 
Group07_50.txt
622 653 
Group08_01.txt
100 546 627 
Group08_02.txt
595 617 
Group08_05.txt
8 44 
Group08_06.txt
15 78 500 506 535 570 853 1022 1085 
Group08_07.txt
215 372 417 437 
Group08_10.txt
39 79 199 645 726 
Group08_11.txt
406 650 750 831 
Group08_12.txt
269 492 505 814 848 1061 
Group08_13.txt
511 903 1068 1088 
Group08_16.txt
978 1109 1173 
Group08_20.txt
291 736 1082 1393 
Group08_21.txt
551 
Group08_24.txt
153 241 390 711 
Group08_25.txt
266 
Group08_27.txt
73 226 
Group08_28.txt
51 462 
Group08_35.txt
61 
Group08_39.txt
291 299 
Group08_40.txt
416 
Group08_41.txt
58 
Group08_43.txt
655 
Group08_45.txt
83 333 
Group08_47.txt
479 
Group09_04.txt
225 
Group09_09.txt
791 
Group09_12.txt
103 
Group09_15.txt
71 
Group09_16.txt
49 
Group09_17.txt
15 166 300 332 
Group09_18.txt
106 430 502 
Group09_22.txt
420 437 
Group09_28.txt
322 531 
Group09_35.txt
737 
Group09_37.txt
1020 
Group09_39.txt
374 
Group09_42.txt
181 299 311 364 390 
Group09_43.txt
199 394 
Group09_44.txt
377 
Group09_45.txt
246 
Group09_47.txt
61 69 85 
Group09_48.txt
228 758 
Group10_03.txt
146 482 562 
Group10_06.txt
366 374 
Group10_07.txt
23 488 
Group10_08.txt
187 239 303 325 
Group10_09.txt
213 821 846 989 
Group10_13.txt
197 241 256 258 424 442 544 
Group10_15.txt
609 
Group10_17.txt
315 
Group10_18.txt
343 
Group10_19.txt
39 557 
Group10_21.txt
330 
Group10_23.txt
414 
Group10_24.txt
164 242 789 1036 
Group10_28.txt
78 85 96 194 247 430 459 488 878 1000 1035 
Group10_29.txt
590 791 862 888 
Group10_30.txt
22 67 147 217 269 416 418 
Group10_31.txt
594 632 
Group10_32.txt
287 
Group10_35.txt
1241 1666 
Group10_36.txt
403 
Group10_37.txt
316 
Group10_38.txt
721 
Group10_39.txt
941 
Group10_40.txt
12 86 374 434 591 677 
Group10_41.txt
454 592 599 
Group10_42.txt
626 
Group10_43.txt
610 
Group10_45.txt
255 349 
Group10_46.txt
214 259 311 
Group10_47.txt
21 54 125 260 1050 
Group10_48.txt
78 121 333 409 425 437 616 
Group10_49.txt
221 550 599 628 
Group10_50.txt
269 
Group11-03.txt
103 449 477 643 713 
Group11-04.txt
174 287 294 305 489 856 896 
Group11-05.txt
829 1191 1230 1263 1709 1843 1904 2101 2164 
Group11-06.txt
177 
Group11-12.txt
360 
Group11-14.txt
303 413 983 
Group11-15.txt
592 870 1926 1974 
Group11-16.txt
1430 1925 2215 2271 2428 2433 2732 
Group11-18.txt
171 
Group11-19.txt
161 666 686 
Group11-20.txt
255 379 400 614 616 628 878 898 916 964 977 997 1133 1255 1260 
Group11-22.txt
540 
Group11-23.txt
506 539 
Group11-24.txt
720 730 740 1880 2070 2078 2218 2309 2599 
Group11-25.txt
570 577 
Group11-28.txt
897 
Group11-29.txt
684 
Group11-30.txt
560 
Group11-32.txt
733 
Group11-36.txt
392 
Group11-37.txt
193 207 
Group11-38.txt
758 
Group11-39.txt
47 
Group11-40.txt
374 406 412 594 620 
Group11-45.txt
623 1226 1308 1317 
Group11-46.txt
38 873 1460 1513 
Group12_01.txt
1259 
Group12_02.txt
230 798 1410 1525 1535 2071 2079 
Group12_04.txt
59 950 1394 1652 1741 1770 1799 1984 2276 2706 2735 2764 
Group12_05.txt
131 285 513 
Group12_06.txt
709 823 1118 
Group12_07.txt
113 212 225 478 511 
Group12_08.txt
591 605 
Group12_09.txt
142 158 181 206 290 
Group12_11.txt
479 
Group12_12.txt
479 887 
Group12_13.txt
534 580 602 1254 1307 1832 1898 1910 
Group12_17.txt
403 
Group12_19.txt
343 428 572 774 1039 1124 1211 1334 
Group12_20.txt
535 
Group12_26.txt
938 
Group12_27.txt
342 
Group12_28.txt
225 249 317 375 546 
Group12_30.txt
164 318 527 
Group12_34.txt
70 548 
Group12_35.txt
74 258 299 332 420 483 513 586 751 
Group12_41.txt
12 103 199 432 438 617 634 639 664 701 
Group12_42.txt
1185 1221 
Group12_43.txt
25 161 331 604 699 742 
Group12_49.txt
1 456 2410 2575 
Group13_02.txt
13 24 1158 1162 1226 1587 1737 1746 1815 1957 
Group13_03.txt
3 25 74 85 107 127 661 
Group13_04.txt
270 329 518 839 
Group13_05.txt
654 720 874 1421 1574 
Group13_06.txt
602 696 852 893 907 939 1319 1469 1515 1522 1571 1878 1923 1928 2105 2722 2762 
Group13_07.txt
181 458 
Group13_09.txt
472 1123 1324 1760 
Group13_10.txt
547 
Group13_11.txt
17 134 167 212 223 266 280 291 370 442 461 547 572 
Group13_12.txt
14 141 159 189 236 262 299 411 449 459 495 659 730 748 766 
Group13_20.txt
274 523 
Group13_21.txt
128 412 1223 1474 1484 1611 1768 1827 1926 2082 
Group13_22.txt
531 834 1780 1811 1876 2329 2669 3788 3868 4781 5285 6696 6970 7863 8533 10285 10355 10891 11174 11500 11508 11586 13683 13778 13794 15602 15743 15981 16032 16463 16505 
Group13_23.txt
794 820 1075 1277 1353 2092 2382 2517 2520 3062 3124 3620 
Group13_24.txt
481 1454 2068 2373 4239 4257 4638 
Group13_25.txt
679 684 1717 1927 
Group13_26.txt
169 542 2392 2923 3046 3773 3881 4600 5312 5349 6107 7086 
Group13_27.txt
1316 
Group13_28.txt
310 1127 2058 3292 
Group13_29.txt
13 99 659 1391 1446 3192 
Group13_30.txt
8 27 287 358 576 589 611 655 707 720 730 904 1049 1105 1183 1188 1305 1413 1469 1559 1576 1750 1775 2108 2515 2632 2641 2693 3301 3327 
Group13_31.txt
658 669 689 740 
Group13_32.txt
426 1013 1112 1279 1295 
Group13_33.txt
459 862 1093 1334 
Group13_35.txt
27 1333 
Group13_36.txt
256 542 593 1169 1221 1292 1323 1355 1395 1409 
Group13_37.txt
1654 
Group13_39.txt
1379 1807 
Group13_40.txt
27 183 641 901 
Group13_41.txt
542 1292 
Group13_44.txt
1052 1809 2117 2395 3082 3095 3436 3629 3641 
Group13_45.txt
107 173 450 722 1668 
Group13_46.txt
490 692 1558 2371 2437 
Group13_47.txt
902 1039 1220 1290 1326 1587 1605 
Group13_48.txt
179 1173 1947 2417 
Group13_49.txt
156 216 289 532 725 
Group13_50.txt
1025 1365 
Group14_02.txt
339 
Group14_04.txt
89 104 112 496 
Group14_05.txt
30 
Group14_06.txt
35 523 538 
Group14_09.txt
494 
Group14_12.txt
378 430 
Group14_13.txt
260 
Group14_16.txt
255 
Group14_19.txt
231 650 
Group14_20.txt
326 448 609 696 
Group14_23.txt
111 
Group14_25.txt
135 290 
Group14_28.txt
201 480 532 
Group14_30.txt
350 572 
Group14_31.txt
849 893 
Group14_32.txt
312 323 
Group14_33.txt
1041 
Group14_35.txt
375 547 
Group14_42.txt
373 
Group14_44.txt
96 695 
Group14_48.txt
640 667 
Group14_49.txt
145 243 288 318 340 436 603 736 
