Group01_25.txt
199 238 278 287 292 831 878 912 919 952 
Group01_26.txt
367 787 
Group01_35.txt
242 
Group01_40.txt
91 109 128 496 687 
Group01_45.txt
302 313 
Group02_02.txt
481 
Group02_10.txt
511 
Group02_17.txt
472 525 534 
Group03_03.txt
397 
Group03_04.txt
405 421 576 593 627 732 930 1009 1028 1894 2035 2057 
Group03_06.txt
173 2303 
Group03_08.txt
375 
Group03_10.txt
76 
Group03_13.txt
491 513 
Group03_16.txt
110 134 
Group03_28.txt
325 
Group03_30.txt
1195 
Group03_32.txt
50 356 
Group03_39.txt
33 339 
Group04_01.txt
708 774 
Group04_04.txt
170 
Group04_05.txt
465 
Group04_09.txt
280 303 308 
Group04_14.txt
645 
Group04_23.txt
368 
Group04_26.txt
46 136 203 213 217 226 234 248 255 547 550 553 754 
Group04_28.txt
326 330 350 565 
Group04_29.txt
220 329 349 376 
Group04_31.txt
189 271 289 300 311 446 455 460 529 532 
Group04_32.txt
94 394 518 751 
Group04_33.txt
52 231 415 433 548 
Group04_34.txt
639 649 
Group04_37.txt
261 277 286 294 306 314 323 332 
Group04_38.txt
83 141 156 455 524 525 543 551 564 573 583 594 
Group04_43.txt
233 260 396 462 545 773 
Group04_44.txt
105 140 155 182 350 357 393 537 583 600 624 640 648 
Group04_45.txt
83 248 254 260 263 269 273 279 285 289 294 298 304 309 312 318 322 392 
Group04_46.txt
673 684 
Group04_47.txt
78 432 666 
Group04_48.txt
53 58 137 271 300 328 349 365 384 
Group04_49.txt
595 
Group05_02.txt
1062 1085 
Group05_03.txt
174 
Group05_04.txt
247 
Group05_05.txt
467 
Group05_06.txt
669 
Group05_07.txt
259 320 462 
Group05_08.txt
332 347 
Group05_09.txt
479 
Group05_10.txt
303 381 396 
Group05_13.txt
94 104 121 131 291 783 1137 1181 1196 1228 
Group05_14.txt
104 155 165 453 492 
Group05_15.txt
33 48 51 76 79 137 353 358 429 432 
Group05_16.txt
791 840 
Group05_18.txt
220 287 382 402 466 
Group05_19.txt
746 761 
Group05_20.txt
310 316 403 412 
Group05_24.txt
48 146 156 273 335 345 372 381 395 
Group05_25.txt
892 
Group05_26.txt
418 542 547 773 859 
Group05_27.txt
802 846 920 936 951 
Group05_28.txt
131 245 279 
Group05_30.txt
448 627 900 
Group05_36.txt
191 198 214 220 
Group05_41.txt
287 
Group05_44.txt
200 416 
Group05_48.txt
437 456 
Group05_49.txt
309 533 572 
Group05_50.txt
49 52 77 80 98 192 386 391 469 472 
Group06_02.txt
372 
Group06_03.txt
23 73 
Group06_04.txt
155 
Group06_10.txt
641 
Group06_14.txt
22 26 
Group06_22.txt
52 
Group06_24.txt
97 104 209 286 
Group06_32.txt
711 749 
Group07_01.txt
211 256 
Group07_03.txt
1667 1670 
Group07_24.txt
1757 
Group07_36.txt
1090 
Group07_39.txt
142 
Group07_49.txt
242 
Group08_01.txt
188 
Group08_04.txt
5 338 511 
Group08_05.txt
292 
Group08_10.txt
287 
Group08_12.txt
521 944 
Group08_14.txt
292 307 
Group08_16.txt
226 480 592 606 615 661 759 764 769 779 782 792 795 832 840 851 865 1073 1083 1092 1101 1305 1308 1316 1319 1397 1439 1643 1695 1698 1748 1765 
Group08_17.txt
601 
Group08_23.txt
5 338 511 
Group08_24.txt
832 1012 
Group08_25.txt
279 850 853 860 863 903 
Group08_28.txt
94 97 163 183 208 234 336 353 373 376 483 503 568 571 587 609 614 636 639 649 652 660 665 672 692 707 717 741 
Group08_30.txt
973 976 
Group08_31.txt
385 851 
Group08_34.txt
480 489 
Group08_35.txt
234 
Group08_36.txt
138 268 274 293 
Group08_37.txt
211 219 
Group08_38.txt
230 299 311 
Group08_40.txt
423 
Group08_41.txt
212 
Group08_46.txt
107 187 251 275 291 
Group08_47.txt
375 383 391 395 429 
Group08_48.txt
134 161 184 191 305 316 342 374 383 395 
Group08_49.txt
167 177 
Group08_50.txt
267 313 384 
Group09_02.txt
427 444 
Group09_07.txt
18 
Group09_21.txt
133 
Group09_22.txt
660 
Group09_27.txt
352 
Group09_33.txt
293 
Group09_44.txt
365 
Group09_45.txt
48 
Group10_01.txt
640 
Group10_12.txt
142 
Group10_24.txt
877 949 1077 1225 
