Group02_08.txt
4 20 178 245 333 378 409 441 536 554 618 
Group02_15.txt
105 194 
Group03_01.txt
55 90 439 486 
Group03_03.txt
252 292 321 357 416 760 1003 
Group03_19.txt
150 500 
Group04_17.txt
28 
Group06_17.txt
125 295 756 
Group06_31.txt
125 295 756 
Group09_01.txt
78 410 
Group09_02.txt
21 130 184 245 247 276 434 454 495 
Group09_03.txt
312 
Group09_10.txt
192 
Group09_27.txt
138 155 179 312 402 409 454 503 
Group09_40.txt
48 
Group13_13.txt
6 17 44 74 115 162 189 270 
Group14_15.txt
86 
Group14_39.txt
795 856 
