Group02_23.txt
665 
Group02_30.txt
474 
Group02_46.txt
55 1749 
Group03_16.txt
533 
Group03_25.txt
536 
Group03_29.txt
112 334 558 598 652 665 979 1081 1107 1185 1519 1655 1771 
Group03_42.txt
93 318 542 580 588 642 655 972 1078 1104 1203 1540 1681 
Group05_45.txt
194 276 618 997 
Group06_11.txt
276 
Group06_46.txt
490 
Group07_04.txt
379 488 
Group07_25.txt
221 
Group09_01.txt
189 207 402 
Group09_31.txt
17 
Group10_36.txt
735 
Group12_01.txt
506 1105 
Group12_24.txt
253 
Group12_42.txt
708 1091 
Group13_09.txt
1812 
Group13_22.txt
3969 6025 7738 9716 
Group13_31.txt
487 
Group13_48.txt
2299 
Group14_42.txt
361 
