Group01_21.txt
491 
Group01_36.txt
475 
Group01_38.txt
488 
Group03_13.txt
209 
Group03_26.txt
855 
Group03_49.txt
836 
Group04_07.txt
124 305 310 361 378 388 415 424 1130 
Group04_08.txt
708 
Group04_11.txt
373 411 433 445 479 509 
Group04_12.txt
54 276 279 523 549 566 574 608 
Group05_21.txt
242 
Group06_03.txt
377 
Group06_21.txt
569 619 658 
Group06_23.txt
266 496 
Group07_03.txt
2376 2450 2586 2607 
Group07_04.txt
188 
Group07_08.txt
132 181 
Group08_02.txt
12 61 94 125 356 387 487 495 
Group08_19.txt
328 553 689 
Group08_22.txt
188 250 361 697 
Group08_26.txt
12 90 135 153 
Group08_29.txt
446 457 707 
Group08_32.txt
18 51 
Group08_40.txt
187 291 494 
Group08_42.txt
62 196 
Group08_43.txt
93 
Group09_08.txt
12 102 135 177 330 500 
Group09_11.txt
218 231 
Group10_06.txt
457 
Group10_40.txt
78 
Group10_47.txt
827 
Group10_48.txt
3 26 86 262 461 480 
Group10_49.txt
92 163 240 261 463 548 573 638 
Group11-03.txt
71 
Group11-04.txt
833 886 
Group11-14.txt
252 
Group11-19.txt
249 
Group11-33.txt
266 273 
Group12_02.txt
506 1767 1786 1833 1966 
Group12_04.txt
267 372 855 908 1441 1451 1489 1642 1998 2045 2064 2101 2103 2145 2173 2370 2383 
Group12_06.txt
449 
Group12_07.txt
141 780 1066 
Group12_08.txt
442 532 
Group12_09.txt
99 168 409 626 
Group12_14.txt
708 
Group12_16.txt
423 
Group12_17.txt
494 
Group12_18.txt
523 
Group12_20.txt
0 33 76 118 143 279 309 348 505 
Group12_25.txt
246 418 
Group12_33.txt
395 479 484 
Group12_35.txt
46 
Group12_41.txt
145 563 580 
Group12_43.txt
660 766 
Group12_49.txt
348 795 815 923 958 1070 1219 1378 1418 1963 2020 2547 2630 
Group13_02.txt
1525 1565 1593 1606 1894 
Group13_21.txt
429 1479 1620 
Group13_22.txt
54 233 280 330 420 593 627 1087 1211 1836 1999 2155 2362 2369 2672 2692 3825 3991 4096 4141 4228 5051 7635 9088 9917 10099 10362 10388 10468 10473 10767 11408 11555 11577 13365 13520 13538 13734 14436 14531 14593 14929 14952 15321 15354 15557 16322 16382 16539 
Group13_24.txt
1441 2894 3194 
Group13_25.txt
402 1150 1275 
Group13_26.txt
8206 8337 9421 10093 
Group13_27.txt
1190 3201 
Group13_28.txt
12 108 276 388 420 539 591 666 694 711 729 749 785 863 910 915 947 1006 1030 1090 1098 1120 1163 1180 1194 1246 1353 1385 1640 1709 1760 1787 1808 1816 1859 1874 2125 2286 2331 2378 2379 2386 2492 2585 2617 2635 2679 2750 2783 2817 2831 2859 2963 3143 3348 
Group13_29.txt
5 85 654 1179 1432 2915 3399 3807 4181 4405 4598 
Group13_30.txt
1994 2124 2482 
Group13_42.txt
636 
Group13_44.txt
3522 3535 
Group13_46.txt
822 1333 1498 
Group13_48.txt
1288 1433 1585 1706 1853 1893 1899 1963 
Group13_50.txt
553 
Group14_49.txt
216 457 
