Group01_29.txt
429 
Group02_28.txt
142 343 1339 1359 1461 1493 1616 1752 
Group02_29.txt
333 
Group03_08.txt
274 
Group03_17.txt
18 103 332 484 549 
Group03_19.txt
439 
Group03_29.txt
1871 
Group04_25.txt
655 
Group04_30.txt
403 
Group05_27.txt
1246 
Group07_33.txt
508 
Group07_36.txt
661 
Group07_37.txt
4 347 495 739 982 1460 1643 1723 
Group10_21.txt
406 
Group11-14.txt
1107 
Group11-15.txt
537 1061 2276 
Group11-16.txt
592 2026 3107 
Group11-22.txt
137 566 
Group11-23.txt
174 286 382 
Group11-24.txt
1592 2001 2144 2173 
Group12_03.txt
57 178 1303 1436 
Group13_02.txt
198 
Group13_22.txt
5661 
Group13_32.txt
218 254 264 316 610 775 
Group13_46.txt
1726 1925 2195 
Group14_30.txt
690 
Group14_41.txt
542 
