Group01_09.txt
261 
Group01_35.txt
443 479 530 591 893 911 914 1131 
Group01_39.txt
390 
Group01_48.txt
467 
Group03_06.txt
937 
Group03_13.txt
978 
Group03_30.txt
860 
Group03_32.txt
948 993 1116 
Group05_04.txt
141 162 301 406 
Group05_08.txt
16 52 
Group05_10.txt
296 
Group05_18.txt
142 665 700 
Group05_27.txt
98 405 554 574 726 776 1317 1428 
Group05_30.txt
432 
Group05_35.txt
330 374 421 
Group05_36.txt
14 44 131 223 
Group05_40.txt
461 
Group05_43.txt
589 
Group05_47.txt
52 
Group07_04.txt
997 
Group08_16.txt
6 15 41 199 230 251 265 281 300 310 319 364 409 461 503 555 583 667 683 754 773 844 1182 1234 1276 1301 1464 1546 1636 1732 1740 1762 
Group08_17.txt
745 1103 
Group08_29.txt
1399 
Group08_46.txt
2 23 66 92 153 241 263 271 300 
Group08_50.txt
166 478 514 591 
Group10_01.txt
575 
Group10_16.txt
869 908 
Group10_19.txt
156 
Group10_24.txt
989 
Group11-02.txt
1092 
Group11-13.txt
130 467 
Group11-32.txt
75 453 617 
Group11-37.txt
398 657 
Group12_37.txt
331 
Group13_20.txt
812 
Group13_22.txt
4596 
Group13_26.txt
2648 
Group14_12.txt
117 
Group14_13.txt
477 
