Group01_12.txt
44 50 203 326 483 500 583 600 697 
Group01_23.txt
103 564 
Group02_08.txt
205 
Group02_13.txt
446 
Group02_23.txt
163 185 190 206 344 426 432 449 487 508 515 527 
Group02_36.txt
25 66 656 713 763 801 995 1040 1085 1133 1209 1284 1316 1376 1446 1473 1504 1551 1643 1690 1719 
Group02_42.txt
0 6 58 135 153 167 196 205 213 402 521 552 556 640 801 
Group02_48.txt
510 
Group04_01.txt
81 
Group04_02.txt
111 
Group04_06.txt
340 
Group05_09.txt
601 
Group05_14.txt
843 
Group05_40.txt
87 
Group05_49.txt
890 
Group06_20.txt
673 
Group06_24.txt
134 349 
Group07_21.txt
320 
Group07_44.txt
756 
Group08_13.txt
1003 
Group08_24.txt
318 
Group08_31.txt
213 522 
Group09_36.txt
514 
Group10_01.txt
550 
Group10_07.txt
443 455 
Group10_11.txt
1096 
Group10_39.txt
789 
Group10_40.txt
665 
Group10_48.txt
579 
Group10_49.txt
293 357 
Group11-21.txt
138 
Group11-22.txt
439 
Group11-28.txt
57 382 
Group12_01.txt
1058 1228 
Group12_04.txt
156 797 872 1469 1877 
Group12_06.txt
164 443 656 
Group12_24.txt
189 297 
Group12_25.txt
70 262 300 396 
Group13_22.txt
1146 
Group13_26.txt
2325 2988 
Group13_29.txt
298 732 4997 
Group13_31.txt
623 
