Group01_06.txt
145 
Group01_48.txt
328 
Group02_02.txt
459 
Group02_03.txt
855 
Group02_06.txt
294 
Group02_10.txt
921 
Group02_11.txt
767 
Group02_12.txt
66 
Group02_18.txt
861 1269 1292 1350 1441 2358 2432 2442 2467 2580 2915 3047 3100 3120 
Group02_19.txt
198 490 639 1001 1700 1751 1833 
Group02_20.txt
9 32 73 89 115 145 283 336 462 478 538 662 958 967 1221 1249 1335 1455 1528 1540 1715 1990 2046 2579 2599 2680 3424 3476 3842 4154 4185 
Group02_21.txt
109 145 178 188 200 673 735 820 1273 1697 1894 1943 2710 
Group02_22.txt
787 797 844 1114 1442 1780 2462 2477 2630 3295 3305 3764 
Group02_23.txt
20 41 642 1488 1602 1652 
Group02_24.txt
14 36 53 81 99 710 1150 
Group02_25.txt
20 48 62 
Group02_26.txt
6 352 814 825 
Group02_27.txt
135 217 261 1183 1612 
Group02_28.txt
231 1255 
Group02_29.txt
700 1005 
Group02_30.txt
1710 1791 3670 3683 4259 4263 4314 4421 
Group02_31.txt
12 29 49 1242 1582 1613 1669 1856 1882 2209 2240 2887 
Group02_32.txt
879 895 2231 2451 
Group02_33.txt
373 527 1872 2571 3307 
Group02_34.txt
70 
Group02_36.txt
634 
Group02_37.txt
107 182 209 273 1064 1096 1112 1469 
Group02_38.txt
1101 1108 3357 
Group02_39.txt
867 
Group02_40.txt
624 1250 1387 2152 
Group02_41.txt
433 1358 
Group02_42.txt
36 53 
Group02_43.txt
23 485 519 1558 
Group02_44.txt
1121 1533 1688 
Group02_45.txt
1950 
Group02_46.txt
1294 2304 2545 2549 2563 
Group02_47.txt
467 700 1181 
Group02_48.txt
1155 1425 2601 
Group02_50.txt
1929 
Group03_06.txt
285 1544 1922 
Group03_09.txt
960 972 
Group03_28.txt
10 
Group03_31.txt
747 2244 
Group03_32.txt
825 
Group03_34.txt
898 983 
Group03_38.txt
299 
Group03_39.txt
808 
Group03_44.txt
661 
Group04_15.txt
819 
Group04_16.txt
224 
Group04_38.txt
112 
Group05_15.txt
91 
Group05_16.txt
125 
Group05_18.txt
495 
Group05_44.txt
391 
Group05_50.txt
105 
Group06_03.txt
77 229 258 443 
Group06_10.txt
171 
Group06_22.txt
473 
Group06_23.txt
545 
Group06_24.txt
288 
Group06_28.txt
10 58 193 223 408 517 620 716 750 
Group06_41.txt
410 517 583 
Group06_44.txt
592 
Group06_46.txt
125 
Group06_47.txt
610 
Group07_01.txt
316 
Group07_23.txt
360 
Group07_36.txt
1128 
Group07_48.txt
655 
Group09_15.txt
70 512 
Group09_18.txt
556 
Group09_34.txt
203 
Group10_03.txt
323 
Group10_25.txt
260 
Group10_28.txt
83 
Group10_30.txt
473 
Group10_32.txt
236 
Group10_33.txt
547 1317 
Group11-01.txt
800 
Group11-15.txt
1862 
Group11-33.txt
244 
Group11-46.txt
299 
Group12_02.txt
1572 1687 
Group12_08.txt
224 305 430 
Group12_11.txt
289 544 
Group12_12.txt
289 544 
Group13_06.txt
959 
Group13_15.txt
129 
Group13_20.txt
193 
Group13_22.txt
4964 
Group13_23.txt
2086 2376 
Group13_25.txt
1822 
Group13_26.txt
5040 6318 
Group13_28.txt
2814 
Group13_32.txt
821 
Group13_33.txt
1452 2039 
Group13_36.txt
1399 
Group14_15.txt
169 
Group14_37.txt
914 
Group14_39.txt
106 240 315 926 
