Group01_03.txt
518 
Group01_06.txt
452 
Group01_07.txt
520 
Group01_09.txt
349 
Group01_10.txt
643 
Group01_11.txt
721 
Group01_19.txt
20 28 
Group01_26.txt
378 436 
Group01_31.txt
201 
Group01_32.txt
40 
Group01_41.txt
25 143 
Group02_03.txt
477 
Group02_18.txt
155 180 275 971 1106 1121 1309 1341 1357 1363 1407 2082 2132 2138 2145 2162 2317 2329 2451 2476 2507 2590 2596 2678 2787 3057 3067 3093 
Group02_19.txt
5 75 91 105 132 139 150 159 210 421 428 437 451 509 511 519 546 571 1072 1079 1104 1116 1223 1371 1461 1605 1649 1676 1760 1777 1864 
Group02_20.txt
46 255 438 627 861 941 975 1018 1101 1191 1369 1413 1445 1508 1592 1622 1662 1758 1768 1836 1860 2013 2087 2198 2249 2448 2485 2615 2638 2691 2758 2828 2917 2929 3032 3148 3157 3228 3245 3255 3322 3383 3561 3566 3907 4064 4178 
Group02_21.txt
6 216 229 238 280 300 326 332 354 358 373 387 406 458 551 588 617 859 920 950 959 975 1051 1235 1362 1376 1453 1483 1560 1660 1710 1929 2149 2166 2185 2845 2849 2879 
Group02_22.txt
6 115 169 185 191 228 274 347 426 460 464 504 550 703 878 956 1202 1217 1239 1251 1265 1314 1477 1494 1524 1562 1666 1677 1810 1935 1996 2082 2094 2137 2148 2224 2241 2264 2490 2500 2522 2530 2544 2556 2586 2698 2720 2735 2984 3009 3380 3399 3723 
Group02_23.txt
1289 
Group02_24.txt
404 
Group02_26.txt
290 553 
Group02_27.txt
41 50 62 119 139 177 186 194 205 227 252 280 440 444 480 926 
Group02_28.txt
219 241 260 425 437 442 481 577 725 818 921 1017 1755 1787 1807 1824 1918 2022 2123 
Group02_29.txt
28 598 818 831 1224 1254 1261 
Group02_30.txt
27 29 60 236 405 778 1137 1140 1326 1449 1687 1739 1750 2033 2151 2427 2434 2450 3164 3604 3688 3725 3846 4146 4286 4289 4358 4364 4379 4406 
Group02_31.txt
128 285 957 1511 1614 1659 1903 2006 2026 2051 2097 2255 2389 2434 2447 2537 2905 2979 2991 
Group02_32.txt
213 253 1318 2315 2341 2416 2493 
Group02_33.txt
336 394 667 689 715 1077 1826 1894 2025 2042 2518 2579 
Group02_35.txt
1 53 73 83 146 163 234 240 243 251 263 279 289 300 313 442 582 705 712 938 972 
Group02_36.txt
16 57 84 
Group02_37.txt
135 553 589 591 609 637 693 1299 1530 
Group02_38.txt
16 38 745 775 909 967 1626 1863 1878 2371 2521 3344 3581 3600 
Group02_39.txt
129 
Group02_40.txt
589 673 722 1204 1298 1355 1360 1377 1412 1840 
Group02_41.txt
1629 
Group02_42.txt
360 443 654 780 
Group02_43.txt
33 405 415 432 582 621 635 
Group02_44.txt
752 841 856 1620 
Group02_45.txt
935 1003 
Group02_46.txt
496 918 1183 1683 1849 1929 1951 2011 2255 2314 
Group02_47.txt
711 758 939 1414 
Group02_48.txt
14 37 47 163 310 1022 1126 1178 1506 1545 2672 2702 2903 
Group02_49.txt
14 153 300 711 755 
Group02_50.txt
31 99 104 252 267 373 554 909 1236 1266 1370 1780 1782 1813 1835 
Group03_04.txt
367 377 1523 1583 1859 
Group03_14.txt
269 
Group03_16.txt
237 
Group03_24.txt
864 
Group03_27.txt
1828 
Group03_35.txt
155 1039 
Group03_36.txt
854 
Group03_48.txt
939 
Group03_50.txt
1025 
Group04_06.txt
431 
Group04_21.txt
609 
Group04_46.txt
452 469 
Group05_31.txt
303 
Group05_44.txt
708 
Group05_45.txt
225 
Group06_10.txt
34 
Group06_11.txt
772 
Group06_13.txt
70 
Group06_16.txt
170 860 
Group06_22.txt
462 
Group06_28.txt
74 123 243 264 488 678 
Group06_41.txt
471 
Group06_43.txt
335 
Group06_45.txt
633 
Group06_46.txt
92 
Group06_47.txt
203 218 
Group07_18.txt
702 
Group07_25.txt
559 
Group07_27.txt
258 
Group07_29.txt
169 
Group07_44.txt
459 
Group07_48.txt
380 508 
Group08_11.txt
646 
Group08_16.txt
1162 
Group08_34.txt
268 
Group09_37.txt
398 1151 1161 
Group09_40.txt
345 404 
Group09_43.txt
586 
Group10_05.txt
563 
Group10_08.txt
437 
Group10_16.txt
855 
Group10_31.txt
635 
Group10_33.txt
852 900 1102 
Group10_46.txt
14 
Group10_50.txt
451 
Group11-05.txt
224 
Group11-08.txt
219 
Group11-12.txt
188 359 
Group11-13.txt
118 
Group11-28.txt
850 
Group11-33.txt
924 
Group11-35.txt
295 315 
Group11-38.txt
391 
Group11-39.txt
424 
Group11-40.txt
368 
Group11-45.txt
517 1255 
Group12_05.txt
677 
Group12_07.txt
1124 1143 1152 1157 1161 
Group12_28.txt
544 
Group12_32.txt
501 
Group13_06.txt
333 993 1769 
Group13_09.txt
935 
Group13_10.txt
42 129 
Group13_12.txt
778 
Group13_20.txt
13 
Group13_21.txt
1847 
Group13_25.txt
2341 
Group13_26.txt
8164 
Group13_27.txt
2874 
Group13_30.txt
406 
Group13_41.txt
1515 
Group13_47.txt
876 
Group13_48.txt
1101 
Group13_49.txt
1508 
Group14_30.txt
456 
Group14_39.txt
665 
