Group01_05.txt
361 
Group01_34.txt
2 109 131 561 577 622 683 
Group03_05.txt
651 
Group04_02.txt
21 64 126 502 569 
Group04_05.txt
584 625 
Group04_10.txt
250 294 377 393 595 799 842 847 
Group04_22.txt
341 346 348 350 357 385 403 
Group05_05.txt
21 60 224 304 317 403 491 
Group05_25.txt
211 1116 
Group06_01.txt
201 235 379 382 491 
Group06_21.txt
50 115 
Group07_50.txt
255 
Group08_06.txt
684 
Group08_09.txt
760 
Group08_13.txt
333 
Group09_09.txt
963 
Group09_11.txt
608 
Group09_28.txt
213 
Group10_14.txt
351 
Group10_20.txt
264 
Group10_22.txt
232 260 
Group10_39.txt
106 620 
Group11-05.txt
602 1839 1890 
Group11-50.txt
756 
Group12_06.txt
1161 
Group12_49.txt
966 
Group13_08.txt
8 1080 1249 
Group13_24.txt
20 553 956 4145 4669 4720 5473 
Group13_26.txt
1483 4768 5833 5856 8905 9717 9965 
Group13_27.txt
39 145 204 265 1519 1887 2138 2206 2665 2669 3311 3414 
Group13_39.txt
761 
Group13_42.txt
231 597 819 1010 
Group13_46.txt
17 789 879 1098 1423 
Group13_47.txt
1302 
Group13_48.txt
2117 
Group14_20.txt
54 
