Group01_10.txt
174 
Group01_25.txt
841 
Group02_23.txt
257 
Group02_33.txt
1858 2400 2824 3116 
Group02_35.txt
862 876 890 
Group02_38.txt
787 1652 1711 1786 2666 2744 2763 2768 2782 2797 2874 
Group02_39.txt
911 945 958 
Group02_42.txt
307 321 504 
Group02_45.txt
269 317 582 668 883 1430 1465 1738 
Group02_46.txt
719 
Group02_50.txt
1293 1342 1475 1485 1525 1535 1566 1638 1648 
Group03_12.txt
1016 
Group03_22.txt
262 
Group06_35.txt
242 278 
Group07_36.txt
1359 
Group09_38.txt
325 
Group10_41.txt
149 201 
Group11-16.txt
1953 
Group11-23.txt
700 
Group12_07.txt
182 
Group12_40.txt
28 157 306 
Group13_23.txt
2083 2373 
Group13_24.txt
412 
Group13_33.txt
391 694 
Group13_40.txt
443 
Group13_48.txt
1213 1222 2349 2474 
Group14_28.txt
334 796 1008 
Group14_32.txt
153 586 
