Group01_36.txt
74 
Group02_10.txt
376 
Group03_11.txt
968 
Group03_36.txt
1667 
Group03_49.txt
435 
Group04_04.txt
159 177 225 
Group04_06.txt
619 662 
Group05_45.txt
649 
Group08_03.txt
44 193 479 
Group08_13.txt
472 747 772 1013 1041 
Group08_28.txt
554 
Group10_10.txt
49 194 440 500 591 655 671 702 927 
Group11-24.txt
654 1607 
Group11-29.txt
303 308 324 358 647 
Group12_03.txt
469 
Group13_01.txt
188 308 386 396 408 482 520 580 650 733 741 
Group13_22.txt
245 382 412 478 609 727 764 918 957 1049 1099 1166 1300 1329 1417 1437 1552 1644 1706 1791 1844 2035 2134 2292 2439 2468 2498 2567 2763 2788 2796 2856 2917 2935 2964 3609 4258 4522 4553 4610 4711 4808 4854 5064 5202 5235 5321 5355 6258 6458 6789 6857 7430 7441 7477 7604 7935 8012 8689 8953 9124 9451 9592 9617 9812 10329 10382 11024 11178 11526 11565 11876 11978 12047 12232 12525 12734 12997 13305 13459 13805 13951 15416 16546 
Group13_26.txt
1825 
Group13_36.txt
801 
Group13_43.txt
379 
Group14_20.txt
818 
Group14_21.txt
119 
Group14_22.txt
68 159 518 
Group14_25.txt
505 
