Group03_36.txt
782 850 857 871 
Group04_04.txt
7 11 
Group04_06.txt
669 679 732 
Group06_04.txt
572 689 
Group08_03.txt
86 124 217 489 525 
Group08_07.txt
428 
Group08_13.txt
283 368 489 1079 
Group08_28.txt
155 626 
Group10_10.txt
2 19 74 89 132 576 623 635 750 760 768 814 908 923 983 
Group11-13.txt
449 
Group11-17.txt
688 
Group11-24.txt
690 
Group11-29.txt
11 44 139 
Group11-42.txt
47 
Group11-48.txt
8 109 371 808 
Group12_42.txt
282 332 341 1377 
Group13_01.txt
23 83 164 294 641 699 762 
Group13_02.txt
1760 
Group13_22.txt
1 49 327 370 698 1113 1232 1360 1484 1578 1670 1735 1966 2270 2598 3574 4176 4464 4579 4774 4973 6532 6892 6963 7110 7137 7266 8566 8911 9233 9297 9322 9719 10139 10194 11438 11496 11504 11912 12063 12168 12438 12464 12489 12630 12717 12947 13062 14066 
Group13_24.txt
278 338 407 415 487 1079 1306 
Group13_26.txt
2020 6951 
Group13_31.txt
642 680 
Group13_46.txt
1703 
Group14_21.txt
154 258 364 372 484 
Group14_22.txt
2 22 104 144 230 260 279 342 377 384 421 482 
Group14_25.txt
41 155 427 
