Group01_01.txt
167 
Group01_02.txt
157 
Group01_22.txt
325 
Group01_25.txt
612 628 
Group01_35.txt
488 
Group01_42.txt
620 
Group01_43.txt
384 
Group01_45.txt
224 450 
Group02_03.txt
239 241 
Group02_11.txt
943 
Group02_12.txt
75 121 318 381 430 
Group02_13.txt
35 745 894 906 986 
Group02_14.txt
925 
Group02_15.txt
200 301 466 536 
Group02_16.txt
25 401 765 
Group02_17.txt
356 429 668 771 
Group02_18.txt
2522 
Group02_20.txt
2776 2788 2819 2825 2838 
Group02_26.txt
760 794 798 800 
Group02_30.txt
1583 1936 2008 2547 2721 2766 2770 2785 2787 2789 2791 2804 2899 2967 3006 
Group02_31.txt
185 197 228 434 1067 1082 1133 1155 1192 
Group02_32.txt
2402 2420 
Group02_33.txt
767 777 784 790 798 
Group02_34.txt
347 
Group02_36.txt
1121 1123 
Group02_37.txt
350 378 495 530 
Group02_38.txt
3255 3261 
Group02_40.txt
660 745 1473 
Group02_41.txt
187 369 
Group02_44.txt
229 465 506 516 
Group02_47.txt
582 625 638 640 652 
Group02_48.txt
200 232 238 419 431 644 659 676 680 684 689 693 697 702 709 
Group02_49.txt
203 262 572 1315 1386 2162 2177 2202 2240 2241 2267 2277 2281 2296 2301 2771 2775 2783 2791 2793 2805 
Group02_50.txt
288 289 290 
Group03_03.txt
101 
Group03_04.txt
859 1002 1031 
Group03_06.txt
694 1020 
Group03_09.txt
384 
Group03_12.txt
858 
Group03_13.txt
937 
Group03_14.txt
1121 
Group03_17.txt
130 396 
Group03_18.txt
1104 1106 
Group03_19.txt
255 
Group03_20.txt
291 293 
Group03_21.txt
148 353 510 783 1190 1268 1443 1545 1547 1575 1582 
Group03_22.txt
55 
Group03_23.txt
176 443 674 
Group03_25.txt
276 
Group03_27.txt
264 1498 
Group03_28.txt
40 310 698 
Group03_32.txt
977 1023 
Group03_33.txt
14 97 166 413 1038 1313 1315 
Group03_34.txt
2749 
Group03_35.txt
135 
Group03_40.txt
76 145 392 1017 
Group03_44.txt
449 
Group03_47.txt
106 231 639 
Group03_49.txt
752 
Group04_10.txt
95 
Group04_17.txt
939 
Group04_22.txt
66 
Group04_25.txt
549 695 697 
Group04_30.txt
908 910 
Group04_32.txt
91 104 391 
Group04_41.txt
221 236 264 317 
Group05_15.txt
276 322 
Group05_20.txt
643 
Group05_25.txt
485 
Group05_32.txt
801 
Group05_44.txt
169 640 
Group05_46.txt
315 
Group05_50.txt
309 355 
Group06_13.txt
187 189 
Group07_10.txt
435 
Group07_19.txt
196 856 
Group07_22.txt
333 
Group07_26.txt
67 
Group07_49.txt
1518 
Group08_04.txt
672 
Group08_05.txt
132 215 228 231 405 429 
Group08_14.txt
186 578 581 615 618 
Group08_18.txt
399 
Group08_21.txt
252 
Group08_23.txt
673 
Group08_33.txt
7 175 
Group08_38.txt
260 
Group09_09.txt
159 
Group09_10.txt
316 
Group09_12.txt
116 
Group09_13.txt
507 
Group09_14.txt
456 
Group09_17.txt
235 
Group09_18.txt
242 244 
Group09_26.txt
705 
Group09_34.txt
334 
Group09_37.txt
121 
Group09_39.txt
214 
Group09_44.txt
181 
Group09_49.txt
837 
Group09_50.txt
566 
Group10_01.txt
483 
Group10_08.txt
491 
Group10_09.txt
188 228 230 
Group10_11.txt
183 
Group10_16.txt
623 
Group10_17.txt
336 
Group10_21.txt
752 
Group10_22.txt
15 694 
Group10_29.txt
600 
Group10_33.txt
659 
Group10_37.txt
712 
Group10_38.txt
612 
Group10_39.txt
869 
Group11-03.txt
58 
Group11-04.txt
554 870 
Group11-05.txt
1407 
Group11-12.txt
425 
Group11-14.txt
512 
Group11-17.txt
525 
Group11-24.txt
1327 1330 1375 2047 
Group11-47.txt
635 
Group12_02.txt
1122 
Group12_14.txt
193 
Group12_19.txt
1171 
Group12_42.txt
1374 
Group12_45.txt
40 
Group13_01.txt
26 116 122 149 237 269 511 609 667 725 754 763 
Group13_02.txt
30 407 540 733 938 968 1112 1150 1609 1898 1963 2105 2117 2328 
Group13_04.txt
538 543 752 
Group13_05.txt
314 495 561 742 927 1366 1394 1692 1865 2074 
Group13_06.txt
209 248 263 279 285 340 383 453 457 464 480 732 835 848 873 912 915 958 1022 1037 1043 1054 1106 1120 1147 1164 1378 1423 1457 1545 1713 1766 1833 2115 2370 2381 2446 2606 
Group13_07.txt
218 238 260 
Group13_08.txt
50 457 970 995 1004 
Group13_09.txt
147 193 219 292 564 694 753 877 1011 1138 1169 1300 1474 1566 1644 1650 1655 1714 1749 1756 1767 
Group13_10.txt
9 18 40 68 82 103 226 262 309 372 404 429 439 539 570 628 754 875 
Group13_21.txt
168 757 
Group13_22.txt
5025 10982 
Group13_26.txt
830 8376 
Group13_30.txt
400 2723 
Group13_40.txt
760 
Group13_41.txt
193 1011 
Group13_43.txt
89 
Group13_44.txt
1589 1600 1962 
Group13_45.txt
921 959 1006 
Group13_46.txt
1279 1406 1458 1460 1709 2000 2395 
Group13_47.txt
229 366 
Group13_48.txt
670 732 
Group13_49.txt
615 
Group13_50.txt
102 104 210 1080 1210 1320 
Group14_04.txt
74 
Group14_09.txt
92 
Group14_12.txt
108 119 121 476 537 
Group14_16.txt
375 
Group14_17.txt
418 
Group14_24.txt
147 171 309 
Group14_34.txt
21 155 
Group14_37.txt
298 
Group14_38.txt
181 
Group14_42.txt
195 249 698 
Group14_45.txt
97 
Group14_46.txt
629 683 
Group14_47.txt
716 
Group14_49.txt
662 
