Group01_01.txt
344 368 438 503 622 
Group01_02.txt
235 249 347 
Group01_04.txt
49 103 141 158 209 
Group01_05.txt
240 293 295 338 
Group01_06.txt
900 
Group01_11.txt
162 191 241 342 604 701 798 866 896 983 
Group01_12.txt
299 
Group01_16.txt
127 209 244 383 
Group01_17.txt
201 224 244 329 
Group01_19.txt
300 
Group01_20.txt
247 350 534 659 
Group01_22.txt
54 371 415 
Group01_24.txt
49 103 141 158 209 
Group01_26.txt
495 720 
Group01_27.txt
275 354 
Group01_28.txt
22 110 147 236 
Group01_29.txt
437 574 639 642 762 
Group01_30.txt
620 
Group01_31.txt
255 
Group01_32.txt
584 713 743 824 856 880 913 955 998 1076 1152 1190 1222 
Group01_33.txt
144 205 260 782 
Group01_34.txt
601 671 
Group01_35.txt
110 632 876 946 1004 1031 1086 1121 1151 1161 1303 
Group01_36.txt
177 353 384 428 482 552 
Group01_37.txt
334 
Group01_39.txt
446 
Group01_40.txt
96 244 422 581 623 674 696 736 776 
Group01_41.txt
326 
Group01_44.txt
197 331 417 
Group01_45.txt
387 573 
Group01_47.txt
447 
Group01_49.txt
155 492 
Group01_50.txt
233 285 310 554 
Group02_07.txt
402 586 786 
Group02_08.txt
471 
Group02_09.txt
328 399 555 615 720 
Group02_10.txt
50 
Group02_11.txt
628 
Group02_14.txt
328 
Group02_15.txt
460 
Group02_18.txt
1311 
Group02_19.txt
575 
Group02_32.txt
2648 
Group02_37.txt
5 
Group02_43.txt
112 
Group02_49.txt
973 
Group03_02.txt
285 
Group03_04.txt
78 123 399 1378 1432 1525 1630 1700 1857 2228 2253 2301 
Group03_05.txt
14 19 206 329 386 390 532 603 1033 
Group03_06.txt
997 1637 2143 2361 
Group03_07.txt
1812 2592 2599 
Group03_08.txt
488 
Group03_10.txt
277 485 559 576 677 751 799 1016 
Group03_11.txt
350 511 613 636 747 833 
Group03_13.txt
1054 1286 
Group03_14.txt
65 68 105 202 404 611 640 1187 
Group03_17.txt
863 
Group03_18.txt
715 
Group03_20.txt
596 
Group03_21.txt
1099 
Group03_24.txt
906 1012 
Group03_25.txt
524 
Group03_27.txt
587 
Group03_29.txt
1367 1448 1694 1924 
Group03_32.txt
655 1166 1456 
Group03_33.txt
197 893 
Group03_34.txt
302 1595 1615 1834 1915 2003 
Group03_35.txt
621 1251 1316 
Group03_36.txt
1447 1477 
Group03_37.txt
407 1356 1876 
Group03_39.txt
638 
Group03_40.txt
176 872 
Group03_42.txt
1385 1466 1720 
Group03_46.txt
493 
Group03_47.txt
900 
Group03_48.txt
722 
Group03_49.txt
411 445 483 506 543 545 
Group04_01.txt
349 626 679 750 762 847 884 893 908 
Group04_02.txt
430 484 499 525 582 645 677 
Group04_03.txt
136 265 294 424 439 532 
Group04_04.txt
51 62 76 95 149 164 179 
Group04_05.txt
132 165 256 366 471 569 631 
Group04_06.txt
725 928 
Group04_07.txt
104 178 198 425 491 572 650 684 701 783 822 842 855 893 925 942 1020 1031 1060 1118 1148 1212 
Group04_08.txt
21 58 413 435 538 555 559 580 597 633 
Group04_09.txt
186 202 269 341 380 419 448 463 501 542 549 627 665 
Group04_10.txt
137 278 357 749 783 
Group04_11.txt
146 183 317 362 379 462 
Group04_12.txt
42 46 113 155 191 209 241 326 365 375 398 423 453 477 575 628 654 
Group04_13.txt
32 601 642 922 1046 1094 
Group04_14.txt
185 246 435 550 
Group04_17.txt
275 358 409 478 619 801 858 893 919 953 1010 1062 1081 1144 
Group04_18.txt
102 146 218 371 380 460 535 548 577 
Group04_20.txt
156 262 309 359 409 470 486 522 
Group04_21.txt
44 88 132 147 319 460 
Group04_22.txt
113 206 245 291 339 406 554 
Group04_23.txt
441 548 596 667 717 
Group04_24.txt
158 233 255 358 457 486 531 542 564 652 704 712 734 
Group04_25.txt
127 147 286 617 
Group04_26.txt
239 283 330 369 427 600 679 686 733 774 801 864 
Group04_27.txt
197 390 538 610 655 
Group04_28.txt
200 245 394 436 491 689 
Group04_29.txt
108 233 273 556 
Group04_30.txt
277 324 424 576 628 697 802 999 1019 1031 
Group04_32.txt
237 540 786 863 
Group04_33.txt
106 228 243 419 440 584 603 653 
Group04_34.txt
62 257 334 578 634 669 835 869 878 908 
Group04_35.txt
87 465 496 537 
Group04_36.txt
254 273 357 528 780 824 
Group04_37.txt
78 477 497 
Group04_38.txt
113 146 203 
Group04_39.txt
51 103 145 181 362 451 476 614 698 746 854 
Group04_42.txt
238 296 329 512 
Group04_43.txt
301 327 364 387 726 755 787 
Group04_44.txt
106 141 156 209 251 294 309 394 440 480 641 649 680 
Group04_45.txt
93 185 214 369 425 544 
Group04_46.txt
33 104 239 273 297 342 393 445 545 564 585 909 979 1017 1050 1070 1195 
Group04_47.txt
234 415 
Group04_48.txt
118 173 482 503 
Group04_49.txt
158 423 
Group04_50.txt
444 519 546 
Group05_02.txt
125 272 311 343 361 416 465 513 564 628 748 778 861 1281 
Group05_03.txt
33 108 124 126 301 
Group05_04.txt
204 383 520 712 730 834 842 865 896 917 
Group05_05.txt
230 265 332 479 
Group05_06.txt
312 1129 
Group05_07.txt
115 282 
Group05_09.txt
56 152 220 276 560 615 645 738 772 818 837 906 940 959 
Group05_10.txt
207 229 350 401 535 588 650 702 
Group05_11.txt
147 232 241 374 538 
Group05_13.txt
229 410 496 550 604 631 678 690 799 823 1054 1182 1207 1235 1251 1258 
Group05_14.txt
122 252 289 346 388 428 486 500 614 746 939 
Group05_15.txt
21 103 202 214 306 368 399 433 458 500 586 664 
Group05_16.txt
15 47 111 115 225 304 419 426 471 477 531 586 946 1019 
Group05_17.txt
205 308 481 514 545 558 746 907 1117 
Group05_19.txt
75 396 414 433 464 526 557 711 
Group05_20.txt
518 
Group05_21.txt
192 802 
Group05_22.txt
148 335 491 583 
Group05_23.txt
789 
Group05_24.txt
297 341 384 484 
Group05_25.txt
146 224 573 629 686 750 808 909 1050 1183 
Group05_26.txt
71 90 108 233 264 393 491 631 739 766 830 845 880 
Group05_27.txt
319 735 905 980 1300 1324 1450 1476 
Group05_28.txt
219 301 426 438 487 576 
Group05_29.txt
366 
Group05_30.txt
180 599 662 776 829 864 894 944 
Group05_32.txt
130 142 336 564 611 696 719 750 816 851 
Group05_33.txt
12 45 99 
Group05_34.txt
78 280 
Group05_35.txt
336 468 505 
Group05_36.txt
143 
Group05_39.txt
82 
Group05_40.txt
92 175 438 
Group05_41.txt
345 396 
Group05_44.txt
210 328 448 627 684 737 1084 
Group05_45.txt
532 887 
Group05_46.txt
240 
Group05_48.txt
508 
Group05_49.txt
101 377 392 429 508 566 587 647 917 
Group05_50.txt
127 162 235 249 339 401 433 473 498 540 626 704 
Group06_01.txt
224 
Group06_02.txt
244 466 544 632 
Group06_03.txt
61 80 128 130 266 310 396 435 493 513 602 711 715 748 
Group06_04.txt
216 418 452 557 727 
Group06_06.txt
169 787 
Group06_07.txt
498 640 
Group06_08.txt
417 
Group06_09.txt
230 543 
Group06_10.txt
172 547 731 781 
Group06_14.txt
130 258 386 512 556 662 
Group06_17.txt
558 961 
Group06_19.txt
741 
Group06_20.txt
152 419 468 496 529 
Group06_21.txt
90 141 331 344 427 451 635 697 716 759 778 830 
Group06_22.txt
146 193 298 351 405 513 555 
Group06_23.txt
616 694 739 770 842 
Group06_24.txt
176 374 
Group06_25.txt
216 487 
Group06_26.txt
209 332 425 559 
Group06_27.txt
175 203 552 
Group06_28.txt
90 205 346 489 580 688 761 
Group06_29.txt
178 317 512 558 609 
Group06_31.txt
558 961 
Group06_32.txt
116 204 257 391 668 
Group06_33.txt
87 753 845 
Group06_36.txt
95 229 277 317 505 547 615 
Group06_38.txt
148 195 719 762 
Group06_39.txt
275 
Group06_41.txt
229 290 326 394 542 589 
Group06_42.txt
130 346 377 442 513 526 586 
Group06_44.txt
179 364 553 701 763 865 912 
Group06_45.txt
178 453 582 
Group06_46.txt
126 506 691 
Group06_47.txt
175 362 406 448 574 
Group06_49.txt
92 120 141 197 338 470 529 
Group06_50.txt
157 226 452 
Group07_01.txt
818 
Group07_02.txt
661 
Group07_03.txt
467 970 997 1044 1087 1505 1806 2229 2268 2439 2498 
Group07_05.txt
396 495 693 855 942 
Group07_06.txt
582 742 766 
Group07_07.txt
153 197 363 422 733 
Group07_09.txt
146 193 224 322 336 418 595 611 
Group07_11.txt
260 
Group07_14.txt
283 450 
Group07_15.txt
124 250 346 412 582 
Group07_16.txt
253 289 358 657 775 
Group07_17.txt
165 172 548 
Group07_18.txt
951 
Group07_19.txt
245 534 575 690 
Group07_22.txt
95 196 207 310 312 314 464 539 541 568 613 681 719 760 776 792 794 836 
Group07_24.txt
715 
Group07_26.txt
294 
Group07_31.txt
334 917 1002 1007 1019 1035 1041 1057 1119 1388 
Group07_32.txt
169 372 399 509 
Group07_33.txt
189 412 463 514 581 
Group07_34.txt
559 
Group07_35.txt
349 
Group07_36.txt
299 380 506 617 792 873 1218 1281 
Group07_37.txt
1401 
Group07_38.txt
539 717 1346 
Group07_39.txt
282 580 
Group07_40.txt
649 
Group07_41.txt
266 362 598 601 
Group07_42.txt
585 
Group07_43.txt
101 178 284 365 416 
Group07_44.txt
284 575 720 
Group07_45.txt
539 
Group07_49.txt
254 
Group07_50.txt
257 375 
Group08_01.txt
57 128 193 464 494 531 564 637 660 699 703 746 
Group08_02.txt
119 155 187 207 209 292 352 384 401 450 514 516 549 594 
Group08_03.txt
339 419 435 461 494 507 
Group08_04.txt
292 375 442 464 552 581 587 608 649 694 737 
Group08_05.txt
296 
Group08_06.txt
272 319 441 462 608 678 722 824 860 896 925 943 977 1005 1007 1090 1104 1140 1150 
Group08_07.txt
117 147 250 282 322 
Group08_09.txt
268 382 426 431 461 504 533 535 614 677 
Group08_10.txt
156 227 292 563 593 630 663 736 759 798 802 845 
Group08_11.txt
309 340 417 514 662 704 770 795 
Group08_12.txt
328 403 425 455 482 499 582 629 646 680 696 749 776 903 920 961 1053 
Group08_13.txt
73 149 313 334 361 479 573 603 633 707 814 853 941 1044 
Group08_14.txt
281 343 356 637 
Group08_15.txt
236 420 446 466 484 501 646 652 675 726 791 840 908 
Group08_16.txt
142 356 458 677 710 741 801 821 862 912 962 1114 1121 1172 1225 1250 1295 1336 1348 1412 1442 1479 1563 1588 1664 1707 1800 
Group08_18.txt
139 302 353 499 548 601 638 
Group08_19.txt
384 394 434 533 687 787 
Group08_20.txt
871 
Group08_21.txt
469 
Group08_22.txt
164 226 257 367 411 415 441 455 482 528 542 614 724 804 882 
Group08_23.txt
292 375 442 464 552 581 587 609 650 695 738 
Group08_24.txt
307 411 488 503 519 565 682 878 954 988 
Group08_25.txt
214 328 357 605 663 700 725 752 813 869 885 910 930 964 991 1249 1281 1339 
Group08_27.txt
151 209 249 381 398 420 
Group08_28.txt
148 167 421 536 765 
Group08_29.txt
120 249 443 462 476 735 774 922 991 1150 1207 1229 1278 1496 1532 
Group08_30.txt
299 328 488 504 596 631 834 983 1358 1404 1533 1561 1613 1631 
Group08_31.txt
44 182 264 470 496 743 775 945 967 
Group08_33.txt
52 118 156 
Group08_34.txt
128 163 398 
Group08_35.txt
86 
Group08_36.txt
333 
Group08_37.txt
32 64 314 
Group08_38.txt
103 121 247 285 
Group08_40.txt
184 293 492 
Group08_41.txt
26 63 133 164 
Group08_43.txt
98 302 383 401 420 444 469 
Group08_44.txt
86 266 
Group08_45.txt
144 262 299 339 
Group08_46.txt
122 137 160 191 230 297 323 
Group08_47.txt
53 96 255 294 334 422 441 
Group08_49.txt
74 113 128 
Group08_50.txt
193 422 523 606 
Group09_01.txt
232 272 319 376 506 579 
Group09_02.txt
59 159 
Group09_05.txt
243 467 509 952 
Group09_06.txt
57 
Group09_07.txt
238 317 449 485 536 573 645 684 726 842 894 941 
Group09_08.txt
312 355 545 
Group09_09.txt
68 197 200 222 243 453 712 
Group09_10.txt
89 573 583 704 749 782 805 
Group09_12.txt
185 279 350 398 464 491 
Group09_14.txt
484 580 815 
Group09_15.txt
306 326 401 500 
Group09_16.txt
101 194 214 304 449 
Group09_17.txt
139 417 472 664 710 
Group09_18.txt
437 511 545 639 
Group09_19.txt
546 
Group09_20.txt
97 246 351 416 547 
Group09_21.txt
239 301 372 487 644 677 771 792 868 927 1016 1103 
Group09_22.txt
197 258 449 565 
Group09_23.txt
45 138 202 395 432 497 525 570 630 
Group09_24.txt
167 198 301 367 455 489 540 
Group09_25.txt
160 301 315 449 
Group09_26.txt
250 339 381 518 591 664 707 798 903 1001 1087 1141 1299 
Group09_27.txt
74 298 373 526 
Group09_28.txt
48 102 204 317 348 386 447 501 
Group09_29.txt
179 181 269 
Group09_30.txt
246 285 312 502 531 
Group09_31.txt
424 563 
Group09_32.txt
371 469 603 
Group09_33.txt
73 108 210 301 334 352 376 393 448 467 495 
Group09_34.txt
238 558 
Group09_35.txt
125 323 350 508 624 698 728 
Group09_36.txt
320 480 
Group09_37.txt
184 845 1023 1089 1134 
Group09_38.txt
277 549 588 
Group09_39.txt
210 298 361 408 502 
Group09_40.txt
65 82 120 175 196 280 312 376 398 445 489 528 598 643 665 680 742 
Group09_41.txt
208 344 498 558 
Group09_42.txt
209 226 308 350 382 398 427 488 555 562 620 655 
Group09_43.txt
231 302 315 330 347 386 411 440 545 573 
Group09_45.txt
79 140 270 353 481 516 582 626 766 817 
Group09_46.txt
272 331 389 413 475 515 623 
Group09_47.txt
220 291 447 511 558 585 
Group09_48.txt
69 98 158 190 197 250 313 351 401 491 521 535 638 673 700 730 751 
Group09_49.txt
37 88 297 383 508 602 660 852 937 
Group09_50.txt
436 503 655 
Group10_03.txt
155 
Group10_05.txt
471 501 678 771 833 962 
Group10_06.txt
337 
Group10_09.txt
688 
Group10_15.txt
170 310 360 362 430 506 523 692 
Group10_19.txt
205 
Group10_20.txt
300 
Group10_22.txt
181 534 569 625 642 
Group10_23.txt
162 
Group10_25.txt
527 866 
Group10_27.txt
377 
Group10_28.txt
436 609 
Group10_32.txt
271 300 395 403 584 587 623 
Group10_36.txt
424 681 812 
Group10_39.txt
10 29 50 178 248 263 308 540 570 625 633 793 819 834 912 985 994 
Group10_40.txt
74 177 248 443 557 586 
Group10_43.txt
454 772 
Group10_44.txt
157 475 733 765 
Group10_45.txt
143 312 444 631 
Group10_46.txt
587 
Group10_47.txt
76 255 808 824 
Group10_48.txt
87 203 313 326 373 404 536 686 
Group10_49.txt
108 164 219 244 297 350 496 554 570 647 
Group10_50.txt
233 255 
Group11-01.txt
583 630 714 817 
Group11-02.txt
470 868 1060 1255 
Group11-03.txt
37 96 98 115 159 250 338 405 408 436 504 550 691 726 
Group11-04.txt
136 153 270 317 361 387 494 525 587 664 
Group11-05.txt
2358 
Group11-06.txt
138 181 329 508 
Group11-07.txt
294 366 403 457 465 501 536 555 
Group11-08.txt
355 489 576 
Group11-09.txt
167 189 228 
Group11-10.txt
193 219 272 318 490 545 
Group11-11.txt
286 468 
Group11-12.txt
196 343 570 725 
Group11-13.txt
238 487 491 672 
Group11-14.txt
390 
Group11-15.txt
910 2461 
Group11-16.txt
228 3237 
Group11-19.txt
42 147 303 322 377 442 464 500 635 682 
Group11-20.txt
150 166 335 344 519 550 648 707 794 839 860 1147 1173 1209 1213 1236 1295 1312 1369 
Group11-21.txt
172 356 379 424 584 685 739 759 824 
Group11-23.txt
107 
Group11-26.txt
102 121 168 281 
Group11-27.txt
96 
Group11-28.txt
60 249 305 367 384 409 478 596 757 829 
Group11-29.txt
123 215 287 326 389 
Group11-30.txt
161 
Group11-31.txt
16 151 312 339 410 
Group11-32.txt
149 264 376 412 492 605 
Group11-33.txt
307 682 725 779 847 869 901 930 976 
Group11-34.txt
118 269 446 
Group11-35.txt
85 150 246 263 291 361 371 417 444 
Group11-36.txt
108 263 323 342 367 
Group11-37.txt
145 174 215 559 562 588 648 694 750 809 
Group11-38.txt
203 231 290 432 436 836 
Group11-43.txt
260 
Group11-45.txt
389 594 
Group11-46.txt
145 170 235 818 897 
Group11-47.txt
38 240 269 361 526 
Group11-48.txt
45 
Group12_01.txt
119 229 291 402 423 544 662 928 954 996 1071 1173 1299 1417 1527 
Group12_02.txt
596 617 1349 1553 1608 1645 1727 1845 2028 2089 
Group12_04.txt
214 238 539 580 636 1081 1510 1543 1632 1955 2132 2143 2169 2197 2223 2283 
Group12_05.txt
50 255 409 461 568 665 
Group12_07.txt
578 601 1011 
Group12_08.txt
48 89 113 177 244 351 479 
Group12_09.txt
69 
Group12_10.txt
604 
Group12_11.txt
120 142 165 209 212 260 283 309 444 556 712 777 815 
Group12_12.txt
120 142 165 209 212 260 283 309 444 556 712 777 815 
Group12_13.txt
186 228 766 1214 
Group12_14.txt
2 29 71 82 85 236 322 352 356 491 575 678 726 777 854 899 922 923 
Group12_15.txt
167 353 526 
Group12_16.txt
30 216 299 368 469 489 
Group12_17.txt
498 
Group12_18.txt
410 
Group12_19.txt
235 1193 1355 
Group12_20.txt
342 510 
Group12_21.txt
85 201 240 514 536 582 
Group12_22.txt
658 
Group12_23.txt
384 398 556 
Group12_24.txt
40 51 140 156 530 549 757 852 883 
Group12_26.txt
158 555 1107 1337 1364 1624 
Group12_27.txt
205 429 
Group12_29.txt
53 389 471 554 602 
Group12_30.txt
167 380 517 560 608 
Group12_31.txt
107 145 258 
Group12_32.txt
213 288 335 423 
Group12_33.txt
90 304 378 454 
Group12_34.txt
543 
Group12_35.txt
295 395 459 546 613 
Group12_36.txt
223 
Group12_39.txt
263 
Group12_40.txt
364 
Group12_41.txt
282 305 378 425 520 543 608 742 
Group12_42.txt
296 711 1117 1270 1450 
Group12_43.txt
204 337 474 580 594 709 811 
Group12_44.txt
329 442 
Group12_45.txt
266 533 582 
Group12_46.txt
482 
Group12_48.txt
609 
Group12_49.txt
1603 2295 2297 2361 2707 
Group13_01.txt
140 196 531 643 
Group13_02.txt
373 421 533 557 683 715 781 854 1044 1046 1146 1275 1300 1620 1664 1825 1836 1891 1953 2225 2255 2349 2362 
Group13_03.txt
122 248 360 376 433 466 500 566 
Group13_04.txt
19 48 56 193 228 258 386 461 483 602 612 668 700 770 782 879 1015 
Group13_05.txt
219 376 478 661 808 1005 1186 1413 1587 1657 1689 1783 1923 2060 2085 2148 
Group13_06.txt
135 354 566 665 857 990 1124 1398 1504 1731 1902 2054 2177 2313 2535 2616 2712 2756 
Group13_07.txt
230 323 467 537 601 
Group13_09.txt
207 
Group13_10.txt
151 178 220 391 415 524 552 594 645 701 
Group13_11.txt
152 306 586 
Group13_12.txt
396 536 538 595 644 764 
Group13_15.txt
271 490 589 
Group13_16.txt
111 155 230 356 
Group13_17.txt
233 317 359 447 657 696 
Group13_18.txt
93 109 158 307 348 787 810 884 905 931 
Group13_19.txt
15 74 264 
Group13_20.txt
53 127 141 343 399 426 493 554 564 633 656 788 
Group13_21.txt
61 122 1145 1477 
Group13_22.txt
636 696 929 946 1040 1082 1278 1346 1366 1451 1605 1693 1841 1858 1982 2034 2119 2137 2159 2178 2239 2284 2320 2350 2373 2430 2453 3009 3022 3578 3611 3640 3673 3694 3716 3767 3836 3894 3930 4101 4223 4858 5053 5171 5267 5275 5407 5441 5457 5760 5818 5867 5963 6012 6132 6154 6194 6211 6239 6281 6328 6413 6449 6725 6749 6839 6903 6929 7054 7240 7575 7711 7745 7811 8485 8511 8683 8826 8948 9315 9367 9581 9919 9986 9998 10041 10086 10100 10140 10185 10245 10267 10279 10333 10701 10731 10773 11097 11224 11242 11280 11295 11331 11442 11552 11602 11629 11813 11928 12305 12348 12400 12852 12855 12927 12993 13014 13108 13473 13480 13690 13785 13814 13840 13850 13902 13945 14020 14074 14235 14301 14342 14523 14551 14640 14686 14695 14808 15145 15295 15404 15606 15731 15734 15749 15977 16025 16091 16130 16316 16422 16490 16636 
Group13_23.txt
2595 3050 3079 
Group13_24.txt
867 3986 4022 
Group13_25.txt
278 437 957 964 988 1012 1065 1101 1270 1296 1322 1364 1475 1607 1634 1673 1762 1838 1910 2202 2279 2333 2570 
Group13_26.txt
898 1453 1552 1580 2107 2162 2189 2442 2787 2936 3428 3537 3553 3558 3580 4056 4246 4322 4468 4553 4597 4673 4791 4827 4984 5007 5106 5707 5739 5958 5984 6023 6039 6053 6079 6131 6149 6189 6243 6380 6475 6596 6733 6755 6839 6861 6957 7459 7495 8025 8126 8227 8379 8550 8813 9593 9692 9710 9952 10001 10041 10064 10097 10162 10185 10222 10264 10310 
Group13_27.txt
41 616 646 803 1028 1044 1066 1106 1148 1163 1208 1262 1307 1322 1352 1367 1408 2218 2477 2501 2655 2882 2955 2986 3008 3096 3114 3133 3242 3285 3295 3485 
Group13_28.txt
299 426 1234 1263 1274 1303 1321 1441 1493 1519 1638 1669 1704 1803 1878 2039 2118 2433 2596 2608 2653 2836 2861 2888 2917 2974 2982 2999 3021 3119 3192 3285 
Group13_29.txt
524 581 1215 1988 2076 2089 2219 2289 2321 2362 2428 2486 3094 3335 3372 3379 4104 4283 4421 4488 4522 4524 4761 
Group13_30.txt
235 768 810 844 878 895 919 956 1035 1044 1075 1251 1268 1332 1396 1465 1492 1510 1522 1546 1659 1739 1754 1884 1921 2020 2113 2170 2195 2236 2297 2367 2539 2884 2994 3019 3049 3232 3561 3661 3762 3783 4002 4030 
Group13_31.txt
21 102 233 261 322 795 808 
Group13_32.txt
368 
Group13_33.txt
375 856 860 1331 1618 1676 1757 
Group13_34.txt
386 
Group13_36.txt
413 
Group13_37.txt
389 
Group13_38.txt
275 572 819 1389 1479 
Group13_42.txt
434 652 686 903 983 1095 1222 1266 1329 1379 
Group13_44.txt
128 165 229 235 1651 1982 2148 2169 2466 
Group13_45.txt
221 864 
Group13_47.txt
662 1470 
Group13_49.txt
488 842 994 1287 2042 
Group13_50.txt
882 1321 1376 
Group14_06.txt
534 
Group14_08.txt
61 254 495 
Group14_21.txt
18 69 443 528 531 592 
Group14_22.txt
207 320 365 406 431 
Group14_23.txt
57 
Group14_25.txt
16 51 78 110 259 437 463 614 
Group14_26.txt
576 
Group14_27.txt
613 775 865 
Group14_29.txt
120 123 132 260 326 344 365 406 410 481 
Group14_31.txt
152 335 417 530 661 709 773 838 947 
Group14_33.txt
258 
Group14_35.txt
558 
Group14_38.txt
903 
Group14_40.txt
464 
Group14_48.txt
726 
Group14_50.txt
255 
