Group01_27.txt
15 
Group01_32.txt
342 
Group01_49.txt
97 420 456 
Group02_18.txt
2542 2565 
Group02_26.txt
693 707 766 
Group03_04.txt
83 
Group03_29.txt
527 772 846 1033 1122 1147 1162 1167 1195 1246 1292 1660 1681 1855 1954 
Group03_42.txt
511 762 836 1030 1119 1144 1156 1180 1185 1213 1264 1310 1686 1707 
Group03_48.txt
718 
Group04_15.txt
295 
Group04_17.txt
281 319 510 984 1083 
Group06_17.txt
144 150 247 982 1041 1069 
Group06_31.txt
144 150 247 982 1041 1069 
Group06_33.txt
13 45 124 513 560 626 633 711 
Group06_34.txt
85 100 347 
Group09_26.txt
47 981 
Group09_29.txt
113 
Group09_30.txt
52 186 217 392 403 544 
Group09_50.txt
9 236 
Group10_36.txt
1 11 324 359 516 757 
Group11-42.txt
406 
