Group01_01.txt
114 551 
Group01_05.txt
26 
Group01_07.txt
589 
Group01_19.txt
661 
Group01_20.txt
459 
Group01_21.txt
194 314 
Group01_31.txt
334 
Group01_35.txt
186 492 1196 
Group01_36.txt
301 446 652 
Group01_38.txt
312 
Group01_41.txt
2 278 
Group01_50.txt
165 335 
Group02_04.txt
194 
Group02_07.txt
329 
Group02_19.txt
1462 
Group02_21.txt
223 
Group02_30.txt
139 
Group02_32.txt
2127 
Group02_33.txt
905 
Group02_40.txt
1512 
Group02_41.txt
1146 1241 
Group02_43.txt
839 
Group02_46.txt
1080 
Group03_02.txt
330 460 483 654 802 
Group03_04.txt
1173 
Group03_05.txt
285 828 898 955 
Group03_06.txt
483 751 894 1128 1306 1426 1499 2381 2510 
Group03_08.txt
446 519 723 834 858 
Group03_09.txt
60 161 303 645 723 904 927 996 1075 
Group03_10.txt
12 
Group03_11.txt
137 876 
Group03_12.txt
267 594 929 1006 1086 1122 1131 1227 1230 1279 1376 
Group03_13.txt
598 795 862 905 1131 1311 1509 
Group03_14.txt
510 915 
Group03_23.txt
742 777 
Group03_30.txt
1113 1573 
Group03_31.txt
2923 
Group03_32.txt
514 
Group03_35.txt
315 790 1212 
Group03_37.txt
2001 
Group03_39.txt
497 
Group03_44.txt
512 586 720 869 1035 1119 1456 1517 
Group03_46.txt
129 175 
Group03_48.txt
93 394 445 562 652 701 841 924 
Group04_04.txt
8 
Group04_06.txt
685 
Group04_12.txt
9 
Group04_13.txt
74 
Group04_15.txt
625 661 707 780 874 919 949 1153 1197 
Group04_17.txt
37 
Group04_18.txt
62 395 501 512 
Group04_23.txt
551 
Group04_24.txt
56 498 618 
Group04_25.txt
458 
Group04_26.txt
130 
Group04_27.txt
352 434 518 594 755 802 
Group04_30.txt
239 359 
Group04_39.txt
281 880 908 
Group04_45.txt
10 
Group04_49.txt
49 112 
Group04_50.txt
751 
Group05_02.txt
11 
Group05_03.txt
228 
Group05_05.txt
34 399 416 
Group05_06.txt
121 
Group05_14.txt
723 
Group05_15.txt
261 
Group05_16.txt
334 
Group05_20.txt
198 489 650 694 794 1056 1065 
Group05_21.txt
45 148 255 303 471 640 710 853 909 
Group05_23.txt
1200 
Group05_24.txt
17 
Group05_33.txt
1 
Group05_43.txt
214 356 487 627 
Group05_44.txt
250 
Group05_45.txt
152 
Group05_50.txt
294 
Group06_02.txt
769 
Group06_05.txt
201 323 497 612 716 
Group06_07.txt
125 
Group06_10.txt
701 759 
Group06_11.txt
82 380 470 614 646 821 847 
Group06_12.txt
251 521 
Group06_13.txt
510 
Group06_15.txt
194 506 603 687 833 
Group06_16.txt
901 
Group06_18.txt
184 519 750 
Group06_20.txt
703 
Group06_26.txt
252 
Group06_30.txt
159 284 318 530 
Group06_48.txt
144 301 432 
Group07_04.txt
259 307 397 476 593 621 772 994 1209 1272 
Group07_07.txt
592 
Group07_11.txt
233 
Group07_12.txt
205 751 
Group07_16.txt
233 
Group07_18.txt
241 
Group07_20.txt
237 403 479 534 
Group07_22.txt
260 778 
Group07_31.txt
697 705 
Group07_36.txt
465 987 
Group07_37.txt
789 1613 
Group07_38.txt
1171 1179 
Group07_43.txt
41 
Group07_48.txt
267 455 491 548 575 671 723 1020 
Group08_02.txt
236 
Group08_06.txt
341 
Group08_12.txt
8 536 
Group08_19.txt
302 
Group08_22.txt
14 
Group08_29.txt
804 1046 1181 
Group08_31.txt
657 
Group08_38.txt
47 68 
Group08_39.txt
288 451 
Group08_43.txt
1 14 
Group08_47.txt
137 
Group09_04.txt
224 
Group09_09.txt
517 
Group09_13.txt
123 
Group09_39.txt
245 587 
Group10_05.txt
266 376 391 423 700 
Group10_08.txt
173 604 
Group10_10.txt
352 548 606 803 827 958 
Group10_11.txt
433 533 
Group10_13.txt
169 580 
Group10_14.txt
434 
Group10_19.txt
112 215 
Group10_20.txt
168 644 
Group10_21.txt
135 343 535 591 830 924 
Group10_22.txt
354 
Group10_32.txt
22 69 
Group10_33.txt
457 473 
Group10_35.txt
620 634 661 691 851 1087 1326 1583 1677 1728 
Group10_36.txt
769 
Group10_38.txt
288 508 614 745 974 1104 1106 1241 
Group10_41.txt
497 
Group10_42.txt
316 484 487 
Group10_44.txt
593 641 
Group10_45.txt
34 70 245 254 
Group10_46.txt
221 589 
Group10_47.txt
213 
Group11-01.txt
323 386 510 
Group11-05.txt
2382 
Group11-07.txt
18 104 166 608 
Group11-11.txt
382 
Group11-13.txt
530 
Group11-14.txt
118 300 601 700 897 940 1024 1159 1187 
Group11-15.txt
345 567 778 831 938 968 1292 1405 1580 1601 1746 1837 2296 2319 2374 2433 
Group11-16.txt
366 535 821 996 1570 1618 1776 1875 2130 2294 2685 2973 3010 3105 3284 3331 
Group11-20.txt
189 
Group11-24.txt
165 867 962 1125 1452 1582 1867 1982 2105 2385 2502 
Group11-27.txt
215 
Group11-32.txt
24 
Group11-33.txt
555 
Group11-34.txt
12 
Group11-37.txt
9 
Group11-39.txt
21 
Group11-45.txt
347 815 1232 
Group11-46.txt
185 346 363 764 944 1085 1300 1476 
Group11-47.txt
433 
Group11-50.txt
59 379 516 643 850 940 
Group12_04.txt
414 2124 
Group12_06.txt
23 
Group12_08.txt
8 
Group12_13.txt
532 596 763 890 952 1080 1113 1168 1210 1308 1350 1419 1515 1818 1820 1860 1894 1983 2002 2047 
Group12_16.txt
74 375 
Group12_19.txt
5 90 407 559 621 799 863 990 1084 1305 
Group12_26.txt
384 
Group12_28.txt
316 576 
Group12_29.txt
23 364 
Group12_31.txt
94 245 485 487 542 
Group12_37.txt
332 
Group12_49.txt
1550 1631 1739 1852 1995 2234 2436 2618 
Group13_02.txt
896 960 2139 
Group13_06.txt
1441 1806 2113 
Group13_09.txt
1504 
Group13_14.txt
355 
Group13_22.txt
4802 4905 
Group13_23.txt
135 1953 2926 
Group13_24.txt
1542 2733 2770 3361 4154 
Group13_27.txt
1466 
Group13_29.txt
1347 4838 4865 
Group13_30.txt
975 3741 
Group13_31.txt
2 
Group13_37.txt
89 
Group13_38.txt
227 
Group13_39.txt
2063 
Group13_41.txt
705 943 1162 1553 
Group13_42.txt
541 
Group13_43.txt
925 
Group13_44.txt
1032 1230 1523 1836 2305 2334 2413 2606 2794 2913 3036 3086 3167 3248 3277 3346 3425 3627 3913 
Group13_47.txt
195 1707 
Group13_49.txt
1136 1241 
Group14_01.txt
195 268 395 462 
Group14_02.txt
98 269 
Group14_03.txt
502 
Group14_05.txt
262 
Group14_06.txt
303 361 436 458 
Group14_09.txt
235 272 392 505 
Group14_10.txt
151 330 
Group14_11.txt
363 508 
Group14_12.txt
196 255 317 338 390 
Group14_13.txt
268 
Group14_15.txt
284 
Group14_16.txt
24 80 265 
Group14_17.txt
463 
Group14_19.txt
193 320 484 
Group14_20.txt
442 698 
Group14_21.txt
1 
Group14_23.txt
124 272 355 496 
Group14_24.txt
95 200 
Group14_26.txt
99 856 939 
Group14_28.txt
209 377 486 604 723 756 871 1001 1034 
Group14_30.txt
278 302 593 672 703 849 940 961 
Group14_32.txt
368 
Group14_33.txt
179 624 733 1011 
Group14_39.txt
498 
Group14_45.txt
81 
