Group01_30.txt
499 502 
Group01_49.txt
479 545 583 
Group03_03.txt
714 
Group03_04.txt
707 
Group03_07.txt
785 794 1560 
Group03_49.txt
199 
Group04_06.txt
314 652 730 789 
Group04_18.txt
538 
Group05_30.txt
427 
Group06_38.txt
2 12 65 209 225 259 331 424 447 483 519 545 584 587 706 
Group08_31.txt
327 426 480 552 560 634 666 
Group09_06.txt
325 
Group09_14.txt
113 134 
Group09_30.txt
178 373 
Group09_34.txt
3 54 575 
Group09_39.txt
226 380 586 634 639 
Group09_41.txt
368 
Group09_42.txt
23 128 438 
Group09_49.txt
5 56 68 200 471 598 748 805 824 841 890 
Group09_50.txt
154 186 270 329 348 501 
Group10_10.txt
157 730 
Group10_18.txt
689 
Group11-08.txt
398 
Group11-13.txt
68 187 442 
Group12_32.txt
106 
Group12_35.txt
17 35 118 189 
Group12_37.txt
135 
Group12_42.txt
1112 1258 1260 
Group12_48.txt
358 
Group12_49.txt
449 501 612 634 992 1865 2065 2202 2219 2414 
Group13_15.txt
194 
Group13_26.txt
2867 3061 3332 3550 
Group13_34.txt
356 
Group13_45.txt
976 
Group13_46.txt
2406 
Group14_17.txt
250 
Group14_19.txt
560 
Group14_20.txt
485 815 
Group14_26.txt
562 
Group14_47.txt
228 
