Group01_08.txt
531 544 
Group01_32.txt
206 1138 
Group01_44.txt
91 
Group02_08.txt
28 
Group02_20.txt
437 536 1329 3716 3814 
Group02_21.txt
2369 2378 
Group02_22.txt
1741 2742 2831 3042 3154 
Group02_28.txt
72 77 85 213 222 226 269 313 383 703 791 1002 1038 1232 1246 1507 1511 1523 1533 1600 1672 1715 1727 1766 1784 2048 
Group02_29.txt
103 413 685 714 
Group02_30.txt
2055 
Group02_34.txt
14 1071 1162 1199 1291 1328 1355 1360 
Group02_38.txt
143 916 1546 1550 2046 2279 3118 
Group02_39.txt
110 118 
Group02_40.txt
1 3 55 86 106 109 127 150 163 178 182 192 227 243 313 333 336 346 390 402 411 439 496 524 599 628 662 665 733 768 805 895 920 977 1003 1021 1092 1210 1339 1383 1396 1471 1805 1966 1991 2009 2087 2134 2207 2251 2272 2287 2297 
Group02_45.txt
4 184 213 404 409 496 551 875 1008 1037 1098 
Group02_46.txt
379 473 641 
Group02_48.txt
1199 
Group02_49.txt
937 1066 3130 3503 3506 3972 
Group03_03.txt
11 149 927 1042 1295 
Group03_12.txt
474 
Group03_13.txt
133 
Group04_07.txt
371 
Group04_10.txt
1080 
Group04_13.txt
328 396 
Group04_20.txt
126 
Group05_14.txt
40 422 439 736 757 765 815 851 1014 
Group05_22.txt
249 
Group05_24.txt
515 
Group05_25.txt
491 
Group05_45.txt
206 
Group05_49.txt
37 284 502 519 613 633 862 898 
Group06_27.txt
102 
Group06_35.txt
68 
Group06_40.txt
121 225 233 416 
Group07_19.txt
288 
Group07_47.txt
377 
Group08_18.txt
201 
Group08_19.txt
264 396 413 513 655 756 
Group08_22.txt
521 741 751 790 
Group08_41.txt
101 115 316 
Group09_14.txt
110 216 512 
Group11-27.txt
7 20 49 150 161 219 257 273 
Group11-29.txt
8 24 39 75 148 165 207 253 317 557 595 
Group11-30.txt
23 67 106 122 429 521 
Group11-43.txt
383 
Group11-46.txt
1233 
Group12_19.txt
970 
Group12_31.txt
113 523 
Group12_35.txt
51 361 402 431 442 466 519 536 557 592 618 
Group12_36.txt
206 
Group12_49.txt
401 1049 1839 
Group13_03.txt
123 167 
Group13_26.txt
1559 
Group13_29.txt
4508 
Group13_30.txt
1337 3900 
Group13_36.txt
880 
Group14_04.txt
215 335 
Group14_14.txt
289 
Group14_36.txt
144 
Group14_42.txt
773 
Group14_45.txt
542 
