Group01_43.txt
4 125 
Group01_48.txt
35 
Group04_02.txt
37 298 312 384 425 446 
Group05_02.txt
50 298 395 604 625 732 906 960 1098 1163 1278 
Group05_13.txt
547 
Group05_16.txt
472 601 862 891 
Group05_19.txt
131 328 692 
Group05_32.txt
178 
Group05_38.txt
88 
Group06_04.txt
661 
Group08_03.txt
463 
Group08_11.txt
12 47 139 224 
Group08_12.txt
0 12 29 59 65 82 112 155 220 263 311 330 348 426 442 478 559 617 752 794 965 1057 
Group08_15.txt
247 748 769 825 
Group10_10.txt
45 266 877 
Group10_19.txt
467 
Group10_25.txt
17 92 986 1017 1079 1245 1289 
Group13_04.txt
9 130 301 348 803 
Group13_10.txt
36 46 88 187 317 377 740 833 
Group13_11.txt
28 89 94 116 
Group13_12.txt
36 57 210 548 
Group13_16.txt
273 
Group14_22.txt
0 10 42 202 253 286 357 490 
Group14_25.txt
69 426 
