Group02_46.txt
457 
Group05_06.txt
1167 
Group06_19.txt
737 
Group07_38.txt
587 
Group08_20.txt
1006 
Group10_39.txt
112 
Group11-15.txt
840 
Group11-34.txt
424 
Group13_27.txt
121 157 189 208 235 315 355 415 455 512 605 659 666 689 748 810 827 876 964 1030 1092 1184 1217 1248 1303 1308 1380 1393 1490 1497 1577 1601 1640 1696 1708 1764 1794 1836 1846 2057 2192 2241 2276 2317 2352 2451 2514 2542 2580 2596 2638 2734 2784 2803 2867 2899 3263 3373 3427 3438 
Group13_45.txt
70 120 268 892 903 1078 1330 1340 1344 1429 1471 1569 1605 
