Group02_07.txt
409 
Group02_18.txt
108 2797 2863 2866 2883 2944 3002 
Group02_20.txt
2937 2944 2970 2980 2983 2997 3013 3024 
Group02_30.txt
3814 
Group02_31.txt
1272 1291 1345 1363 1456 1474 
Group02_33.txt
733 808 867 2325 2810 
Group02_34.txt
176 192 208 282 305 328 344 362 470 
Group02_40.txt
49 66 69 94 115 140 308 413 
Group02_44.txt
988 990 1023 1091 
Group03_34.txt
2465 
Group04_30.txt
654 670 694 
Group04_39.txt
600 
Group06_06.txt
444 
Group06_13.txt
216 
Group06_18.txt
599 614 
Group06_26.txt
201 
Group06_32.txt
22 753 
Group06_40.txt
397 423 462 481 
Group09_48.txt
266 
Group13_43.txt
1501 
Group14_40.txt
663 
Group14_43.txt
453 
