Group01_06.txt
1128 
Group01_08.txt
1076 
Group01_09.txt
708 
Group01_12.txt
72 124 
Group01_17.txt
77 232 
Group01_21.txt
272 370 
Group01_25.txt
75 427 
Group01_29.txt
120 
Group01_30.txt
286 
Group01_31.txt
26 477 
Group01_32.txt
936 
Group01_38.txt
270 368 
Group01_40.txt
176 259 444 729 767 
Group01_43.txt
74 313 337 
Group03_29.txt
708 
Group03_30.txt
658 941 
Group03_31.txt
272 680 1320 1977 2596 
Group03_32.txt
409 436 
Group03_33.txt
92 146 158 493 513 541 549 719 945 982 1213 1284 1358 1403 1439 
Group03_34.txt
912 
Group03_39.txt
392 419 
Group03_40.txt
71 125 137 472 492 520 528 698 924 961 
Group03_42.txt
698 
Group03_43.txt
197 266 
Group03_50.txt
288 703 836 977 998 
Group04_01.txt
638 648 778 
Group04_05.txt
220 
Group04_40.txt
224 
Group05_06.txt
45 319 335 368 673 774 1047 1184 
Group05_10.txt
443 
Group05_14.txt
41 60 
Group05_17.txt
215 
Group05_31.txt
172 
Group05_43.txt
217 
Group05_48.txt
189 200 
Group05_49.txt
73 226 272 634 
Group06_20.txt
121 
Group06_22.txt
144 
Group06_30.txt
106 254 394 
Group06_44.txt
135 
Group07_48.txt
1050 
Group07_49.txt
341 1789 1877 1997 
Group08_01.txt
63 267 315 521 
Group08_02.txt
427 599 
Group08_10.txt
162 366 414 620 
Group08_12.txt
838 
Group08_17.txt
512 
Group08_25.txt
383 
Group08_29.txt
171 600 621 1175 1395 1476 
Group08_30.txt
992 
Group08_34.txt
464 
Group08_47.txt
46 172 308 487 
Group10_11.txt
160 216 908 
Group10_12.txt
248 598 
Group10_16.txt
192 
Group10_21.txt
658 
Group10_25.txt
237 
Group10_36.txt
304 799 
Group10_38.txt
82 
Group10_43.txt
686 
Group10_48.txt
650 
Group10_49.txt
117 
Group11-20.txt
397 
Group11-26.txt
73 160 175 
Group11-27.txt
106 203 
Group11-28.txt
201 
Group11-29.txt
415 513 540 598 
Group11-50.txt
638 672 
Group12_02.txt
1613 
Group12_04.txt
1686 
Group12_15.txt
616 
Group12_31.txt
312 521 532 
Group12_35.txt
62 166 398 462 630 
Group12_46.txt
667 
Group13_04.txt
800 
Group13_09.txt
244 
Group13_12.txt
366 525 
Group13_22.txt
384 551 866 2798 3615 3644 5323 6859 10192 
Group13_26.txt
2753 7210 7341 
Group13_29.txt
676 693 1404 1682 1705 1789 1908 1932 2117 2229 2383 2403 2472 2488 2496 2512 2556 2639 3115 
Group13_42.txt
453 
Group13_49.txt
411 
