Group01_07.txt
76 
Group01_11.txt
30 778 
Group01_47.txt
3 33 55 106 144 220 230 277 306 408 
Group03_23.txt
637 
Group03_25.txt
554 
Group04_31.txt
380 
Group04_34.txt
467 
Group04_38.txt
6 62 151 168 199 303 336 368 619 636 
Group06_08.txt
504 
Group07_02.txt
416 
Group07_37.txt
1047 
Group07_40.txt
225 326 
Group07_48.txt
777 
Group09_14.txt
708 
Group10_27.txt
6 65 202 294 313 383 405 414 452 753 872 904 936 957 977 1015 1047 
Group11-06.txt
221 
Group12_16.txt
78 227 305 464 
Group12_21.txt
81 197 316 
Group12_49.txt
310 583 
Group13_25.txt
162 2171 
Group13_28.txt
811 882 1230 1299 1880 2195 2263 3116 
Group13_36.txt
467 729 822 1358 
Group13_44.txt
1665 3241 
Group13_48.txt
1790 
Group13_49.txt
422 
