Group01_11.txt
355 363 
Group01_47.txt
426 441 
Group03_08.txt
57 
Group03_19.txt
607 
Group03_21.txt
1410 1537 
Group03_38.txt
429 
Group04_08.txt
18 347 
Group04_25.txt
682 
Group04_38.txt
243 426 579 
Group06_08.txt
1 12 44 104 242 263 291 337 350 388 487 522 537 
Group07_12.txt
510 
Group07_16.txt
413 
Group07_47.txt
636 
Group08_02.txt
189 
Group10_23.txt
314 391 
Group10_27.txt
111 177 206 275 351 926 
Group10_29.txt
670 
Group10_46.txt
5 158 347 
Group11-25.txt
634 666 
Group12_49.txt
1323 
Group13_02.txt
712 1975 2183 
Group13_23.txt
966 1538 
Group13_25.txt
1827 2125 
Group13_28.txt
315 668 1722 2392 2479 2913 
Group13_35.txt
840 
Group13_38.txt
12 33 484 501 
Group13_41.txt
1339 
Group13_42.txt
116 184 239 330 380 534 565 632 716 752 809 1132 1321 
