Group01_05.txt
210 303 
Group01_07.txt
128 140 530 616 
Group01_08.txt
688 
Group01_11.txt
190 258 425 718 982 
Group01_15.txt
48 216 361 421 
Group01_44.txt
70 108 118 135 330 416 
Group01_45.txt
572 
Group01_47.txt
446 
Group01_50.txt
232 
Group02_38.txt
875 
Group02_40.txt
1698 
Group03_06.txt
897 1152 1177 1355 1743 2034 2115 2142 2320 2380 2382 2509 2511 2564 
Group03_07.txt
890 
Group03_09.txt
946 995 
Group03_11.txt
444 
Group03_13.txt
1055 
Group03_17.txt
101 126 146 179 291 302 338 349 354 539 554 631 642 682 690 808 831 
Group03_21.txt
66 563 804 1101 1111 1117 1391 1486 1499 1863 
Group03_22.txt
282 371 601 613 708 738 759 769 780 831 925 945 968 975 
Group03_23.txt
509 
Group03_24.txt
371 413 433 493 731 933 977 1034 1047 1106 1383 
Group03_25.txt
149 559 605 705 
Group03_26.txt
90 123 261 271 368 421 949 1630 
Group03_27.txt
145 152 208 234 527 577 586 669 797 914 1241 1315 1499 1620 1708 
Group03_32.txt
1152 1165 1437 1455 1474 1488 
Group03_34.txt
2697 
Group03_36.txt
1176 
Group03_37.txt
188 196 226 249 251 
Group03_44.txt
511 
Group03_46.txt
403 
Group04_02.txt
411 644 646 676 
Group04_03.txt
293 
Group04_07.txt
894 899 910 926 934 941 1032 1059 
Group04_08.txt
412 632 
Group04_10.txt
748 782 792 
Group04_12.txt
327 364 397 422 424 452 658 
Group04_18.txt
399 498 
Group04_23.txt
182 716 
Group04_24.txt
254 497 530 541 563 
Group04_26.txt
863 
Group04_28.txt
244 490 
Group04_30.txt
394 552 567 627 1018 
Group04_33.txt
242 
Group04_39.txt
480 533 
Group04_40.txt
96 
Group04_46.txt
372 392 425 434 444 520 544 1016 
Group04_50.txt
518 545 
Group05_02.txt
376 389 
Group05_14.txt
611 868 
Group05_16.txt
48 
Group05_20.txt
570 621 649 662 693 795 
Group05_23.txt
592 602 
Group05_27.txt
300 320 
Group05_28.txt
437 
Group05_30.txt
828 
Group05_43.txt
604 
Group05_45.txt
870 882 1180 1186 1192 
Group06_04.txt
558 
Group06_07.txt
272 639 
Group06_16.txt
526 566 588 
Group06_21.txt
343 
Group06_22.txt
89 
Group06_26.txt
344 
Group06_36.txt
504 550 614 
Group06_38.txt
147 
Group07_01.txt
497 504 517 535 
Group07_02.txt
186 257 423 462 520 591 745 823 
Group07_03.txt
937 957 969 996 1038 1045 1101 1126 1719 1762 1771 
Group07_04.txt
330 712 940 
Group07_05.txt
165 265 320 330 395 433 451 494 641 681 768 788 799 854 881 890 905 919 941 
Group07_06.txt
259 319 374 441 788 
Group07_07.txt
6 77 144 152 195 214 250 302 307 344 365 369 421 536 609 650 697 747 838 904 956 1024 1027 1096 1107 1189 1195 1248 
Group07_08.txt
204 223 233 256 271 280 339 350 
Group07_10.txt
192 214 287 295 337 416 436 481 651 
Group07_11.txt
84 116 165 173 209 234 240 419 
Group07_12.txt
747 750 
Group07_13.txt
504 
Group07_14.txt
316 546 
Group07_15.txt
102 123 177 192 200 208 249 257 312 319 345 366 411 480 540 570 572 581 590 
Group07_16.txt
209 247 294 303 356 666 
Group07_17.txt
76 123 195 224 275 314 440 
Group07_18.txt
94 247 582 624 726 1034 1319 1391 
Group07_19.txt
593 698 766 785 807 816 823 849 868 879 
Group07_21.txt
45 284 289 554 561 600 649 754 767 794 
Group07_23.txt
108 141 183 390 422 
Group07_24.txt
104 251 274 510 693 714 1101 1134 1178 1233 1268 1336 1391 1424 1639 1646 1653 1709 1773 1796 1849 1913 
Group07_25.txt
26 39 
Group07_26.txt
181 300 549 
Group07_28.txt
215 
Group07_30.txt
188 334 368 378 400 484 492 589 743 888 
Group07_31.txt
988 995 1006 1042 1273 1856 
Group07_32.txt
311 371 373 398 
Group07_33.txt
12 115 153 279 293 305 328 392 545 589 594 602 650 654 710 
Group07_34.txt
51 103 188 224 253 264 270 282 292 349 375 398 418 478 484 498 524 558 642 669 
Group07_35.txt
147 183 233 270 386 390 507 575 
Group07_36.txt
39 125 190 392 460 464 493 577 622 634 647 652 668 693 796 807 813 836 874 946 986 1147 1217 1226 1229 1317 1322 
Group07_37.txt
182 189 228 271 512 653 670 695 802 809 919 937 988 996 1107 1130 1147 1165 1207 1227 1236 1244 1256 1319 1400 1702 1737 
Group07_39.txt
91 107 127 138 237 244 281 283 445 497 534 579 635 646 
Group07_40.txt
189 222 227 298 377 391 421 525 703 706 730 
Group07_41.txt
151 155 265 331 336 437 440 455 533 563 617 
Group07_42.txt
159 234 257 269 451 639 
Group07_43.txt
410 495 
Group07_44.txt
8 53 79 92 118 142 153 188 229 242 273 306 311 333 416 436 456 469 526 574 629 719 760 811 
Group07_45.txt
520 
Group07_46.txt
134 200 757 
Group07_47.txt
84 96 141 153 224 289 317 424 443 484 540 580 594 646 
Group07_48.txt
62 75 86 101 127 176 181 218 547 791 858 
Group07_49.txt
1054 
Group08_01.txt
217 463 496 511 698 704 
Group08_02.txt
182 357 380 
Group08_04.txt
586 
Group08_06.txt
1149 
Group08_10.txt
316 562 595 610 797 803 
Group08_11.txt
794 
Group08_12.txt
583 599 602 
Group08_16.txt
104 135 
Group08_19.txt
433 
Group08_20.txt
1210 
Group08_22.txt
382 442 843 881 
Group08_23.txt
586 
Group08_24.txt
518 
Group08_25.txt
91 134 168 782 998 1014 1021 1050 1084 1089 1105 1121 1161 1166 1180 1184 1240 1338 1340 
Group08_30.txt
273 300 1560 1630 
Group09_01.txt
375 
Group09_08.txt
354 544 
Group09_09.txt
69 78 133 221 242 
Group09_12.txt
46 324 409 429 
Group09_15.txt
327 
Group09_26.txt
171 390 684 850 1099 1298 
Group09_37.txt
1057 
Group09_39.txt
116 
Group09_40.txt
174 311 397 488 527 642 679 
Group09_42.txt
554 
Group10_03.txt
314 444 974 
Group10_05.txt
46 126 139 265 470 500 524 547 564 569 602 608 624 635 677 686 697 699 701 712 734 761 846 873 938 961 
Group10_12.txt
435 446 453 501 588 608 682 700 736 743 749 
Group10_17.txt
638 
Group10_20.txt
40 460 635 651 
Group10_23.txt
309 
Group10_24.txt
191 209 213 
Group10_27.txt
894 906 
Group10_32.txt
347 379 402 
Group10_38.txt
1185 1240 
Group10_40.txt
180 198 205 214 247 503 556 577 
Group10_43.txt
509 524 560 988 
Group10_44.txt
112 156 488 597 609 640 648 652 
Group10_46.txt
32 79 98 124 144 164 220 517 542 567 586 588 594 
Group10_48.txt
293 
Group10_49.txt
349 374 488 495 
Group11-01.txt
629 
Group11-06.txt
378 
Group11-08.txt
354 575 
Group11-13.txt
490 
Group11-14.txt
570 600 896 1186 
Group11-15.txt
2066 2077 2084 2156 2200 2216 2440 
Group11-16.txt
13 41 77 87 148 159 196 226 245 356 365 403 423 476 493 555 572 575 624 626 684 727 802 805 820 852 860 876 961 970 995 1073 1083 1096 1118 1138 1145 1269 1273 1299 1321 1334 1351 1367 1384 1460 1471 1494 1548 1571 1584 1684 2069 2156 2207 2256 2293 2684 2727 2803 2972 3045 3113 3175 3243 3249 3253 3283 3319 3330 
Group11-17.txt
659 675 
Group11-18.txt
137 147 
Group11-20.txt
334 
Group11-21.txt
162 171 178 199 244 272 304 307 332 
Group11-24.txt
389 710 712 
Group11-25.txt
521 
Group11-26.txt
68 120 143 209 
Group11-28.txt
477 805 
Group11-31.txt
142 
Group11-33.txt
681 975 1014 1017 
Group11-35.txt
248 255 262 273 370 372 
Group11-40.txt
26 
Group12_02.txt
1909 
Group12_04.txt
50 141 178 197 237 781 941 968 1070 1340 1585 1599 1611 1622 1905 1954 2125 2168 2222 
Group12_06.txt
560 624 749 
Group12_08.txt
16 37 42 47 50 90 100 105 115 149 179 243 337 397 
Group12_09.txt
431 635 
Group12_10.txt
404 440 446 651 779 
Group12_11.txt
191 282 308 711 730 776 778 
Group12_12.txt
191 282 308 711 730 776 778 
Group12_13.txt
34 143 162 166 169 185 211 232 237 250 267 306 331 336 466 526 531 558 595 663 688 726 737 765 777 821 889 893 920 934 1027 1063 1079 1248 1323 1349 1520 1732 1796 1814 1817 1821 1859 1914 1984 2046 2058 
Group12_15.txt
723 
Group12_16.txt
41 43 52 64 116 130 149 182 188 217 233 240 279 287 308 327 432 
Group12_18.txt
149 175 271 391 
Group12_19.txt
353 1074 
Group12_21.txt
15 72 152 188 295 376 386 389 497 
Group12_22.txt
49 75 342 771 779 790 796 
Group12_24.txt
357 668 
Group12_25.txt
0 277 351 448 
Group12_26.txt
543 578 
Group12_30.txt
285 415 
Group12_32.txt
102 159 231 
Group12_33.txt
244 303 
Group12_36.txt
79 125 176 191 222 276 290 323 327 345 355 358 363 433 456 
Group12_38.txt
68 82 224 319 367 468 634 
Group12_41.txt
6 35 224 550 565 568 574 598 764 
Group12_43.txt
579 
Group12_46.txt
270 276 318 
Group12_48.txt
14 41 76 94 170 318 378 430 438 
Group12_49.txt
71 88 211 220 243 313 661 1139 1183 1246 1317 1328 1344 1522 1761 1784 1817 1922 1930 1932 1948 2296 2362 2713 
Group13_01.txt
333 
Group13_02.txt
98 110 119 425 478 482 566 855 866 1012 1043 1090 1274 1276 1299 1316 1501 1824 1826 1835 1837 1856 2372 
Group13_03.txt
220 
Group13_04.txt
601 613 769 
Group13_05.txt
218 355 361 375 452 488 528 545 660 744 922 1185 1239 1378 1412 1464 1478 1550 1586 1595 1688 1691 1782 1790 2008 2061 2084 2098 
Group13_06.txt
23 134 180 208 228 247 452 512 664 709 719 860 989 1082 1123 1163 1193 1266 1314 1326 1334 1440 1456 1901 1981 1985 1998 2001 2040 2066 2112 2137 2176 2238 2312 2336 2378 2385 2434 2440 2534 2594 2605 2618 2621 2682 2711 2755 
Group13_11.txt
305 
Group13_12.txt
535 
Group13_15.txt
613 
Group13_17.txt
358 410 423 695 
Group13_18.txt
786 
Group13_20.txt
342 398 553 
Group13_21.txt
198 1407 1582 1606 
Group13_22.txt
1177 4058 4069 4100 4102 4222 5266 5268 6134 7241 8024 8047 8064 8093 8827 12359 12364 13107 13689 13693 13696 13784 13790 13796 13813 13816 13839 14334 14585 14589 14596 14622 14668 14685 14709 14777 14809 15516 15730 15793 15893 16319 16333 16366 16421 16423 
Group13_23.txt
1422 1598 1823 2201 2596 3615 
Group13_24.txt
31 607 618 631 656 692 804 821 868 894 911 920 995 1008 1026 1045 1165 1357 1360 1962 2112 2149 2152 2174 2178 2196 2232 2248 2259 2297 2375 2400 2404 2432 2444 2458 2732 2734 2769 2827 2843 2855 2870 3092 3106 3322 3329 3360 3454 3473 3519 3582 3588 3590 3601 3613 3632 3738 3751 3768 3795 3859 4002 4020 4045 4097 4153 4162 4295 4305 4347 4443 4457 4672 4723 4974 5166 5206 5396 5441 5490 5511 5541 5559 5564 5577 
Group13_25.txt
17 64 142 391 455 529 765 942 950 956 963 965 1007 1011 1019 1042 1064 1066 1100 1117 1128 1132 1172 1198 1271 1286 1295 1321 1323 1363 1606 1622 1633 1669 1674 1742 1761 1763 1868 1870 1901 1909 2363 2569 
Group13_26.txt
3529 3536 3538 3552 3559 3567 3579 3593 3628 4672 4790 4983 5006 5105 5115 5221 5262 6595 6625 6646 
Group13_28.txt
156 196 258 303 404 425 887 1205 1209 1233 1235 1249 1275 1279 1302 1304 1320 1427 1440 1492 1526 1530 1588 1597 1600 1654 1656 1806 1814 1828 1833 1843 1913 1975 1983 2028 2059 2109 2131 2141 2152 2165 2187 2190 2196 2206 2222 2395 2432 2597 2607 2652 2663 2702 3022 3306 
Group13_29.txt
2218 2288 
Group13_30.txt
151 809 852 875 1043 1074 1327 1331 1333 1523 1525 1545 2995 3018 3070 3102 3372 3662 3668 3677 3679 3684 3692 3699 3702 3705 3710 3727 3734 3740 3742 3746 3761 3763 
Group13_32.txt
385 399 806 988 1050 1065 1082 1127 
Group13_33.txt
1313 1330 1433 1457 1675 1765 1832 1847 1863 
Group13_35.txt
91 101 337 976 983 993 1031 1047 1052 1056 1081 1470 1543 
Group13_38.txt
113 135 150 210 226 252 276 571 621 633 647 682 818 932 1228 1314 1388 1444 
Group13_39.txt
210 244 439 555 591 790 811 844 854 860 868 1086 1240 1267 1377 1388 1444 1471 1524 1675 1786 1808 2062 2067 
Group13_41.txt
1072 1616 
Group13_42.txt
1378 
Group13_43.txt
350 516 524 538 661 680 699 702 732 762 785 933 980 1048 1228 1263 1277 1284 1514 
Group13_44.txt
81 127 137 164 178 199 1321 1354 1369 1463 1728 1981 2207 2245 2267 2304 2358 2412 2420 2424 2429 2432 2465 2523 2555 2697 2912 2962 3085 3129 3132 3141 3166 3626 
Group13_45.txt
836 1249 1256 1260 1395 1444 
Group13_46.txt
312 599 1582 1607 2384 
Group13_49.txt
147 171 196 1128 1135 1137 1146 1165 1210 1216 1220 1224 1232 1240 1247 1249 1301 1575 1587 1815 1886 
Group14_03.txt
427 
Group14_05.txt
261 567 
Group14_16.txt
79 94 104 111 125 137 150 177 186 
Group14_23.txt
196 201 516 
Group14_24.txt
280 299 
Group14_25.txt
18 109 159 166 258 462 613 
Group14_26.txt
127 575 583 603 716 725 768 804 848 855 894 938 
Group14_30.txt
960 
Group14_32.txt
367 
Group14_33.txt
649 653 
Group14_35.txt
157 
Group14_44.txt
370 
