Group01_19.txt
652 
Group01_50.txt
51 159 
Group03_11.txt
422 
Group04_08.txt
406 
Group04_40.txt
533 552 
Group05_23.txt
774 1325 
Group07_03.txt
2732 
Group07_22.txt
566 595 604 
Group07_23.txt
326 
Group07_36.txt
317 
Group07_48.txt
773 
Group07_49.txt
624 
Group10_31.txt
7 18 51 100 148 157 160 198 206 272 285 306 343 378 434 446 480 558 571 593 610 616 626 628 657 664 
Group11-20.txt
972 
Group12_03.txt
653 713 
Group12_27.txt
372 
Group13_25.txt
457 
Group13_27.txt
246 1877 1906 1915 1933 2755 
Group13_30.txt
1515 
Group13_48.txt
1456 
Group14_49.txt
44 130 
