Group01_03.txt
177 285 293 556 626 815 852 
Group01_06.txt
16 621 714 
Group01_08.txt
31 393 686 693 777 815 1014 
Group01_09.txt
36 196 301 394 608 
Group01_10.txt
454 470 
Group01_11.txt
104 290 320 1001 
Group01_12.txt
699 
Group01_14.txt
29 353 538 
Group01_15.txt
159 222 274 284 366 415 420 
Group01_16.txt
105 197 
Group01_18.txt
111 
Group01_21.txt
133 
Group01_22.txt
177 
Group01_23.txt
88 
Group01_25.txt
49 150 858 1106 
Group01_30.txt
68 120 134 473 
Group01_31.txt
467 
Group01_32.txt
179 
Group01_35.txt
263 
Group01_38.txt
132 
Group01_40.txt
102 324 683 
Group01_41.txt
411 
Group01_42.txt
188 211 434 478 497 
Group01_44.txt
48 
Group01_45.txt
187 470 
Group01_46.txt
339 
Group01_48.txt
130 345 
Group01_50.txt
8 363 461 
Group02_01.txt
237 269 303 
Group02_02.txt
23 901 915 942 977 
Group02_03.txt
786 
Group02_04.txt
369 437 694 775 
Group02_05.txt
17 109 134 188 517 614 695 
Group02_06.txt
579 
Group02_07.txt
516 729 
Group02_08.txt
310 371 506 556 
Group02_10.txt
567 740 822 
Group02_11.txt
174 588 
Group02_12.txt
323 
Group02_13.txt
366 467 886 895 
Group02_14.txt
132 206 273 363 395 641 733 
Group02_15.txt
211 429 
Group02_16.txt
273 855 
Group02_17.txt
72 84 516 764 
Group02_18.txt
20 96 168 652 1162 1173 1452 1731 1988 2045 2260 2295 
Group02_19.txt
452 815 1623 
Group02_20.txt
181 217 290 811 1008 1655 1672 2110 2162 2466 2516 2625 2655 3449 3528 3607 3920 
Group02_21.txt
230 715 1294 1407 1530 2642 
Group02_22.txt
523 581 1008 1508 2009 2274 2344 2362 2599 3035 3220 3245 
Group02_23.txt
173 1121 1198 1307 1661 
Group02_24.txt
680 973 1371 
Group02_25.txt
72 173 860 1054 1215 
Group02_26.txt
311 438 
Group02_27.txt
33 577 611 822 1109 1178 1241 1495 1734 
Group02_28.txt
20 415 677 730 910 1410 1440 1534 1808 1919 1962 
Group02_29.txt
301 382 599 692 734 762 846 901 943 982 
Group02_30.txt
168 183 275 359 395 559 726 883 1083 1116 1180 1366 1735 2166 3130 3649 3910 3920 
Group02_31.txt
818 1021 1084 1458 2149 2618 
Group02_33.txt
466 557 1667 
Group02_34.txt
91 491 998 
Group02_35.txt
264 937 
Group02_36.txt
132 1101 1155 1496 
Group02_37.txt
36 1486 1492 
Group02_38.txt
1122 1200 1398 1591 1730 1805 2177 2562 3172 
Group02_40.txt
1217 1244 1374 1683 1824 1923 2204 2269 2284 
Group02_41.txt
1052 1501 1603 
Group02_42.txt
229 542 776 
Group02_43.txt
149 1322 1340 
Group02_44.txt
57 696 1255 1293 
Group02_45.txt
28 721 847 921 1549 
Group02_46.txt
68 147 281 747 1492 1984 2054 2122 
Group02_47.txt
260 518 573 718 797 1060 1259 1405 
Group02_48.txt
561 913 986 1028 1272 1998 2014 2153 2169 2346 2399 2552 2859 2891 
Group02_49.txt
415 1357 2312 2381 2819 2887 4185 
Group02_50.txt
68 1227 1399 1437 
Group03_01.txt
431 
Group03_02.txt
346 383 808 
Group03_03.txt
132 556 
Group03_04.txt
487 530 956 960 1036 1484 1564 1683 1747 1985 2226 
Group03_05.txt
439 833 884 
Group03_06.txt
1100 1520 2209 
Group03_07.txt
76 287 
Group03_08.txt
769 
Group03_09.txt
14 403 493 602 
Group03_10.txt
29 486 635 810 
Group03_11.txt
2 125 
Group03_12.txt
1211 
Group03_13.txt
178 576 618 
Group03_14.txt
58 336 
Group03_15.txt
193 410 629 
Group03_16.txt
544 581 
Group03_18.txt
156 177 
Group03_20.txt
391 410 
Group03_21.txt
2019 
Group03_22.txt
123 514 
Group03_23.txt
184 473 498 568 659 
Group03_24.txt
496 1071 1653 
Group03_25.txt
688 
Group03_26.txt
207 513 597 1102 1124 1137 1496 
Group03_27.txt
151 373 427 837 1385 
Group03_28.txt
968 
Group03_29.txt
145 593 624 818 848 922 1104 1407 1545 1786 1911 
Group03_30.txt
632 
Group03_31.txt
43 537 1778 2049 2139 2440 2745 
Group03_32.txt
181 1123 1498 
Group03_33.txt
516 523 
Group03_34.txt
550 625 635 640 1334 1737 1765 1816 1819 2398 2634 
Group03_35.txt
129 237 501 512 776 1172 1242 1354 
Group03_36.txt
365 379 819 1087 1298 1492 
Group03_37.txt
875 985 1069 1145 1223 1823 
Group03_38.txt
662 837 839 940 
Group03_39.txt
164 
Group03_40.txt
495 502 
Group03_41.txt
196 252 
Group03_42.txt
126 583 614 808 838 915 1101 1425 1566 
Group03_43.txt
161 379 493 
Group03_44.txt
99 420 
Group03_45.txt
222 259 
Group03_47.txt
62 859 
Group03_49.txt
569 
Group03_50.txt
1315 
Group04_01.txt
146 738 938 
Group04_05.txt
496 
Group04_06.txt
157 659 
Group04_07.txt
1052 
Group04_08.txt
395 398 402 
Group04_09.txt
561 
Group04_10.txt
425 778 
Group04_11.txt
352 402 
Group04_13.txt
154 1067 
Group04_14.txt
491 537 
Group04_15.txt
47 49 110 113 479 549 
Group04_16.txt
348 
Group04_17.txt
205 332 396 1159 
Group04_21.txt
279 
Group04_22.txt
238 
Group04_23.txt
203 305 
Group04_27.txt
106 182 656 
Group04_28.txt
492 510 
Group04_30.txt
301 
Group04_32.txt
240 795 
Group04_33.txt
244 
Group04_34.txt
652 921 
Group04_36.txt
775 
Group04_41.txt
114 289 324 368 516 567 650 740 872 908 
Group04_44.txt
295 
Group04_46.txt
519 546 610 1131 
Group04_47.txt
199 
Group04_48.txt
157 499 
Group04_49.txt
192 246 262 366 
Group05_03.txt
144 
Group05_05.txt
471 
Group05_06.txt
867 1143 
Group05_10.txt
334 
Group05_11.txt
264 351 
Group05_13.txt
106 
Group05_14.txt
166 978 
Group05_16.txt
432 
Group05_18.txt
225 895 
Group05_20.txt
690 703 
Group05_21.txt
496 858 
Group05_22.txt
362 
Group05_23.txt
115 354 
Group05_24.txt
330 401 475 499 589 
Group05_28.txt
170 389 465 
Group05_29.txt
401 
Group05_30.txt
322 728 933 
Group05_31.txt
300 
Group05_32.txt
268 
Group05_37.txt
25 
Group05_44.txt
309 534 948 
Group05_45.txt
52 231 262 303 391 446 721 730 788 826 1021 1085 1119 1185 1227 1247 
Group05_46.txt
348 381 
Group05_49.txt
136 
Group06_02.txt
407 699 
Group06_04.txt
12 500 729 
Group06_07.txt
512 
Group06_10.txt
487 
Group06_12.txt
97 175 241 492 
Group06_13.txt
447 458 
Group06_14.txt
335 
Group06_15.txt
121 578 871 
Group06_16.txt
218 923 1051 
Group06_17.txt
378 946 
Group06_18.txt
10 91 119 603 
Group06_19.txt
615 
Group06_20.txt
297 299 410 599 
Group06_22.txt
489 
Group06_23.txt
610 794 
Group06_27.txt
240 388 522 
Group06_28.txt
12 226 
Group06_30.txt
512 
Group06_31.txt
378 946 
Group06_33.txt
61 64 
Group06_35.txt
351 
Group06_41.txt
132 482 
Group06_44.txt
656 
Group06_45.txt
264 
Group06_46.txt
353 
Group07_01.txt
139 188 229 
Group07_02.txt
194 839 
Group07_03.txt
567 1024 1140 2059 2104 2262 2355 2531 2801 
Group07_04.txt
324 367 510 893 1001 1018 1036 
Group07_05.txt
36 216 274 637 732 753 791 
Group07_07.txt
208 322 679 694 1114 
Group07_08.txt
97 228 
Group07_09.txt
159 293 294 399 452 466 554 
Group07_10.txt
162 258 449 
Group07_11.txt
132 487 
Group07_12.txt
400 1004 1041 
Group07_13.txt
600 
Group07_14.txt
181 230 248 399 505 532 535 
Group07_15.txt
191 
Group07_16.txt
348 480 
Group07_17.txt
174 343 
Group07_18.txt
183 343 680 836 1339 
Group07_19.txt
696 821 918 986 
Group07_20.txt
441 
Group07_21.txt
36 250 361 653 
Group07_22.txt
163 263 678 
Group07_24.txt
216 
Group07_25.txt
47 312 403 
Group07_26.txt
108 120 249 495 578 635 656 
Group07_27.txt
129 
Group07_30.txt
55 654 
Group07_31.txt
644 1115 1179 1456 1523 1641 1910 
Group07_33.txt
625 690 
Group07_34.txt
124 263 368 
Group07_35.txt
373 392 485 
Group07_36.txt
214 515 716 940 1137 
Group07_37.txt
444 771 1493 
Group07_38.txt
21 147 769 893 953 963 1416 1490 1670 1674 1679 1728 1782 
Group07_39.txt
63 483 584 
Group07_40.txt
543 739 765 
Group07_44.txt
455 
Group07_45.txt
32 103 354 
Group07_46.txt
335 465 498 567 
Group07_47.txt
222 296 666 
Group07_48.txt
141 860 1089 
Group07_49.txt
1062 1164 1313 2571 2719 2741 
Group07_50.txt
31 100 
Group08_04.txt
411 723 
Group08_16.txt
163 1645 
Group08_17.txt
963 1133 
Group08_20.txt
355 1171 
Group08_21.txt
404 502 
Group08_23.txt
411 724 
Group08_24.txt
125 774 
Group08_25.txt
633 968 
Group08_27.txt
51 
Group08_29.txt
227 426 912 1479 1505 
Group08_30.txt
1337 1524 1547 1617 1628 
Group08_31.txt
952 
Group08_34.txt
393 
Group08_43.txt
130 
Group08_44.txt
72 
Group08_46.txt
244 
Group08_47.txt
464 
Group09_01.txt
120 536 
Group09_02.txt
329 
Group09_03.txt
157 186 
Group09_05.txt
392 861 
Group09_10.txt
492 717 734 
Group09_13.txt
608 
Group09_14.txt
848 
Group09_17.txt
530 
Group09_18.txt
470 
Group09_22.txt
505 552 
Group09_26.txt
883 
Group09_27.txt
359 
Group09_28.txt
345 
Group09_29.txt
36 343 592 
Group09_30.txt
519 
Group09_31.txt
459 
Group09_34.txt
122 260 448 
Group09_35.txt
551 731 758 
Group09_36.txt
301 349 402 443 451 
Group09_37.txt
147 152 
Group09_38.txt
78 107 
Group09_39.txt
199 
Group09_40.txt
382 
Group09_42.txt
573 
Group09_43.txt
649 
Group09_44.txt
154 
Group09_49.txt
408 410 509 655 
Group10_02.txt
69 470 
Group10_03.txt
555 720 
Group10_04.txt
51 57 174 300 479 
Group10_05.txt
744 
Group10_06.txt
247 
Group10_08.txt
343 519 662 
Group10_09.txt
908 
Group10_11.txt
950 968 1263 
Group10_12.txt
175 455 
Group10_13.txt
208 
Group10_14.txt
407 472 
Group10_15.txt
657 
Group10_16.txt
883 
Group10_17.txt
223 473 767 922 
Group10_19.txt
258 478 
Group10_20.txt
316 
Group10_21.txt
701 
Group10_24.txt
566 641 994 1305 
Group10_25.txt
99 145 1136 
Group10_26.txt
69 470 
Group10_27.txt
51 373 445 475 609 865 916 1048 
Group10_29.txt
684 824 904 929 
Group10_30.txt
276 
Group10_31.txt
341 444 
Group10_32.txt
211 358 675 
Group10_33.txt
393 761 
Group10_35.txt
31 162 351 666 719 916 1461 
Group10_36.txt
128 
Group10_37.txt
275 277 279 743 
Group10_38.txt
318 342 1135 
Group10_39.txt
496 
Group10_40.txt
204 245 365 
Group10_41.txt
306 
Group10_43.txt
503 986 992 1079 1135 
Group10_44.txt
34 624 686 
Group10_46.txt
123 224 487 490 502 
Group10_48.txt
706 
Group10_50.txt
292 
Group11-02.txt
163 372 555 574 715 1225 
Group11-03.txt
642 
Group11-04.txt
419 850 
Group11-05.txt
461 1060 1234 1623 
Group11-06.txt
341 476 
Group11-11.txt
494 
Group11-14.txt
708 1176 
Group11-15.txt
354 820 1317 1542 1623 1750 
Group11-16.txt
795 1611 2448 2766 2828 2889 2939 2968 3124 3149 3318 
Group11-17.txt
520 
Group11-18.txt
350 499 563 614 644 
Group11-19.txt
451 488 
Group11-20.txt
698 962 975 995 1252 
Group11-21.txt
336 400 459 521 735 
Group11-23.txt
124 450 481 583 
Group11-24.txt
286 352 401 419 476 1268 2634 
Group11-25.txt
125 
Group11-28.txt
599 936 1018 
Group11-29.txt
723 805 
Group11-30.txt
599 681 
Group11-31.txt
265 
Group11-32.txt
450 772 854 
Group11-37.txt
263 713 
Group11-38.txt
414 
Group11-39.txt
427 
Group11-40.txt
346 578 662 
Group11-42.txt
286 526 
Group11-44.txt
254 648 788 
Group11-45.txt
652 1122 1311 
Group11-46.txt
69 490 1115 1282 1529 
Group11-47.txt
168 403 
Group11-48.txt
46 
Group11-50.txt
665 746 861 
Group12_01.txt
1037 1479 
Group12_02.txt
412 877 950 1100 1133 1286 2056 
Group12_03.txt
283 982 
Group12_04.txt
505 794 2160 
Group12_06.txt
478 722 1313 
Group12_07.txt
267 801 
Group12_09.txt
317 320 810 
Group12_10.txt
124 308 702 
Group12_11.txt
428 
Group12_12.txt
428 
Group12_13.txt
815 871 1160 1455 1591 2013 
Group12_14.txt
373 833 1017 
Group12_16.txt
51 
Group12_18.txt
288 
Group12_19.txt
175 712 
Group12_22.txt
102 
Group12_24.txt
259 
Group12_26.txt
872 1456 1605 
Group12_27.txt
155 486 
Group12_28.txt
167 491 
Group12_30.txt
463 464 525 572 
Group12_31.txt
160 441 
Group12_34.txt
439 
Group12_35.txt
684 
Group12_36.txt
173 220 360 
Group12_39.txt
76 318 600 
Group12_41.txt
404 
Group12_42.txt
440 560 908 946 1121 1166 1219 1274 
Group12_43.txt
312 359 470 
Group12_48.txt
251 
Group12_49.txt
158 375 1398 1437 2155 2605 
Group13_02.txt
22 101 514 538 884 936 1057 1806 1955 2330 
Group13_03.txt
659 
Group13_04.txt
650 1170 1196 1227 
Group13_05.txt
890 1274 1525 1845 1970 1990 
Group13_06.txt
549 617 651 937 1213 1337 1371 1508 1802 1892 2075 2297 
Group13_08.txt
484 
Group13_09.txt
133 914 931 1280 1282 1372 1652 1758 1890 
Group13_10.txt
320 505 
Group13_13.txt
168 
Group13_14.txt
321 357 
Group13_15.txt
81 221 516 
Group13_18.txt
136 609 
Group13_20.txt
532 542 
Group13_21.txt
620 734 1093 1556 1967 
Group13_22.txt
2104 2146 2894 3567 4305 5123 5200 5924 6373 7972 8109 8508 9197 11616 12333 14477 14661 15090 15095 15573 16176 
Group13_23.txt
4 149 789 2589 
Group13_24.txt
43 428 1038 1057 1122 1135 1599 2114 2530 2846 2989 3002 3097 3298 3494 3664 3700 3857 4060 4307 4441 4631 5005 
Group13_25.txt
348 367 374 926 1247 1320 1338 1387 
Group13_26.txt
122 231 237 1136 1581 2517 3067 3478 3658 6102 6360 6686 6870 7033 7170 7702 8310 9160 9334 9627 10163 
Group13_27.txt
128 934 1961 2566 2704 
Group13_28.txt
411 446 906 2162 2522 2918 
Group13_29.txt
3949 4143 4470 4536 
Group13_30.txt
218 874 1159 1550 1619 1822 2046 2409 3168 3210 3481 
Group13_32.txt
247 398 848 1067 
Group13_33.txt
139 573 767 841 1454 1687 1692 
Group13_35.txt
963 1104 1161 1190 1290 1331 1349 1541 
Group13_36.txt
115 607 1026 1063 1100 
Group13_37.txt
1138 
Group13_38.txt
518 793 1339 1482 
Group13_39.txt
400 1737 
Group13_40.txt
833 
Group13_41.txt
320 663 899 1144 1181 1417 
Group13_43.txt
360 434 1457 1744 
Group13_44.txt
122 839 1025 1046 1819 1934 1949 1976 2461 3117 3273 3348 3365 3566 3620 3818 
Group13_45.txt
235 378 1373 
Group13_46.txt
1598 2158 2185 
Group13_47.txt
21 1165 
Group13_48.txt
187 196 993 1280 1500 2564 
Group13_49.txt
213 474 481 498 787 865 1069 1168 
Group14_01.txt
230 406 
Group14_02.txt
76 79 
Group14_03.txt
3 35 436 
Group14_04.txt
116 
Group14_06.txt
341 364 
Group14_08.txt
90 
Group14_09.txt
478 
Group14_10.txt
326 
Group14_11.txt
197 
Group14_13.txt
60 
Group14_15.txt
194 365 
Group14_16.txt
309 334 
Group14_19.txt
279 513 
Group14_23.txt
131 223 239 529 
Group14_24.txt
66 297 
Group14_25.txt
227 323 602 
Group14_26.txt
686 834 902 
Group14_27.txt
438 602 
Group14_28.txt
21 617 
Group14_29.txt
458 
Group14_31.txt
514 541 
Group14_32.txt
449 913 
Group14_33.txt
1051 
Group14_35.txt
13 733 1410 
Group14_37.txt
894 
Group14_38.txt
36 146 742 
Group14_39.txt
228 
Group14_40.txt
173 
Group14_41.txt
933 
Group14_42.txt
255 258 363 457 670 718 893 900 
Group14_43.txt
673 
Group14_44.txt
74 125 274 345 
Group14_45.txt
509 514 
Group14_46.txt
509 
Group14_47.txt
388 567 607 
Group14_48.txt
102 578 650 
Group14_49.txt
760 
Group14_50.txt
468 
