Group02_09.txt
21 
Group03_03.txt
258 450 528 848 
Group03_11.txt
114 283 
Group03_14.txt
56 158 191 270 327 414 424 1237 
Group03_19.txt
5 148 
Group03_31.txt
1947 2019 
Group03_48.txt
19 138 157 234 248 257 272 296 307 326 361 387 406 422 434 464 523 596 626 640 663 790 803 838 846 906 913 
Group03_50.txt
65 
Group04_13.txt
638 
Group04_15.txt
905 
Group04_17.txt
160 
Group06_17.txt
18 
Group06_31.txt
18 
Group06_44.txt
564 
Group08_24.txt
26 70 183 273 639 686 807 
Group09_01.txt
10 26 134 192 
Group09_02.txt
27 224 280 304 
Group09_03.txt
418 
Group09_04.txt
9 14 65 112 211 246 271 313 377 389 508 532 
Group09_05.txt
423 
Group09_24.txt
37 
Group09_26.txt
169 
Group09_27.txt
449 491 
Group09_44.txt
310 337 
Group12_28.txt
72 109 
Group13_13.txt
20 182 
Group13_26.txt
1347 
