Group01_32.txt
729 
Group02_02.txt
892 
Group02_03.txt
751 
Group02_18.txt
2793 
Group02_19.txt
225 711 968 980 1796 
Group02_20.txt
4 304 1173 1288 2024 2044 2345 3230 3272 3576 3712 4172 
Group02_21.txt
116 509 935 979 985 1014 1108 1118 1855 2264 
Group02_22.txt
51 71 92 397 435 732 740 744 1372 1758 2077 2091 2129 2188 2249 2483 2607 2638 2709 2787 2909 2931 3335 3444 3486 3542 
Group02_26.txt
287 
Group02_28.txt
238 849 
Group02_29.txt
1263 
Group02_30.txt
558 1119 1147 1446 1770 2430 3708 3906 
Group02_31.txt
235 249 263 293 308 352 455 478 517 528 532 542 588 630 669 684 698 710 779 811 827 930 940 963 1005 1061 1142 1189 1208 1315 1418 1462 1485 1735 2172 2254 2655 2697 2928 
Group02_32.txt
157 
Group02_33.txt
29 344 381 460 481 540 544 1102 2953 
Group02_35.txt
438 481 
Group02_37.txt
142 994 1009 1152 1494 
Group02_38.txt
949 1069 1207 3577 
Group02_40.txt
708 848 983 999 1469 1808 
Group02_41.txt
696 
Group02_43.txt
590 1048 
Group02_44.txt
276 871 1617 1625 1631 
Group02_46.txt
2492 2612 
Group02_47.txt
753 1237 1300 
Group02_48.txt
1436 
Group02_49.txt
311 445 472 760 
Group02_50.txt
250 1897 2057 
Group03_06.txt
1762 
Group03_14.txt
124 
Group03_21.txt
327 
Group03_27.txt
1823 
Group03_29.txt
1318 
Group03_31.txt
2332 
Group03_37.txt
2028 
Group03_42.txt
1336 
Group03_48.txt
935 
Group04_16.txt
245 
Group04_43.txt
85 
Group05_06.txt
624 746 
Group05_20.txt
821 
Group06_10.txt
42 
Group06_13.txt
580 
Group06_16.txt
166 
Group06_28.txt
483 
Group06_37.txt
347 363 
Group07_25.txt
143 
Group07_38.txt
1133 
Group08_29.txt
746 1243 
Group10_08.txt
471 
Group10_33.txt
782 
Group10_35.txt
636 
Group10_37.txt
402 
Group11-21.txt
481 
Group11-39.txt
601 
Group12_03.txt
246 
Group13_26.txt
6585 
