Group01_26.txt
434 
Group01_31.txt
199 
Group01_32.txt
36 
Group02_10.txt
919 
Group02_18.txt
273 859 1326 2130 3050 3062 
Group02_19.txt
89 1443 1854 
Group02_21.txt
504 643 669 
Group02_22.txt
167 424 448 481 577 701 975 1112 1560 2519 2538 2584 2818 3300 3397 3763 
Group02_25.txt
18 246 
Group02_26.txt
839 
Group02_28.txt
216 2121 
Group02_29.txt
696 
Group02_30.txt
58 
Group02_31.txt
48 1579 2464 2909 
Group02_32.txt
239 1371 2084 
Group02_33.txt
525 671 694 1855 3347 
Group02_35.txt
272 307 
Group02_37.txt
207 550 1093 1528 
Group02_39.txt
865 1590 
Group02_40.txt
622 2243 
Group02_41.txt
1624 
Group02_42.txt
35 441 724 778 
Group02_44.txt
103 289 1685 
Group02_45.txt
1001 
Group02_46.txt
1949 2009 2251 2540 
Group02_47.txt
936 
Group02_48.txt
1020 1543 2900 
Group02_50.txt
263 1234 1264 1978 
Group03_14.txt
265 
Group03_31.txt
745 2335 
Group04_06.txt
426 
Group05_20.txt
160 
Group06_02.txt
85 
Group06_11.txt
770 
Group06_13.txt
68 549 
Group06_28.txt
15 72 115 181 239 262 377 514 747 
Group06_46.txt
89 
Group09_40.txt
557 
Group09_47.txt
564 
Group10_32.txt
253 
Group12_13.txt
1610 
Group13_44.txt
788 
Group14_35.txt
1302 
