Group01_02.txt
292 
Group01_03.txt
19 936 1047 1057 1112 1126 
Group01_06.txt
1049 
Group01_07.txt
239 
Group01_08.txt
104 192 
Group01_10.txt
145 418 446 764 
Group01_11.txt
149 533 939 
Group01_16.txt
368 428 
Group01_17.txt
79 
Group01_19.txt
95 
Group01_23.txt
60 166 388 588 
Group01_25.txt
244 574 721 1072 
Group01_28.txt
177 
Group01_29.txt
310 709 
Group01_30.txt
206 
Group01_31.txt
12 
Group01_32.txt
491 860 1103 
Group01_33.txt
718 
Group01_35.txt
345 1041 
Group01_36.txt
404 566 644 
Group01_37.txt
14 47 512 
Group01_40.txt
854 
Group01_45.txt
422 
Group01_46.txt
55 362 
Group01_48.txt
219 
Group01_50.txt
477 
Group02_01.txt
87 169 
Group02_02.txt
154 158 181 
Group02_03.txt
58 303 
Group02_05.txt
368 
Group02_06.txt
84 246 
Group02_08.txt
438 477 
Group02_09.txt
447 
Group02_10.txt
862 897 
Group02_11.txt
613 
Group02_12.txt
41 84 465 
Group02_13.txt
86 330 636 808 
Group02_14.txt
602 
Group02_15.txt
92 294 331 
Group02_16.txt
13 516 
Group02_18.txt
64 74 134 218 377 946 1051 1440 1448 1809 1848 2375 2439 2487 2500 2670 2913 3069 
Group02_19.txt
192 458 488 1000 1024 1395 1399 1770 
Group02_20.txt
95 322 342 891 1064 1632 1775 2068 2077 2630 2640 3004 3249 3447 3475 3637 3885 3973 4004 
Group02_21.txt
108 670 1016 2449 
Group02_22.txt
1401 3616 
Group02_23.txt
46 139 281 959 
Group02_24.txt
75 803 1139 
Group02_25.txt
30 450 567 1015 
Group02_26.txt
126 
Group02_27.txt
255 283 934 1697 
Group02_28.txt
462 821 1252 1256 
Group02_29.txt
238 717 1010 
Group02_30.txt
222 452 706 1384 1631 4257 4335 
Group02_31.txt
121 2243 
Group02_32.txt
78 525 701 759 1313 1504 1529 1950 2220 2311 2447 
Group02_33.txt
404 936 1031 1165 1427 1442 1593 1646 1718 1766 1822 2961 2978 2990 
Group02_34.txt
73 
Group02_35.txt
864 919 925 953 
Group02_36.txt
42 108 145 408 524 737 1023 1169 1246 1299 1515 1550 1692 
Group02_37.txt
213 229 1111 1521 
Group02_38.txt
77 293 1107 1680 1922 2083 2196 3051 
Group02_39.txt
181 208 223 327 378 1284 1452 1521 
Group02_40.txt
484 602 657 714 846 1284 2059 2066 2092 
Group02_41.txt
928 954 1469 
Group02_42.txt
42 52 
Group02_43.txt
315 1595 
Group02_44.txt
342 
Group02_45.txt
167 1757 
Group02_46.txt
20 72 182 202 660 1164 1789 2060 
Group02_47.txt
129 1223 1282 
Group02_48.txt
93 349 1484 1607 1682 1869 
Group02_49.txt
20 105 559 736 1019 1388 1419 1973 2024 2121 3150 3705 3726 3756 3780 
Group02_50.txt
80 655 
Group03_01.txt
159 
Group03_02.txt
145 
Group03_03.txt
524 
Group03_06.txt
576 818 1383 1630 1765 
Group03_07.txt
1499 2129 
Group03_08.txt
649 743 
Group03_09.txt
15 668 
Group03_10.txt
26 129 328 
Group03_11.txt
154 164 168 525 664 750 
Group03_12.txt
816 1271 
Group03_13.txt
612 647 700 
Group03_14.txt
476 663 
Group03_16.txt
316 443 
Group03_17.txt
403 522 
Group03_21.txt
1027 1860 
Group03_24.txt
524 929 963 1217 1223 1308 1541 
Group03_25.txt
109 
Group03_28.txt
511 
Group03_29.txt
138 2056 2153 
Group03_30.txt
600 789 997 
Group03_31.txt
1007 1069 1565 2161 
Group03_32.txt
14 572 709 1284 1303 
Group03_33.txt
1101 
Group03_34.txt
878 1001 1324 1940 2078 2341 
Group03_35.txt
303 
Group03_36.txt
173 1106 1558 
Group03_37.txt
116 1973 
Group03_38.txt
121 1054 
Group03_39.txt
555 692 
Group03_40.txt
1080 
Group03_42.txt
119 
Group03_43.txt
213 
Group03_44.txt
101 542 555 600 
Group03_45.txt
332 334 
Group03_46.txt
492 
Group03_47.txt
325 
Group03_48.txt
369 521 656 
Group03_49.txt
734 826 
Group03_50.txt
296 482 912 1174 1247 1533 
Group04_01.txt
551 
Group04_03.txt
31 447 
Group04_05.txt
28 222 431 
Group04_08.txt
237 505 
Group04_09.txt
502 
Group04_11.txt
397 
Group04_12.txt
187 
Group04_13.txt
1049 
Group04_15.txt
51 127 368 938 946 1107 
Group04_17.txt
496 584 1051 
Group04_18.txt
243 
Group04_20.txt
282 
Group04_24.txt
547 
Group04_25.txt
241 601 
Group04_26.txt
606 
Group04_27.txt
422 559 781 
Group04_29.txt
336 
Group04_30.txt
563 814 
Group04_31.txt
636 
Group04_32.txt
231 286 304 
Group04_34.txt
240 
Group04_36.txt
4 
Group04_37.txt
233 
Group04_39.txt
500 
Group04_40.txt
20 
Group04_41.txt
363 
Group04_43.txt
590 
Group04_44.txt
489 
Group04_45.txt
55 132 
Group04_46.txt
305 813 883 916 1096 1115 
Group04_47.txt
299 656 676 
Group04_50.txt
128 485 
Group05_01.txt
81 
Group05_02.txt
681 793 1242 
Group05_03.txt
147 
Group05_04.txt
607 
Group05_06.txt
23 181 
Group05_08.txt
163 
Group05_10.txt
671 
Group05_13.txt
709 989 
Group05_14.txt
358 875 
Group05_16.txt
164 906 
Group05_17.txt
672 1004 
Group05_18.txt
74 443 616 650 
Group05_19.txt
206 266 782 809 
Group05_23.txt
263 1158 
Group05_24.txt
144 
Group05_25.txt
212 425 533 702 706 876 1205 
Group05_27.txt
302 1187 
Group05_28.txt
489 526 
Group05_30.txt
109 960 
Group05_34.txt
121 
Group05_35.txt
400 
Group05_38.txt
22 184 
Group05_41.txt
390 
Group05_42.txt
159 
Group05_43.txt
50 
Group05_44.txt
177 
Group05_45.txt
441 
Group05_47.txt
74 
Group05_48.txt
85 114 332 525 
Group06_02.txt
367 
Group06_04.txt
335 453 520 560 731 
Group06_09.txt
123 171 
Group06_11.txt
686 
Group06_12.txt
351 
Group06_15.txt
416 
Group06_16.txt
162 782 
Group06_17.txt
73 684 
Group06_18.txt
477 746 
Group06_21.txt
11 43 498 506 529 
Group06_24.txt
255 
Group06_28.txt
9 220 259 
Group06_29.txt
717 
Group06_31.txt
73 684 
Group06_32.txt
541 650 
Group06_38.txt
258 
Group06_39.txt
52 283 417 451 
Group06_43.txt
62 160 
Group06_44.txt
283 
Group06_45.txt
173 553 
Group06_47.txt
576 
Group06_49.txt
402 
Group07_02.txt
47 106 129 285 
Group07_03.txt
99 132 
Group07_04.txt
539 596 
Group07_05.txt
569 
Group07_07.txt
1058 1071 
Group07_08.txt
100 
Group07_09.txt
375 
Group07_10.txt
203 210 368 
Group07_12.txt
267 485 590 1081 
Group07_14.txt
141 
Group07_17.txt
338 
Group07_18.txt
102 157 323 1186 1301 1333 
Group07_20.txt
445 
Group07_21.txt
471 551 
Group07_23.txt
73 433 446 
Group07_24.txt
308 
Group07_26.txt
424 
Group07_28.txt
502 
Group07_29.txt
514 
Group07_30.txt
592 938 
Group07_31.txt
29 45 49 53 525 674 928 1013 1476 1867 
Group07_33.txt
504 547 
Group07_34.txt
127 
Group07_35.txt
118 
Group07_38.txt
626 1115 1514 
Group07_39.txt
173 321 
Group07_40.txt
204 785 
Group07_41.txt
132 188 349 
Group07_44.txt
278 439 799 
Group07_45.txt
211 298 
Group07_46.txt
773 
Group07_47.txt
677 
Group07_48.txt
209 
Group07_49.txt
245 794 2298 2316 2575 
Group07_50.txt
37 336 451 518 
Group08_01.txt
37 211 
Group08_04.txt
686 
Group08_06.txt
404 533 
Group08_08.txt
257 
Group08_09.txt
552 598 
Group08_10.txt
136 310 
Group08_12.txt
229 352 1011 1060 
Group08_14.txt
179 
Group08_15.txt
480 542 597 689 
Group08_16.txt
275 357 694 1134 1142 1658 
Group08_17.txt
1110 
Group08_18.txt
465 481 
Group08_20.txt
156 182 314 379 622 
Group08_23.txt
687 
Group08_27.txt
148 399 
Group08_28.txt
116 729 
Group08_29.txt
478 892 910 
Group08_30.txt
44 213 251 350 1270 1340 1456 
Group08_31.txt
916 
Group08_40.txt
215 
Group08_43.txt
388 637 663 
Group08_49.txt
140 
Group09_01.txt
255 598 
Group09_02.txt
334 469 
Group09_04.txt
78 
Group09_05.txt
929 
Group09_09.txt
115 955 
Group09_10.txt
414 612 798 
Group09_11.txt
81 340 
Group09_12.txt
328 332 
Group09_14.txt
57 245 400 517 747 
Group09_15.txt
474 484 514 
Group09_17.txt
548 
Group09_18.txt
558 
Group09_20.txt
231 452 
Group09_21.txt
12 46 291 477 758 931 
Group09_26.txt
36 303 1154 
Group09_27.txt
19 
Group09_28.txt
387 458 
Group09_29.txt
519 
Group09_31.txt
74 173 473 521 
Group09_33.txt
214 
Group09_34.txt
440 489 
Group09_35.txt
415 
Group09_37.txt
597 
Group09_38.txt
495 
Group09_39.txt
535 675 
Group09_40.txt
387 
Group09_41.txt
231 
Group09_44.txt
51 
Group09_45.txt
521 692 805 
Group09_46.txt
122 
Group09_47.txt
575 
Group09_48.txt
697 
Group09_49.txt
355 400 
Group10_03.txt
128 550 
Group10_04.txt
375 
Group10_07.txt
225 250 
Group10_08.txt
281 334 404 
Group10_09.txt
426 
Group10_13.txt
342 
Group10_14.txt
25 198 253 
Group10_16.txt
278 284 747 808 834 857 
Group10_17.txt
89 263 1072 
Group10_18.txt
86 532 
Group10_19.txt
134 177 306 348 524 
Group10_22.txt
683 
Group10_23.txt
225 
Group10_24.txt
1157 1184 1282 
Group10_25.txt
1187 
Group10_28.txt
565 582 814 1012 
Group10_29.txt
693 887 
Group10_31.txt
176 
Group10_32.txt
233 383 503 
Group10_33.txt
142 313 485 510 1077 1515 
Group10_35.txt
21 1237 1254 1268 1404 
Group10_36.txt
583 879 
Group10_37.txt
21 245 309 417 
Group10_38.txt
118 250 451 497 1187 
Group10_40.txt
111 629 646 670 
Group10_41.txt
307 
Group10_42.txt
457 
Group10_43.txt
945 
Group10_44.txt
265 
Group10_45.txt
52 226 265 
Group10_46.txt
230 546 
Group10_47.txt
841 
Group10_50.txt
327 334 
Group11-04.txt
155 
Group11-05.txt
313 1262 2217 
Group11-08.txt
71 
Group11-09.txt
424 443 484 
Group11-15.txt
399 1334 1807 2021 
Group11-16.txt
208 1015 1051 1565 2033 2475 
Group11-17.txt
365 804 
Group11-18.txt
156 226 333 425 553 677 
Group11-20.txt
613 
Group11-21.txt
783 
Group11-22.txt
539 
Group11-23.txt
661 678 683 
Group11-24.txt
739 1000 1033 1703 
Group11-25.txt
415 
Group11-31.txt
14 
Group11-32.txt
234 
Group11-33.txt
726 1043 
Group11-34.txt
142 
Group11-35.txt
194 
Group11-37.txt
336 
Group11-38.txt
410 448 619 
Group11-39.txt
619 
Group11-42.txt
561 
Group11-44.txt
49 
Group11-45.txt
43 729 
Group11-46.txt
105 
Group11-47.txt
187 
Group11-50.txt
418 715 785 798 944 1007 
Group12_02.txt
1612 1721 1857 2050 
Group12_04.txt
1774 2739 
Group12_05.txt
156 301 
Group12_13.txt
1862 
Group12_17.txt
244 466 
Group12_18.txt
230 
Group12_22.txt
278 
Group12_23.txt
20 118 501 
Group12_24.txt
500 521 760 
Group12_26.txt
769 970 
Group12_33.txt
332 
Group12_38.txt
666 
Group12_39.txt
107 
Group12_40.txt
435 627 
Group12_41.txt
439 482 
Group12_42.txt
177 513 891 895 926 
Group12_43.txt
164 306 
Group12_45.txt
414 
Group12_46.txt
314 406 467 546 550 746 
Group12_48.txt
608 
Group12_49.txt
2256 2503 
Group12_50.txt
389 
Group13_01.txt
137 639 
Group13_02.txt
2238 
Group13_04.txt
73 289 295 502 
Group13_05.txt
1150 1420 
Group13_06.txt
1188 1259 1429 1577 1591 1817 
Group13_07.txt
187 
Group13_08.txt
104 582 
Group13_09.txt
136 580 602 1216 
Group13_10.txt
474 
Group13_12.txt
22 279 344 
Group13_13.txt
215 
Group13_14.txt
8 655 
Group13_16.txt
218 
Group13_17.txt
242 250 290 
Group13_18.txt
622 
Group13_20.txt
488 
Group13_21.txt
846 984 
Group13_22.txt
1562 1662 2384 3024 3681 7720 7974 12455 12656 12963 13063 13434 13948 
Group13_23.txt
778 866 2056 2276 2365 
Group13_24.txt
251 1285 1933 2219 2546 4516 4933 5174 5478 
Group13_25.txt
499 769 862 2190 2319 2559 
Group13_26.txt
207 241 437 1059 1251 1507 1549 1641 1832 1982 1993 2050 2102 2470 2502 2728 3542 3731 3811 4504 5435 5449 5505 6276 6781 6800 7021 7217 7569 8058 8263 8689 8976 
Group13_27.txt
1024 1477 1695 2907 3265 
Group13_28.txt
11 2035 2862 
Group13_29.txt
2049 3174 3383 4678 4700 
Group13_30.txt
690 1443 2145 2890 3029 3550 3600 3650 
Group13_31.txt
362 496 
Group13_32.txt
163 
Group13_33.txt
1092 1882 2206 
Group13_34.txt
299 
Group13_35.txt
821 862 
Group13_37.txt
210 1420 1458 
Group13_38.txt
550 708 1299 
Group13_39.txt
1428 1605 
Group13_41.txt
590 1190 
Group13_42.txt
150 485 880 1100 
Group13_43.txt
1095 
Group13_44.txt
89 1503 
Group13_46.txt
1346 
Group13_47.txt
866 928 1110 1449 
Group13_48.txt
763 776 1681 
Group13_49.txt
581 1564 
Group14_01.txt
161 223 
Group14_02.txt
217 293 
Group14_03.txt
528 
Group14_06.txt
402 404 537 
Group14_07.txt
510 
Group14_08.txt
41 
Group14_13.txt
309 
Group14_14.txt
154 
Group14_16.txt
62 251 340 477 
Group14_18.txt
73 
Group14_19.txt
472 474 
Group14_20.txt
398 443 
Group14_22.txt
453 
Group14_25.txt
237 242 
Group14_26.txt
366 651 
Group14_27.txt
562 
Group14_28.txt
961 964 975 
Group14_29.txt
54 
Group14_30.txt
965 
Group14_31.txt
204 413 
Group14_33.txt
657 
Group14_34.txt
110 216 
Group14_35.txt
200 1303 
Group14_37.txt
173 650 
Group14_38.txt
260 298 336 411 
Group14_39.txt
102 
Group14_40.txt
149 271 540 
Group14_41.txt
28 399 973 982 
Group14_42.txt
65 99 668 802 
Group14_43.txt
25 
Group14_44.txt
331 
Group14_45.txt
501 
Group14_47.txt
26 203 276 
Group14_48.txt
170 414 
Group14_49.txt
31 43 
Group14_50.txt
427 559 
