Group01_14.txt
80 127 
Group01_25.txt
71 
Group02_07.txt
624 
Group02_20.txt
1772 1813 2381 2385 2388 2431 2473 2514 2550 
Group02_22.txt
1331 
Group02_23.txt
256 1094 1115 
Group02_27.txt
354 
Group02_33.txt
3224 3243 
Group02_36.txt
596 
Group02_42.txt
306 320 503 
Group02_47.txt
817 1265 
Group03_07.txt
2292 
Group03_24.txt
784 
Group03_30.txt
762 
Group04_01.txt
429 
Group04_43.txt
166 248 362 
Group05_09.txt
582 
Group05_43.txt
334 
Group06_14.txt
301 397 505 
Group06_15.txt
216 228 
Group06_44.txt
321 838 
Group07_30.txt
74 
Group07_49.txt
1459 
Group08_17.txt
25 49 105 129 
Group08_18.txt
695 
Group09_18.txt
287 345 
Group09_43.txt
677 
Group10_37.txt
763 
Group12_43.txt
5 29 88 210 227 294 324 449 465 524 561 656 691 764 778 837 880 900 908 
Group13_22.txt
159 5896 5941 14748 15590 15994 
Group13_26.txt
2467 2844 2969 2997 
Group13_32.txt
79 
Group14_13.txt
81 
Group14_17.txt
210 
