Group02_18.txt
2778 
Group02_19.txt
19 475 539 1092 1428 
Group02_20.txt
165 347 530 692 970 1199 1205 1211 1374 1625 1763 1970 1976 2082 2367 2590 3487 3953 
Group02_22.txt
959 1267 1473 2111 2258 2524 2615 2722 2793 2995 3309 
Group02_23.txt
792 
Group02_26.txt
547 
Group02_28.txt
439 1795 
Group02_29.txt
800 1016 1024 1032 1236 1269 
Group02_31.txt
2221 2227 2233 2258 2892 
Group02_37.txt
598 699 
Group02_38.txt
1618 1858 1870 3610 
Group02_41.txt
1486 1577 
Group02_45.txt
1959 1963 1966 1969 1972 1975 1978 
Group02_47.txt
701 704 756 1182 1416 
Group02_50.txt
51 1932 1986 2061 2073 2078 
