Group01_07.txt
423 
Group01_10.txt
705 
Group01_25.txt
600 
Group01_34.txt
168 
Group01_43.txt
478 500 553 
Group01_45.txt
548 
Group01_46.txt
62 
Group02_04.txt
87 111 
Group02_15.txt
72 
Group02_16.txt
7 67 798 
Group02_20.txt
562 897 906 931 934 2713 2732 2858 2876 2908 3049 3086 3128 3766 
Group02_21.txt
1805 
Group02_22.txt
1837 2464 2534 
Group02_28.txt
1976 2016 
Group02_30.txt
2274 2285 2309 2878 
Group02_31.txt
244 267 271 289 301 303 318 349 447 558 1237 1264 1303 1338 1354 1369 1381 1409 1443 1465 1508 1535 1683 1963 2112 2164 2969 
Group02_32.txt
2174 
Group02_33.txt
2602 
Group02_36.txt
755 
Group02_38.txt
957 2299 2308 2339 2455 2464 2505 2619 3335 3341 
Group02_41.txt
1532 1535 1546 1557 1570 
Group02_48.txt
1620 1627 1650 1691 1731 2499 2565 2597 
Group03_02.txt
80 273 
Group03_07.txt
2563 
Group03_13.txt
914 
Group03_19.txt
217 
Group03_27.txt
650 
Group03_31.txt
621 755 1278 1441 1459 2678 
Group03_33.txt
117 223 385 477 495 526 1231 1379 1455 
Group03_34.txt
2772 
Group03_36.txt
686 1081 
Group03_37.txt
1580 
Group03_40.txt
96 202 364 456 474 505 
Group03_48.txt
662 
Group03_49.txt
248 
Group03_50.txt
822 
Group04_04.txt
253 
Group04_05.txt
177 195 
Group04_06.txt
162 393 749 
Group04_10.txt
819 
Group04_11.txt
51 
Group04_12.txt
107 
Group04_13.txt
220 822 
Group04_17.txt
566 
Group04_28.txt
353 
Group05_02.txt
187 836 937 
Group05_05.txt
113 232 307 330 
Group05_17.txt
149 241 402 761 
Group05_20.txt
44 
Group05_21.txt
79 651 678 721 
Group05_23.txt
1111 
Group05_25.txt
921 
Group05_27.txt
1471 
Group05_30.txt
524 
Group05_38.txt
145 237 
Group05_40.txt
322 
Group06_01.txt
496 
Group06_11.txt
12 44 67 
Group06_17.txt
270 
Group06_19.txt
51 
Group06_20.txt
380 
Group06_21.txt
453 
Group06_29.txt
704 
Group06_31.txt
270 
Group06_38.txt
444 
Group06_42.txt
80 107 
Group06_48.txt
492 
Group06_49.txt
100 
Group07_16.txt
146 
Group07_29.txt
299 
Group07_31.txt
152 
Group07_48.txt
557 
Group07_49.txt
1515 
Group08_02.txt
456 555 
Group08_06.txt
316 677 
Group08_07.txt
395 
Group08_09.txt
302 
Group08_11.txt
512 540 
Group08_13.txt
624 659 929 987 
Group08_19.txt
70 138 213 462 832 
Group08_29.txt
285 
Group08_40.txt
305 319 
Group08_42.txt
122 
Group09_09.txt
403 
Group09_15.txt
314 
Group09_25.txt
125 181 313 
Group09_37.txt
243 508 
Group09_39.txt
205 
Group09_45.txt
728 
Group09_50.txt
277 
Group10_04.txt
113 
Group10_07.txt
69 93 221 261 285 347 503 578 
Group10_16.txt
365 507 591 611 
Group10_33.txt
698 
Group10_39.txt
712 
Group10_49.txt
705 
Group11-01.txt
132 155 238 559 736 790 
Group11-02.txt
476 779 935 1116 
Group11-04.txt
607 
Group11-05.txt
1217 2396 
Group11-07.txt
543 
Group11-14.txt
101 
Group11-28.txt
231 
Group11-30.txt
243 
Group11-35.txt
390 
Group11-42.txt
68 
Group12_01.txt
202 1013 1353 
Group12_04.txt
2535 
Group12_06.txt
531 
Group12_10.txt
456 
Group12_15.txt
285 
Group12_16.txt
260 447 
Group12_22.txt
17 57 480 
Group12_24.txt
400 
Group12_25.txt
26 117 498 
Group12_32.txt
65 195 
Group12_49.txt
1342 2589 
Group13_04.txt
666 967 
Group13_08.txt
136 665 
Group13_09.txt
436 547 
Group13_16.txt
4 29 123 142 232 272 280 
Group13_20.txt
327 
Group13_22.txt
398 972 1301 1438 2085 2335 2965 3663 3705 4567 4592 4629 8915 15875 15901 16409 
Group13_24.txt
1976 5293 5332 
Group13_26.txt
1107 2638 2953 3383 8693 
Group13_29.txt
4224 
Group13_30.txt
320 1132 2860 2886 3597 4035 4045 4069 
Group13_31.txt
198 309 602 
Group13_34.txt
210 269 
Group13_35.txt
678 
Group13_39.txt
720 853 
Group13_42.txt
732 
Group13_45.txt
247 
Group13_46.txt
838 
Group13_48.txt
1964 2108 
Group13_49.txt
2061 
Group14_08.txt
304 357 444 540 
Group14_16.txt
446 
Group14_22.txt
317 
Group14_35.txt
192 
Group14_36.txt
292 
Group14_48.txt
711 
