Group02_20.txt
788 801 809 
Group02_21.txt
1510 1524 1568 1571 1573 1575 2337 
Group02_22.txt
145 
Group02_27.txt
1133 
Group02_32.txt
2351 2362 
Group02_34.txt
10 403 414 508 648 651 808 858 867 873 876 883 894 897 905 916 921 1075 1204 1225 1286 1296 1372 
Group02_48.txt
2 11 199 229 643 910 945 1073 1185 1286 1297 1341 1365 1757 1776 1812 1823 1838 1842 1846 1859 1907 2033 2107 2130 2159 2240 2256 2264 2316 2372 2381 2397 2412 2428 2448 2580 2620 2627 2658 2679 2699 2716 2742 2749 2763 2785 2792 2804 2820 2845 2857 2890 2914 2935 2951 2957 2963 2973 
Group03_38.txt
49 255 
Group03_45.txt
230 
Group06_24.txt
407 
Group08_19.txt
58 126 197 
Group08_47.txt
207 
Group11-10.txt
154 
Group11-15.txt
736 
Group12_07.txt
745 
Group12_10.txt
355 
Group12_15.txt
321 
