Group01_03.txt
945 
Group01_31.txt
31 270 
Group01_32.txt
528 597 631 995 
Group02_04.txt
699 
Group02_12.txt
251 
Group02_18.txt
1044 
Group02_27.txt
22 154 788 824 828 1118 1122 1128 1161 1201 1261 1376 1648 1722 
Group02_28.txt
418 525 1142 1173 1205 1304 1313 1710 1734 1814 1864 1904 1983 2116 
Group02_29.txt
193 203 228 247 250 500 564 572 912 991 
Group02_38.txt
409 468 599 768 789 822 842 1638 1818 2913 3162 
Group02_39.txt
888 894 
Group02_43.txt
860 
Group02_45.txt
76 234 1803 1934 
Group02_46.txt
708 2177 
Group02_49.txt
1520 4355 
Group02_50.txt
25 72 280 283 344 754 1435 1802 1901 
Group03_06.txt
683 737 
Group03_10.txt
61 
Group03_32.txt
1010 1406 
Group03_34.txt
2859 
Group03_48.txt
355 
Group04_01.txt
304 
Group06_09.txt
189 285 
Group06_11.txt
515 533 600 
Group06_12.txt
289 341 
Group06_13.txt
34 
Group06_15.txt
19 
Group06_26.txt
185 309 
Group06_28.txt
190 
Group06_35.txt
63 136 210 
Group06_36.txt
407 
Group06_40.txt
21 107 217 324 
Group06_41.txt
219 319 328 376 399 
Group06_48.txt
21 318 
Group08_04.txt
583 
Group08_05.txt
184 
Group08_23.txt
583 
Group09_11.txt
386 
Group09_44.txt
434 
Group10_11.txt
562 
Group10_35.txt
730 
Group10_39.txt
588 
Group10_47.txt
652 
Group13_22.txt
6643 
Group13_29.txt
2256 
Group13_35.txt
1463 
Group14_15.txt
233 
Group14_18.txt
123 
Group14_47.txt
492 
Group14_50.txt
639 
