Group02_38.txt
527 
Group02_39.txt
462 
Group03_27.txt
202 
Group04_09.txt
519 
Group04_26.txt
23 50 114 140 207 221 230 238 252 259 538 825 
Group04_38.txt
217 
Group05_20.txt
349 363 505 
Group05_43.txt
603 
Group05_46.txt
343 
Group06_21.txt
213 
Group06_26.txt
645 
Group06_50.txt
176 540 
Group08_29.txt
234 
Group08_30.txt
86 124 185 533 574 1203 1214 1249 1272 1289 1313 1393 
Group09_37.txt
92 796 876 922 1024 1155 
Group11-45.txt
1237 
Group11-50.txt
802 
Group12_01.txt
121 1346 
Group12_23.txt
14 47 112 147 228 425 
Group13_21.txt
834 850 
Group13_33.txt
1609 
Group13_42.txt
181 377 397 441 538 623 992 1071 1129 
Group13_45.txt
984 
Group13_46.txt
831 
Group13_48.txt
1421 
Group14_08.txt
23 44 94 111 
Group14_20.txt
362 
