Group02_20.txt
2403 2775 2784 2816 2873 2875 2893 2897 3923 
Group02_22.txt
1343 
Group02_24.txt
231 245 327 1297 
Group02_30.txt
1940 1974 2012 2147 2175 2332 2356 2389 2628 2678 2693 2719 2777 2796 3016 
Group02_31.txt
184 193 225 295 311 339 405 433 449 467 504 511 537 547 560 576 591 606 614 632 638 671 686 700 712 730 748 761 781 806 832 847 865 878 882 935 943 968 988 1036 1040 1053 1074 1078 1122 1162 1167 1177 1920 
Group02_33.txt
1905 1946 2307 2666 2688 2721 
Group02_44.txt
1012 
Group02_47.txt
799 878 
Group06_41.txt
364 392 474 
Group08_34.txt
207 
Group09_43.txt
446 
Group10_24.txt
929 
Group11-33.txt
289 
Group11-45.txt
266 
Group13_26.txt
8877 
Group13_30.txt
199 
Group13_33.txt
926 
Group14_26.txt
240 
Group14_32.txt
666 
