Group01_37.txt
364 
Group01_42.txt
602 617 
Group01_43.txt
350 
Group02_12.txt
676 706 
Group02_13.txt
40 93 753 870 911 
Group02_14.txt
367 
Group02_15.txt
311 
Group02_16.txt
267 
Group02_17.txt
80 322 370 599 648 703 
Group02_30.txt
1198 1243 1245 1258 1267 1300 1302 1316 
Group02_31.txt
989 
Group02_49.txt
208 267 577 1116 1236 1263 1317 2164 2179 2204 2242 2243 2266 2280 2284 2302 2307 2773 2787 2794 2800 2806 
Group04_07.txt
1 
Group04_12.txt
48 
Group04_23.txt
164 
Group06_10.txt
314 
Group08_24.txt
825 
Group09_07.txt
479 
Group10_17.txt
1056 
Group12_16.txt
348 505 512 
Group13_01.txt
714 
Group13_02.txt
15 36 312 397 692 1817 1969 2049 2142 2208 2279 
Group13_04.txt
746 
Group13_05.txt
924 1156 1161 1380 2010 2063 2100 
Group13_06.txt
143 158 293 302 310 610 772 998 1004 1011 1029 1581 1799 2085 2107 2184 2194 2214 2260 2272 2291 2482 
Group13_07.txt
344 365 368 382 385 399 402 460 515 549 552 
Group13_09.txt
45 112 453 485 678 1045 1297 1316 1455 1531 1781 
Group13_10.txt
140 161 
Group13_11.txt
516 
Group13_50.txt
492 
