Group01_25.txt
371 
Group03_31.txt
2153 
Group04_07.txt
673 
Group04_12.txt
420 
Group05_02.txt
579 1106 1118 
Group05_13.txt
1 19 36 64 83 110 158 166 208 234 269 292 331 337 342 382 399 416 486 517 529 611 776 870 940 956 963 973 1012 1090 1097 1108 1114 1147 1188 1215 
Group05_14.txt
880 
Group05_15.txt
156 393 568 573 580 
Group05_19.txt
704 
Group05_21.txt
846 
Group05_25.txt
726 747 797 819 835 886 
Group05_50.txt
426 608 613 620 
Group06_04.txt
609 
Group06_48.txt
9 63 69 131 335 466 483 522 537 
Group07_48.txt
959 
Group08_01.txt
91 
Group08_10.txt
30 70 190 
Group08_12.txt
808 
Group08_15.txt
11 64 132 232 349 672 833 855 
Group08_36.txt
0 22 135 211 230 
Group08_47.txt
246 355 398 
Group10_06.txt
102 128 140 159 164 353 404 408 558 603 635 641 741 
Group10_19.txt
77 97 
Group11-01.txt
595 
Group11-30.txt
234 
Group12_24.txt
494 
Group12_49.txt
52 844 
Group13_26.txt
2036 8485 
Group13_29.txt
92 743 999 1075 1083 2484 2802 4098 5294 5393 5403 5444 
Group13_39.txt
875 887 1895 
