Group03_44.txt
1011 
Group06_23.txt
10 
Group08_06.txt
549 
Group08_21.txt
559 
Group08_24.txt
148 
Group09_14.txt
175 408 
Group10_49.txt
17 90 276 785 
Group11-16.txt
307 
Group11-28.txt
46 173 553 
Group12_04.txt
131 172 282 430 932 1031 1059 1789 1796 1859 1953 2023 2109 2471 2754 2761 
Group12_05.txt
185 457 
Group12_06.txt
210 
Group12_07.txt
53 75 152 165 1230 1236 
Group12_08.txt
31 147 492 
Group12_09.txt
173 202 515 842 1147 
Group13_24.txt
4932 
Group13_48.txt
357 750 839 
Group13_50.txt
922 
Group14_40.txt
0 522 
