Group01_35.txt
53 365 
Group01_39.txt
395 
Group01_42.txt
41 
Group04_32.txt
134 
Group05_02.txt
432 633 
Group05_16.txt
303 
Group05_30.txt
4 36 76 120 259 330 435 509 785 837 
Group07_49.txt
1497 1524 
Group08_12.txt
677 758 
Group08_15.txt
492 
Group08_24.txt
932 
Group09_21.txt
196 
Group09_25.txt
124 180 312 
Group09_26.txt
188 
Group09_30.txt
441 
Group09_33.txt
225 
Group09_47.txt
217 
Group10_50.txt
206 
Group12_29.txt
406 
Group12_42.txt
848 
Group13_06.txt
2065 
Group13_26.txt
3386 7043 
Group13_30.txt
1 10 67 272 311 339 421 531 645 676 820 973 1031 1118 1405 1437 1761 2504 2538 2551 2553 2629 2666 2899 3117 3464 3569 3579 
Group13_34.txt
279 
Group14_08.txt
27 369 426 
