Group01_03.txt
49 959 
Group01_04.txt
38 117 137 307 
Group01_06.txt
38 1042 
Group01_07.txt
281 322 
Group01_09.txt
305 
Group01_10.txt
331 540 875 890 
Group01_11.txt
106 229 307 381 
Group01_12.txt
541 
Group01_13.txt
116 131 
Group01_16.txt
361 402 
Group01_17.txt
252 
Group01_20.txt
147 621 
Group01_21.txt
296 537 
Group01_23.txt
593 
Group01_24.txt
38 117 137 
Group01_25.txt
188 404 422 579 954 
Group01_27.txt
65 290 384 
Group01_28.txt
243 
Group01_29.txt
615 
Group01_30.txt
639 
Group01_31.txt
134 
Group01_32.txt
297 795 1118 
Group01_33.txt
54 621 683 
Group01_35.txt
50 532 585 596 1149 
Group01_37.txt
99 111 
Group01_38.txt
294 534 
Group01_39.txt
141 
Group01_41.txt
94 
Group01_42.txt
112 249 550 
Group01_43.txt
253 469 
Group01_45.txt
127 
Group01_46.txt
147 199 412 425 
Group01_47.txt
281 
Group01_48.txt
78 208 280 323 350 398 428 489 
Group01_49.txt
507 
Group02_01.txt
12 231 280 648 
Group02_03.txt
676 758 966 
Group02_04.txt
114 636 
Group02_05.txt
729 
Group02_06.txt
486 568 
Group02_07.txt
251 491 639 748 777 
Group02_08.txt
196 227 548 
Group02_10.txt
16 509 
Group02_11.txt
9 28 261 302 782 
Group02_13.txt
140 847 
Group02_15.txt
528 
Group02_16.txt
939 
Group02_17.txt
23 327 
Group02_18.txt
402 427 1158 1235 1257 1644 1679 1693 1707 1725 1738 1891 1965 2241 
Group02_20.txt
1517 2102 2320 2360 2683 2973 3077 3278 3286 3752 4113 
Group02_22.txt
349 1136 2313 2772 3132 3371 3487 3558 
Group02_23.txt
271 284 311 498 785 
Group02_24.txt
615 941 1032 1068 
Group02_25.txt
847 
Group02_27.txt
200 1104 1325 1578 
Group02_28.txt
392 885 1771 
Group02_29.txt
538 706 1206 1245 
Group02_30.txt
480 2601 2814 2839 3630 3703 4446 
Group02_31.txt
148 302 395 498 775 996 1145 1402 1483 1973 2593 
Group02_32.txt
58 303 1274 1349 1408 1443 1704 2643 
Group02_33.txt
131 2630 3162 
Group02_35.txt
38 671 
Group02_36.txt
390 473 665 929 965 1344 1602 1786 
Group02_37.txt
409 
Group02_38.txt
491 1189 1953 1968 2267 2270 2305 2671 2674 2772 2801 3106 3126 3312 
Group02_39.txt
523 813 1406 1637 1648 
Group02_40.txt
197 279 555 1238 1435 1493 1547 1562 1723 2015 2091 2198 2227 
Group02_41.txt
26 946 1128 1190 
Group02_42.txt
75 92 304 318 352 356 404 487 498 564 747 
Group02_43.txt
170 412 450 1392 
Group02_44.txt
780 
Group02_45.txt
590 677 700 815 893 1087 1879 
Group02_46.txt
299 383 1141 1187 1359 1560 1595 2118 2593 
Group02_47.txt
811 1098 1148 
Group02_48.txt
282 1395 2443 2615 
Group02_49.txt
2516 2693 2739 3897 3992 4008 4112 4191 4212 4333 
Group02_50.txt
839 1409 1601 
Group03_01.txt
4 
Group03_03.txt
399 
Group03_05.txt
31 128 151 177 519 
Group03_06.txt
276 493 604 866 
Group03_07.txt
321 368 583 821 1099 
Group03_08.txt
131 370 591 612 691 
Group03_09.txt
477 607 620 1018 
Group03_10.txt
199 305 399 497 574 683 
Group03_11.txt
12 22 31 68 81 382 
Group03_12.txt
320 1260 
Group03_13.txt
30 191 505 522 760 1317 
Group03_14.txt
6 
Group03_15.txt
107 222 242 295 585 
Group03_16.txt
112 595 811 
Group03_17.txt
561 876 
Group03_18.txt
746 
Group03_19.txt
350 477 
Group03_20.txt
242 251 557 939 
Group03_21.txt
1670 2020 
Group03_22.txt
180 570 1095 
Group03_23.txt
180 302 346 557 615 
Group03_24.txt
573 1744 
Group03_25.txt
130 
Group03_26.txt
1491 
Group03_27.txt
1063 1097 
Group03_28.txt
323 559 713 820 999 1022 
Group03_29.txt
142 234 754 911 1152 1256 
Group03_30.txt
112 190 347 371 516 822 879 1559 
Group03_31.txt
467 479 961 1367 2040 
Group03_32.txt
36 1296 
Group03_33.txt
143 1169 1268 
Group03_34.txt
2052 2533 
Group03_35.txt
917 
Group03_36.txt
584 1568 
Group03_37.txt
163 2316 2374 
Group03_38.txt
43 113 
Group03_39.txt
19 
Group03_40.txt
122 1148 
Group03_42.txt
123 215 744 904 1149 1274 
Group03_43.txt
83 304 388 
Group03_44.txt
129 289 798 816 888 1217 1274 
Group03_46.txt
238 277 283 
Group03_47.txt
233 299 
Group03_48.txt
310 426 
Group03_49.txt
92 169 
Group03_50.txt
207 325 344 561 581 701 1081 1352 1477 
Group04_01.txt
452 583 654 
Group04_02.txt
251 
Group04_03.txt
419 
Group04_06.txt
670 868 
Group04_08.txt
218 
Group04_09.txt
38 459 
Group04_10.txt
335 
Group04_13.txt
232 
Group04_14.txt
192 
Group04_15.txt
158 313 325 577 806 1031 
Group04_16.txt
416 
Group04_17.txt
145 218 368 652 738 749 791 1041 
Group04_19.txt
25 
Group04_20.txt
306 327 405 
Group04_21.txt
115 254 797 
Group04_23.txt
215 
Group04_25.txt
632 
Group04_26.txt
726 861 
Group04_27.txt
103 299 339 348 378 
Group04_29.txt
218 
Group04_30.txt
61 142 
Group04_31.txt
174 263 280 426 
Group04_32.txt
528 616 
Group04_33.txt
57 102 643 661 702 722 
Group04_34.txt
107 
Group04_35.txt
315 
Group04_36.txt
317 
Group04_37.txt
51 
Group04_38.txt
502 
Group04_39.txt
367 
Group04_41.txt
28 476 519 
Group04_43.txt
105 208 561 641 
Group04_44.txt
37 55 66 534 569 594 
Group04_46.txt
100 
Group04_47.txt
109 430 
Group04_48.txt
210 382 
Group04_50.txt
6 44 438 602 709 
Group05_02.txt
975 990 1039 1049 
Group05_03.txt
135 
Group05_04.txt
872 
Group05_06.txt
667 1021 1042 
Group05_07.txt
157 233 
Group05_08.txt
192 324 353 
Group05_10.txt
470 491 515 
Group05_11.txt
71 
Group05_13.txt
9 300 312 707 1259 
Group05_14.txt
665 
Group05_15.txt
188 
Group05_16.txt
640 684 736 793 
Group05_17.txt
487 
Group05_18.txt
252 404 754 868 
Group05_19.txt
188 296 
Group05_20.txt
100 134 740 
Group05_21.txt
358 902 
Group05_22.txt
145 
Group05_23.txt
64 270 437 1054 
Group05_24.txt
46 232 416 573 
Group05_25.txt
130 195 746 888 988 
Group05_27.txt
455 1136 
Group05_28.txt
133 214 247 268 339 
Group05_29.txt
137 317 
Group05_30.txt
145 290 340 373 476 570 
Group05_31.txt
18 
Group05_32.txt
73 209 
Group05_35.txt
268 
Group05_37.txt
43 
Group05_38.txt
125 
Group05_39.txt
314 
Group05_40.txt
260 
Group05_46.txt
568 
Group05_48.txt
110 210 256 435 499 504 
Group05_49.txt
777 
Group05_50.txt
221 
Group06_02.txt
300 
Group06_03.txt
204 
Group06_06.txt
283 
Group06_07.txt
258 617 
Group06_08.txt
315 
Group06_09.txt
307 405 
Group06_10.txt
25 516 644 
Group06_11.txt
319 365 824 
Group06_13.txt
256 
Group06_14.txt
404 466 
Group06_15.txt
517 
Group06_16.txt
153 336 1063 
Group06_17.txt
335 584 740 
Group06_18.txt
355 515 543 559 572 
Group06_19.txt
330 
Group06_20.txt
23 
Group06_23.txt
857 
Group06_24.txt
42 76 207 
Group06_25.txt
291 305 
Group06_26.txt
72 369 
Group06_27.txt
163 225 
Group06_28.txt
330 
Group06_29.txt
716 
Group06_31.txt
335 584 740 
Group06_32.txt
162 496 709 747 
Group06_33.txt
337 425 
Group06_34.txt
346 417 
Group06_35.txt
65 81 
Group06_36.txt
275 297 
Group06_37.txt
195 
Group06_38.txt
296 552 
Group06_39.txt
366 
Group06_40.txt
98 488 
Group06_41.txt
150 
Group06_43.txt
27 408 503 704 
Group06_44.txt
16 342 537 605 638 742 759 
Group06_48.txt
257 
Group06_49.txt
44 
Group06_50.txt
200 
Group07_01.txt
507 528 745 
Group07_03.txt
149 693 1480 1659 2280 
Group07_04.txt
428 603 625 1277 
Group07_05.txt
924 
Group07_06.txt
45 315 785 
Group07_07.txt
10 42 1084 
Group07_09.txt
562 
Group07_10.txt
310 
Group07_12.txt
368 736 809 
Group07_13.txt
544 
Group07_15.txt
69 171 
Group07_17.txt
446 459 
Group07_19.txt
368 
Group07_21.txt
572 
Group07_23.txt
157 
Group07_24.txt
1595 
Group07_25.txt
8 247 
Group07_26.txt
276 
Group07_28.txt
115 
Group07_29.txt
363 
Group07_30.txt
808 
Group07_31.txt
31 962 1828 
Group07_36.txt
865 
Group07_37.txt
745 1346 
Group07_47.txt
549 
Group07_48.txt
504 
Group07_49.txt
36 104 315 827 1146 1174 1463 2302 2481 2518 2546 
Group07_50.txt
291 
Group08_01.txt
117 168 203 
Group08_02.txt
635 
Group08_04.txt
331 707 
Group08_06.txt
290 
Group08_10.txt
216 267 302 
Group08_12.txt
169 277 344 948 984 
Group08_13.txt
76 152 316 1090 
Group08_14.txt
403 
Group08_15.txt
56 124 341 717 821 
Group08_16.txt
228 249 638 715 1263 1395 1609 1750 
Group08_17.txt
742 769 
Group08_18.txt
268 
Group08_20.txt
747 
Group08_21.txt
319 373 
Group08_22.txt
155 217 274 
Group08_23.txt
331 708 
Group08_24.txt
451 659 765 940 
Group08_25.txt
101 263 
Group08_27.txt
70 
Group08_28.txt
575 
Group08_29.txt
23 983 
Group08_30.txt
49 256 589 
Group08_31.txt
113 178 272 414 
Group08_32.txt
182 
Group08_33.txt
193 
Group08_35.txt
368 
Group08_36.txt
255 
Group08_39.txt
205 
Group08_42.txt
173 
Group08_43.txt
182 557 
Group08_45.txt
13 219 
Group08_46.txt
216 
Group08_47.txt
67 98 
Group08_48.txt
360 
Group08_50.txt
175 191 265 481 505 
Group09_01.txt
110 493 514 622 
Group09_03.txt
34 231 306 459 
Group09_07.txt
67 699 834 
Group09_09.txt
266 758 
Group09_14.txt
213 
Group09_16.txt
196 427 
Group09_17.txt
375 
Group09_18.txt
519 
Group09_19.txt
102 383 388 
Group09_20.txt
219 520 
Group09_21.txt
429 
Group09_22.txt
204 
Group09_23.txt
178 182 319 
Group09_24.txt
223 
Group09_26.txt
460 
Group09_27.txt
424 514 
Group09_31.txt
280 418 
Group09_33.txt
295 
Group09_35.txt
103 372 638 
Group09_36.txt
153 385 
Group09_37.txt
133 279 
Group09_38.txt
353 456 
Group09_39.txt
29 67 144 
Group09_40.txt
4 9 59 
Group09_41.txt
544 592 
Group09_44.txt
354 362 439 
Group09_45.txt
547 778 793 
Group09_46.txt
116 321 511 
Group09_47.txt
59 83 
Group09_48.txt
232 308 587 
Group09_50.txt
315 480 639 
Group10_03.txt
283 467 823 
Group10_05.txt
956 
Group10_09.txt
478 
Group10_10.txt
56 862 924 
Group10_11.txt
301 
Group10_12.txt
117 197 
Group10_13.txt
488 
Group10_15.txt
654 
Group10_16.txt
160 186 799 
Group10_19.txt
451 
Group10_20.txt
369 441 
Group10_21.txt
166 441 
Group10_22.txt
33 91 189 212 284 495 795 
Group10_24.txt
352 1023 1093 
Group10_25.txt
384 455 541 723 794 880 
Group10_27.txt
719 
Group10_28.txt
163 467 625 786 817 
Group10_29.txt
407 445 472 
Group10_30.txt
20 35 249 273 327 
Group10_33.txt
818 1161 1568 1595 
Group10_34.txt
79 247 
Group10_35.txt
225 613 658 821 1274 
Group10_36.txt
106 123 231 
Group10_37.txt
306 
Group10_38.txt
488 548 741 982 
Group10_39.txt
549 
Group10_40.txt
46 122 600 625 
Group10_42.txt
545 
Group10_44.txt
250 282 515 
Group10_45.txt
63 203 363 377 480 569 
Group10_47.txt
767 
Group10_48.txt
310 
Group10_50.txt
151 
Group11-02.txt
83 501 771 1194 
Group11-04.txt
237 
Group11-05.txt
1183 1483 1503 
Group11-06.txt
253 
Group11-07.txt
218 408 708 
Group11-09.txt
138 198 
Group11-10.txt
47 339 
Group11-11.txt
393 
Group11-12.txt
112 142 294 535 
Group11-13.txt
152 193 201 
Group11-14.txt
676 1137 
Group11-15.txt
1589 1858 2328 
Group11-16.txt
2756 
Group11-19.txt
124 
Group11-20.txt
443 
Group11-21.txt
10 371 393 623 
Group11-22.txt
312 765 
Group11-23.txt
165 298 
Group11-24.txt
577 1735 1751 1990 2154 
Group11-25.txt
132 616 
Group11-27.txt
137 
Group11-28.txt
902 
Group11-29.txt
689 
Group11-30.txt
37 565 
Group11-32.txt
388 738 
Group11-35.txt
72 
Group11-36.txt
278 288 316 
Group11-37.txt
759 779 
Group11-38.txt
547 656 737 748 756 
Group11-40.txt
300 364 
Group11-43.txt
46 
Group11-44.txt
52 232 370 
Group11-45.txt
222 264 932 1176 1191 
Group11-46.txt
1285 
Group11-47.txt
92 
Group11-49.txt
176 208 
Group12_01.txt
1051 1221 
Group12_02.txt
153 272 333 353 902 953 1182 1411 1459 1654 
Group12_03.txt
196 571 662 993 
Group12_04.txt
78 980 
Group12_06.txt
321 668 856 1031 
Group12_07.txt
248 279 
Group12_09.txt
373 696 798 
Group12_13.txt
1221 
Group12_19.txt
634 1004 1068 1130 
Group12_22.txt
795 
Group12_23.txt
317 430 
Group12_24.txt
459 479 
Group12_26.txt
37 256 
Group12_28.txt
115 
Group12_30.txt
97 298 427 
Group12_31.txt
240 480 
Group12_36.txt
51 264 282 
Group12_37.txt
521 524 
Group12_38.txt
452 
Group12_39.txt
382 460 827 
Group12_40.txt
264 293 492 
Group12_42.txt
1152 1208 1305 1349 1460 
Group12_46.txt
368 
Group12_49.txt
709 1119 1455 2227 
Group13_01.txt
85 
Group13_02.txt
2027 
Group13_05.txt
68 422 457 527 718 
Group13_07.txt
170 618 
Group13_09.txt
150 
Group13_10.txt
792 
Group13_11.txt
135 554 
Group13_12.txt
74 
Group13_15.txt
265 
Group13_17.txt
81 
Group13_21.txt
77 
Group13_22.txt
2188 2667 6093 6609 9699 9952 10966 12846 15319 16219 
Group13_23.txt
1046 1530 2012 3135 
Group13_24.txt
1952 2251 2865 3109 3187 3325 3558 3608 4087 4855 4897 5531 
Group13_25.txt
222 451 855 
Group13_26.txt
357 632 1173 1762 2657 2718 2966 3245 4094 5237 6935 6943 6963 7020 8183 9282 10038 
Group13_27.txt
694 773 1375 1401 2132 2759 3040 3431 
Group13_28.txt
624 746 982 998 1038 1177 1681 1955 2873 3352 
Group13_29.txt
270 719 1114 1939 2010 2231 2358 3227 3266 4898 
Group13_30.txt
176 209 237 551 704 862 1139 1480 1654 2017 2048 3269 3458 3997 
Group13_32.txt
67 986 
Group13_33.txt
379 467 760 918 1474 
Group13_35.txt
147 611 656 
Group13_36.txt
1388 
Group13_37.txt
391 1668 
Group13_38.txt
1510 
Group13_39.txt
483 1621 
Group13_40.txt
332 
Group13_41.txt
495 1214 1526 
Group13_43.txt
422 1540 
Group13_44.txt
872 3459 
Group13_45.txt
24 175 409 
Group13_47.txt
852 856 1308 1742 
Group13_48.txt
945 1531 
Group13_49.txt
425 436 769 1246 1491 
Group13_50.txt
707 1266 
Group14_02.txt
44 
Group14_03.txt
42 125 198 
Group14_04.txt
193 
Group14_05.txt
326 
Group14_06.txt
84 169 
Group14_07.txt
501 551 
Group14_08.txt
110 
Group14_09.txt
432 
Group14_10.txt
257 309 505 
Group14_13.txt
317 414 
Group14_16.txt
397 
Group14_17.txt
206 
Group14_20.txt
160 
Group14_23.txt
204 
Group14_27.txt
371 
Group14_30.txt
320 
Group14_31.txt
658 789 843 
Group14_32.txt
84 413 557 
Group14_33.txt
70 313 
Group14_34.txt
556 
Group14_36.txt
567 
Group14_37.txt
331 
Group14_38.txt
103 
Group14_39.txt
83 204 277 283 320 337 663 
Group14_40.txt
189 503 638 688 1012 
Group14_43.txt
338 611 
Group14_44.txt
473 582 771 
Group14_45.txt
522 
Group14_46.txt
52 279 
Group14_47.txt
690 
Group14_48.txt
550 595 
Group14_50.txt
104 403 455 515 
