Group01_01.txt
102 224 270 338 393 420 449 459 467 521 545 558 619 
Group01_02.txt
22 256 272 317 320 323 332 
Group01_03.txt
194 313 358 427 462 522 557 712 996 1012 1158 1193 1231 
Group01_04.txt
93 97 122 232 288 317 361 385 397 
Group01_05.txt
56 272 
Group01_06.txt
272 419 432 483 609 750 899 923 1000 1062 
Group01_07.txt
103 127 243 287 408 546 621 625 
Group01_08.txt
118 583 726 816 838 871 1009 1017 
Group01_10.txt
6 317 434 537 677 728 808 848 966 
Group01_11.txt
152 163 219 272 294 321 372 477 594 619 637 654 667 696 734 845 849 855 913 986 
Group01_12.txt
84 249 342 367 675 707 
Group01_13.txt
88 
Group01_14.txt
63 135 401 424 586 609 
Group01_15.txt
26 68 214 286 332 360 371 
Group01_16.txt
258 270 284 302 354 
Group01_17.txt
23 67 122 173 216 270 330 346 
Group01_18.txt
217 
Group01_19.txt
14 27 109 149 220 255 326 354 366 380 452 530 617 691 710 714 756 
Group01_20.txt
152 340 376 433 509 522 612 650 676 690 
Group01_21.txt
61 111 138 168 251 341 445 453 552 
Group01_22.txt
258 374 
Group01_23.txt
5 39 213 269 460 547 587 611 642 
Group01_24.txt
93 97 122 232 288 310 354 378 390 
Group01_25.txt
35 52 77 117 136 341 391 484 538 874 984 1083 1141 
Group01_26.txt
243 332 428 451 679 726 
Group01_27.txt
57 99 157 173 279 292 309 336 348 
Group01_28.txt
65 149 274 452 
Group01_29.txt
30 83 131 235 336 384 443 472 587 601 643 657 664 788 811 
Group01_30.txt
21 234 311 393 428 534 726 761 
Group01_31.txt
202 350 
Group01_32.txt
177 277 552 730 747 778 866 977 1105 1165 1262 
Group01_33.txt
281 419 480 497 506 555 638 728 742 
Group01_34.txt
429 674 
Group01_35.txt
42 162 190 260 520 554 626 651 784 822 846 1240 1262 1291 
Group01_36.txt
98 129 326 376 452 509 531 556 628 
Group01_37.txt
130 216 245 284 310 318 323 335 351 410 491 
Group01_38.txt
61 110 137 167 249 339 443 451 549 
Group01_39.txt
197 269 449 475 530 
Group01_40.txt
103 298 353 750 834 
Group01_41.txt
45 79 123 132 145 168 186 206 220 275 307 330 523 
Group01_42.txt
81 130 219 257 318 421 533 553 608 
Group01_43.txt
46 67 167 178 210 232 295 379 413 480 570 
Group01_44.txt
184 227 254 294 311 436 
Group01_45.txt
95 190 229 274 329 373 426 
Group01_46.txt
67 117 192 196 381 396 476 542 
Group01_47.txt
27 73 101 167 272 337 345 354 404 
Group01_48.txt
26 100 302 
Group01_49.txt
78 330 368 454 493 525 
Group01_50.txt
10 59 102 166 209 281 311 336 388 405 423 471 
Group02_01.txt
49 62 97 106 255 270 474 679 
Group02_02.txt
147 244 326 393 545 568 717 780 822 881 
Group02_03.txt
79 222 250 639 672 683 836 
Group02_04.txt
117 127 172 236 251 537 568 597 613 637 729 
Group02_05.txt
11 113 159 177 219 335 450 464 659 674 733 
Group02_06.txt
23 65 135 332 368 413 471 534 591 823 867 885 
Group02_07.txt
267 281 308 589 613 668 754 
Group02_08.txt
34 190 476 
Group02_09.txt
8 140 353 451 564 582 586 670 750 756 762 786 
Group02_10.txt
13 87 318 342 391 405 460 539 571 757 786 816 854 965 1101 
Group02_11.txt
56 179 255 343 363 373 495 718 868 
Group02_12.txt
146 193 245 360 380 445 462 499 608 629 648 674 728 731 754 814 875 1013 
Group02_13.txt
34 83 187 245 258 288 353 378 410 708 804 919 979 
Group02_14.txt
63 68 228 297 327 335 356 374 396 489 642 669 683 694 735 752 763 781 798 812 863 
Group02_15.txt
58 78 325 337 354 420 468 
Group02_16.txt
70 225 263 353 430 447 503 523 535 627 692 707 829 836 
Group02_17.txt
58 78 248 328 354 375 580 601 
Group02_18.txt
62 101 138 349 379 423 564 610 660 734 768 854 883 904 941 1101 1152 1226 1251 1275 1305 1342 1427 1569 1585 1714 1722 1838 1865 1883 1938 1989 2046 2083 2296 2299 2312 2318 2367 2380 2433 2462 2577 2585 2736 2768 2788 2812 2829 3039 3048 3055 3134 
Group02_19.txt
292 308 313 486 563 569 650 688 726 762 775 879 935 960 1027 1039 1236 1253 1263 1273 1316 1330 1355 1403 1546 1661 1665 1679 1783 1803 1817 
Group02_20.txt
31 48 74 151 230 309 340 502 514 539 938 1002 1009 1099 1117 1165 1222 1233 1243 1253 1280 1321 1443 1502 1541 1554 1593 1609 1656 1688 1718 1733 1750 1790 1889 1892 1905 2075 2268 2278 2293 2301 2304 2391 2395 2409 2422 2467 2524 2534 2556 2656 2669 2673 2698 2803 2814 2993 3172 3357 3407 3450 3529 3608 3613 3630 3748 3758 3870 3921 4057 4114 4186 
Group02_21.txt
82 96 102 105 134 181 191 235 313 330 339 374 402 463 633 660 695 728 881 896 919 926 932 1066 1102 1126 1145 1166 1295 1354 1386 1494 1670 1679 1705 1714 1762 1774 1811 1834 1853 1913 1952 1985 2108 2150 2241 2268 2311 2412 2506 2596 2651 2665 2674 2693 2729 2799 2846 2870 
Group02_22.txt
63 139 154 218 230 258 261 311 314 659 677 714 724 747 758 854 902 1050 1351 1488 1509 1546 1574 1608 1730 1751 1817 1828 1974 2060 2075 2119 2179 2225 2329 2353 2375 2468 2481 2485 2513 2552 2600 2645 2649 2658 2769 2804 2820 2860 2928 2956 3051 3222 3346 3434 3449 3562 3594 3615 3656 
Group02_23.txt
12 40 238 249 268 277 304 316 422 544 573 875 898 928 971 1007 1135 1215 1355 1537 1571 
Group02_24.txt
21 77 158 194 250 351 372 437 449 460 478 610 634 704 713 743 1036 1115 1193 1378 1389 1433 1472 
Group02_25.txt
69 214 358 386 393 493 656 681 763 793 810 823 861 903 935 977 1045 1123 1194 1230 1278 1296 
Group02_26.txt
41 120 204 313 402 609 751 771 
Group02_27.txt
97 140 189 281 314 438 488 544 563 645 653 670 728 899 921 940 1007 1147 1186 1231 1255 1276 1286 1313 1377 1452 1467 1482 1493 1518 1526 1569 1613 1649 1724 1758 1832 
Group02_28.txt
50 357 384 399 456 544 560 663 764 1179 1200 1321 1332 1525 1552 1580 1661 1674 1691 1703 1826 1848 1907 1943 1950 2008 2049 2097 2111 2125 
Group02_29.txt
124 222 235 242 267 386 395 450 529 614 671 751 786 883 886 895 905 974 
Group02_30.txt
310 428 445 602 801 896 919 947 1158 1192 1262 1279 1297 1312 1327 1361 1402 1519 1542 1938 2136 2354 2401 2499 2564 2595 2690 2703 2819 2846 2859 2976 3095 3107 3271 3314 3439 3539 3573 3773 3795 3904 3930 3941 4100 4121 4310 4407 4429 
Group02_31.txt
212 223 445 472 492 509 565 702 747 772 1244 1319 1365 1536 1687 1692 1737 1891 1946 1964 2017 2387 2470 2594 2598 2651 2667 2781 2926 2960 
Group02_32.txt
36 50 294 333 402 811 865 1020 1062 1159 1325 1345 1482 1491 1548 1551 1575 1626 1678 1698 1707 1740 1785 1853 1878 2047 2283 2393 2408 2552 2607 2628 
Group02_33.txt
63 217 241 262 531 558 620 906 1055 1075 1167 1195 1213 1242 1289 1326 1371 1397 1426 1480 1610 1661 1684 1726 1873 1986 2020 2156 2244 2285 2300 2344 2448 2500 2545 2597 2651 2719 2731 2746 2913 3029 3145 3231 3268 3282 3337 3369 3448 
Group02_34.txt
11 71 112 357 367 431 447 492 626 797 840 884 906 934 1052 1064 1066 1096 
Group02_35.txt
51 91 99 111 271 359 467 668 870 
Group02_36.txt
20 77 134 250 405 420 460 554 691 716 760 774 782 883 901 933 938 979 1114 1172 1306 1331 1362 1369 1443 1500 1554 1562 1610 1695 1716 1742 1767 
Group02_37.txt
6 136 253 461 564 644 751 768 777 818 883 906 942 955 1144 1173 1254 1297 1428 
Group02_38.txt
170 233 253 289 345 506 588 600 756 785 823 843 925 935 959 986 1008 1058 1085 1149 1168 1184 1213 1255 1306 1313 1399 1499 1592 1718 1746 1913 1931 1954 1969 2024 2111 2156 2240 2322 2334 2375 2409 2498 2506 2563 2610 2732 2795 2847 2854 2894 3173 3337 3450 3475 3484 3521 3530 
Group02_39.txt
31 96 132 166 172 254 312 396 458 558 575 594 626 641 648 661 790 859 895 902 1022 1208 1242 1260 1355 1451 1473 1500 1573 1602 1711 
Group02_40.txt
27 190 296 298 301 469 487 556 649 731 775 830 851 918 946 1090 1108 1132 1142 1178 1183 1218 1687 1693 1825 1943 2042 2062 2191 2245 2270 2285 2291 2318 
Group02_41.txt
12 19 138 345 353 571 688 716 727 910 947 978 1009 1047 1076 1118 1147 1193 1195 1242 1283 1333 1427 1462 1480 1586 
Group02_42.txt
31 86 120 238 361 543 646 690 794 
Group02_43.txt
54 127 206 210 227 406 477 732 753 840 908 1144 1164 1177 1261 1341 1423 1486 1524 1630 
Group02_44.txt
58 370 397 481 542 554 572 697 884 935 1109 1246 1253 1256 1297 1325 1346 1380 1394 1428 1551 1582 1623 1642 1658 
Group02_45.txt
16 32 50 192 215 235 328 554 631 812 939 1020 1039 1075 1077 1131 1138 1202 1239 1300 1358 1380 1396 1501 1534 1550 1709 1744 1955 
Group02_46.txt
24 49 111 154 229 261 471 648 721 821 865 993 1051 1079 1179 1224 1244 1259 1529 1545 1576 1829 1851 1881 1935 2048 2128 2171 2185 2202 2398 2535 2550 2564 2580 
Group02_47.txt
36 84 226 413 432 575 1022 1136 1152 1167 
Group02_48.txt
133 475 480 671 999 1047 1094 1186 1210 1219 1439 1518 1571 1685 1738 1864 2088 2099 2120 2220 2300 2387 2482 2489 2637 2685 2810 2831 2833 2964 
Group02_49.txt
268 344 372 692 766 822 903 1104 1181 1274 1639 1677 1752 1796 2050 2258 2363 2385 2398 2477 2508 2640 2685 2823 2839 2859 2921 3007 3105 3263 3280 3332 3424 3462 3471 3495 3570 3586 3632 4081 4335 
Group02_50.txt
171 212 284 426 620 632 681 688 719 768 780 984 1026 1061 1130 1145 1280 1350 1499 1752 1861 1872 1889 2010 
Group03_01.txt
101 131 323 362 
Group03_02.txt
297 354 512 521 680 
Group03_03.txt
3 48 175 198 232 349 427 474 520 566 582 674 697 749 763 773 776 877 958 1044 1060 1092 1164 1247 1249 1273 
Group03_04.txt
198 210 258 265 271 279 301 326 334 359 435 481 489 536 545 556 761 978 1235 1240 1252 1271 1314 1571 1590 1620 1634 1669 1736 1783 1799 1886 1899 1921 2131 2215 2221 2232 2272 2283 
Group03_05.txt
248 363 376 444 463 536 580 621 769 793 854 908 956 
Group03_06.txt
194 397 415 487 579 587 676 831 891 915 1045 1162 1180 1193 1264 1290 1511 1668 1870 2093 2166 2241 2360 2371 2414 2434 2534 2555 2559 2581 2588 2593 2679 2708 2757 
Group03_07.txt
138 170 188 265 415 447 514 526 644 754 792 1083 1094 1168 1231 1303 1317 1466 1497 1627 1654 1682 1743 1752 1777 1786 1817 1844 1897 1928 1934 1941 1990 2017 2065 2230 2233 2278 2374 2404 2477 2499 2556 2600 2604 2657 2706 
Group03_08.txt
41 86 103 492 504 513 515 652 675 704 740 750 777 784 842 847 860 
Group03_09.txt
7 26 128 149 192 286 335 352 376 386 405 436 469 508 573 635 654 664 672 687 698 715 721 813 831 856 886 948 1057 1068 
Group03_10.txt
178 184 195 375 595 637 784 792 838 856 
Group03_11.txt
129 161 217 326 345 514 527 606 851 
Group03_12.txt
111 125 161 168 185 212 245 265 289 310 414 592 629 698 756 806 848 869 988 1000 1011 1057 1102 1159 1219 1298 1303 
Group03_13.txt
180 290 427 485 742 791 988 1000 1269 
Group03_14.txt
69 113 377 435 570 587 612 858 912 978 993 1041 1231 
Group03_15.txt
45 53 79 231 243 290 302 491 563 649 733 
Group03_16.txt
126 142 164 240 382 457 491 772 814 912 
Group03_17.txt
34 54 79 86 162 662 761 
Group03_18.txt
93 113 661 744 981 
Group03_19.txt
91 210 413 840 870 892 916 
Group03_20.txt
143 263 359 590 611 615 792 866 947 963 
Group03_21.txt
111 263 369 416 522 529 604 716 729 768 853 941 1142 1251 1261 1363 1492 1648 1739 1773 1862 
Group03_22.txt
267 307 335 350 370 608 869 885 1057 1086 1146 
Group03_23.txt
422 451 525 609 670 702 729 
Group03_24.txt
57 210 294 387 474 657 665 769 867 875 966 1046 1167 1392 1427 1536 1702 1745 1776 1873 
Group03_25.txt
66 85 172 243 282 512 537 608 620 640 678 
Group03_26.txt
55 104 393 523 533 571 622 654 679 749 794 879 882 912 1112 1154 1169 1177 1180 1345 1370 1398 1409 1502 1516 1528 1547 1557 1602 
Group03_27.txt
109 163 295 312 343 356 548 569 594 601 695 742 796 830 961 1068 1073 1091 1190 1264 1282 1360 1381 1412 1609 1627 1794 1813 1821 1846 1922 
Group03_28.txt
122 129 213 228 242 248 370 382 415 469 501 607 961 992 1017 
Group03_29.txt
197 264 284 432 549 590 693 747 987 1059 1083 1172 1198 1217 1275 1315 1378 1628 1642 2049 2088 2135 
Group03_30.txt
287 356 462 480 530 735 812 918 969 996 1004 1043 1045 1108 1156 1224 1270 1421 1539 1547 1598 1610 
Group03_31.txt
64 273 288 388 453 557 578 585 597 612 653 715 771 823 867 877 973 1098 1188 1392 1418 1422 1436 1451 1542 1620 1642 1657 1758 1882 1979 2041 2224 2280 2333 2344 2367 2372 2441 2499 2509 2813 2839 2844 
Group03_32.txt
98 122 144 413 505 717 753 762 820 894 939 966 983 1029 1038 1086 1131 1317 1343 1463 1508 
Group03_33.txt
56 363 542 795 908 1145 1174 1216 1242 1322 1333 1359 1398 1410 1440 
Group03_34.txt
8 356 366 391 412 510 598 645 766 852 875 930 946 984 1166 1375 1402 1429 1469 1541 1545 1613 1754 1813 1836 1876 1936 2055 2082 2227 2229 2247 2287 2303 2315 2329 2389 2517 2569 2624 2631 2643 2681 2788 2816 
Group03_35.txt
46 183 241 390 774 832 932 934 961 1051 1083 1128 1148 1279 1292 
Group03_36.txt
24 225 305 381 421 523 553 575 598 682 761 820 828 898 917 921 1014 1120 1147 1170 1184 1218 1226 1310 1327 1351 1448 1496 1546 
Group03_37.txt
59 77 89 120 155 325 376 477 500 528 721 741 798 877 892 1017 1071 1209 1364 1385 1403 1419 1485 1505 1515 1526 1582 1636 1645 1805 1824 1888 1912 1928 1970 2004 2085 2120 2261 
Group03_38.txt
108 116 176 181 234 349 425 531 551 569 735 780 807 812 840 914 
Group03_39.txt
81 105 127 396 488 700 736 745 803 877 
Group03_40.txt
35 342 521 774 887 1124 1153 
Group03_41.txt
114 130 180 197 301 
Group03_42.txt
178 245 268 416 533 574 683 737 980 1056 1080 1190 1216 1235 1293 1333 1396 1654 1668 
Group03_43.txt
41 54 168 438 463 515 577 651 653 688 
Group03_44.txt
54 100 148 191 319 430 489 498 625 675 704 728 913 1037 1059 1099 1187 1215 1237 1313 1332 1419 1458 1474 
Group03_45.txt
75 365 398 
Group03_46.txt
135 148 233 304 312 334 388 402 554 
Group03_47.txt
35 125 171 254 507 663 684 708 850 882 930 968 1032 
Group03_48.txt
89 125 209 292 356 476 529 588 608 635 711 723 785 
Group03_49.txt
22 130 151 317 457 522 552 573 648 732 818 
Group03_50.txt
2 9 169 190 198 220 303 367 469 509 766 797 974 981 1019 1042 1107 1150 1196 1225 1257 1376 1407 1493 1527 1531 1594 
Group04_01.txt
36 43 58 106 154 171 187 390 411 424 529 680 694 739 
Group04_02.txt
232 302 369 444 509 539 586 624 658 
Group04_03.txt
25 53 250 324 360 366 451 495 512 579 
Group04_04.txt
65 126 188 206 335 
Group04_05.txt
102 155 209 295 381 435 444 517 535 574 632 638 
Group04_06.txt
115 136 159 198 225 453 643 678 699 762 775 801 893 
Group04_07.txt
153 181 311 320 385 450 558 629 806 813 952 1070 1137 1213 
Group04_08.txt
232 250 277 312 493 677 
Group04_09.txt
41 123 138 158 314 342 610 
Group04_10.txt
146 296 326 676 
Group04_11.txt
12 104 163 200 233 239 257 409 417 534 
Group04_12.txt
71 92 158 214 300 345 406 430 479 657 661 672 
Group04_13.txt
25 40 73 101 120 238 266 314 370 453 476 488 597 696 710 834 849 918 935 942 962 975 998 1002 1070 1098 1103 
Group04_14.txt
159 196 452 572 662 
Group04_15.txt
14 50 115 151 165 194 209 253 339 352 611 617 641 665 709 725 781 837 839 881 884 920 1006 1034 1100 1127 1180 1186 1210 
Group04_16.txt
199 377 
Group04_17.txt
48 78 187 214 225 251 342 373 494 508 543 661 682 835 967 982 989 1031 1097 1132 
Group04_18.txt
107 225 250 306 411 447 451 529 572 
Group04_19.txt
57 67 81 127 240 287 469 
Group04_20.txt
90 247 272 341 459 507 512 
Group04_21.txt
29 75 199 280 328 642 976 
Group04_22.txt
99 104 265 421 424 
Group04_23.txt
283 313 426 433 519 526 533 552 651 656 694 
Group04_24.txt
33 66 174 183 216 278 321 341 479 588 637 654 
Group04_25.txt
240 255 400 415 427 491 620 
Group04_26.txt
134 166 428 532 583 612 645 840 849 
Group04_27.txt
300 387 397 417 475 487 522 573 611 733 
Group04_28.txt
220 354 365 
Group04_29.txt
422 447 463 502 587 611 
Group04_30.txt
15 96 176 181 287 290 296 382 433 645 661 757 788 795 857 970 982 992 
Group04_31.txt
514 576 595 
Group04_32.txt
54 109 212 280 361 375 653 663 684 726 763 771 816 844 
Group04_33.txt
66 140 146 186 305 452 510 593 
Group04_34.txt
42 55 69 78 120 284 340 402 430 499 591 798 845 886 941 
Group04_35.txt
48 152 241 511 559 
Group04_36.txt
42 48 54 63 263 295 335 378 406 411 456 467 487 536 562 587 658 681 738 787 802 813 
Group04_37.txt
426 456 469 481 538 544 
Group04_38.txt
99 139 166 284 433 453 640 
Group04_39.txt
27 121 272 526 645 848 884 954 
Group04_40.txt
29 60 493 
Group04_41.txt
39 45 58 101 207 273 415 473 552 770 913 1107 
Group04_42.txt
51 84 100 227 356 371 404 483 485 500 
Group04_43.txt
30 70 388 490 529 543 607 617 771 
Group04_44.txt
77 170 369 448 651 706 
Group04_45.txt
19 36 64 104 129 152 499 523 
Group04_46.txt
143 244 411 449 471 759 765 815 886 918 931 950 993 
Group04_47.txt
28 98 204 254 310 369 380 396 426 510 522 637 
Group04_48.txt
369 395 404 
Group04_49.txt
209 433 452 526 572 592 605 613 
Group04_50.txt
28 90 226 427 525 536 565 
Group05_01.txt
39 89 177 
Group05_02.txt
119 133 639 841 849 900 996 1114 1187 1232 
Group05_03.txt
31 90 
Group05_04.txt
29 99 426 559 573 768 1000 1050 
Group05_05.txt
18 50 68 100 115 131 217 248 
Group05_06.txt
114 127 302 427 571 728 814 873 903 959 1035 1135 1185 1196 
Group05_07.txt
244 298 367 388 497 
Group05_08.txt
71 180 247 306 341 392 
Group05_09.txt
192 196 200 236 285 337 350 685 787 825 956 
Group05_10.txt
95 117 137 224 246 270 354 461 472 695 
Group05_11.txt
129 176 245 273 328 461 
Group05_12.txt
75 
Group05_13.txt
132 175 184 218 261 313 333 406 488 533 558 569 573 640 668 695 734 811 854 953 1004 1018 1045 1078 1099 1149 1167 1206 1225 
Group05_14.txt
316 626 635 640 724 803 930 
Group05_15.txt
143 189 423 502 535 589 
Group05_16.txt
168 321 348 373 454 510 562 571 590 672 705 754 849 873 
Group05_17.txt
97 182 197 236 250 314 373 683 695 751 839 845 1055 1114 
Group05_18.txt
78 108 223 327 339 353 426 455 483 522 580 601 635 652 681 738 778 794 837 853 858 922 960 972 987 
Group05_19.txt
27 102 140 226 442 458 465 480 498 508 567 587 622 712 738 769 787 790 
Group05_20.txt
92 228 245 276 445 546 596 701 705 746 865 
Group05_21.txt
28 96 275 451 585 759 
Group05_22.txt
23 36 56 67 254 267 277 302 356 456 
Group05_23.txt
187 212 318 346 399 504 546 553 736 788 821 832 918 1036 1078 1189 1250 1335 1368 1391 1419 
Group05_24.txt
70 130 150 331 337 376 578 
Group05_25.txt
117 270 289 326 593 647 673 687 692 826 855 858 907 968 1038 1108 
Group05_26.txt
56 210 350 396 497 514 526 625 642 694 792 800 
Group05_27.txt
119 166 233 385 569 946 988 1009 1074 1096 1120 1343 1363 1384 
Group05_28.txt
36 145 168 220 242 275 296 353 361 364 405 454 479 501 
Group05_29.txt
67 410 
Group05_30.txt
18 85 198 537 550 623 689 711 923 
Group05_31.txt
125 131 163 283 
Group05_32.txt
98 198 467 496 543 592 620 708 723 754 
Group05_33.txt
48 
Group05_34.txt
29 37 168 
Group05_35.txt
31 124 200 262 349 368 522 
Group05_38.txt
171 277 292 
Group05_39.txt
47 106 201 259 
Group05_40.txt
8 21 106 200 422 441 
Group05_41.txt
26 56 92 148 170 273 
Group05_42.txt
3 
Group05_43.txt
118 192 213 552 633 
Group05_44.txt
74 85 103 187 242 297 354 732 756 798 916 969 994 1066 1097 1124 
Group05_45.txt
168 248 281 315 484 655 728 744 836 1004 1015 1018 1028 1042 1064 1146 1202 1235 
Group05_46.txt
282 416 
Group05_48.txt
15 118 154 335 369 399 433 507 512 
Group05_49.txt
33 140 273 280 456 596 850 908 
Group05_50.txt
198 222 463 542 575 629 
Group06_01.txt
99 192 262 354 461 493 504 
Group06_02.txt
76 145 161 172 226 284 291 305 313 316 385 420 501 503 517 527 531 626 671 726 
Group06_03.txt
62 131 192 236 250 315 358 368 424 457 464 546 556 608 636 
Group06_04.txt
99 172 372 375 473 524 530 581 622 650 717 746 
Group06_05.txt
27 47 82 274 421 440 452 522 532 633 706 731 
Group06_06.txt
33 183 353 431 462 479 487 522 594 716 748 807 
Group06_07.txt
20 43 86 105 143 155 192 219 230 247 442 486 545 560 573 607 643 661 663 
Group06_08.txt
37 50 113 260 303 445 500 
Group06_09.txt
44 104 120 257 283 398 
Group06_10.txt
35 68 96 367 449 477 497 
Group06_11.txt
47 70 115 147 207 225 269 305 342 477 491 650 668 728 790 849 
Group06_12.txt
18 48 133 178 328 354 396 470 559 
Group06_13.txt
99 107 412 422 503 536 
Group06_14.txt
123 161 318 482 527 560 570 592 636 
Group06_15.txt
54 150 153 163 174 183 221 306 350 361 375 441 513 533 600 627 700 734 854 872 
Group06_16.txt
40 282 385 584 760 890 935 990 1115 
Group06_17.txt
121 194 207 215 285 380 457 649 698 708 758 796 853 867 
Group06_18.txt
200 215 255 277 329 353 418 474 584 620 647 743 
Group06_19.txt
89 110 125 156 511 588 613 636 643 655 674 750 759 
Group06_20.txt
48 167 226 303 440 514 534 609 686 
Group06_21.txt
30 66 181 186 191 300 398 705 729 
Group06_22.txt
158 175 209 311 381 455 504 571 
Group06_23.txt
98 146 199 206 261 289 538 586 789 
Group06_24.txt
197 337 
Group06_25.txt
48 81 129 240 251 285 367 379 478 595 
Group06_26.txt
329 448 485 522 529 667 
Group06_27.txt
25 114 159 523 
Group06_28.txt
16 50 81 124 224 338 401 469 542 571 599 622 711 745 
Group06_29.txt
42 121 131 157 251 290 448 526 545 588 617 697 
Group06_30.txt
234 319 513 
Group06_31.txt
121 194 207 215 285 380 457 649 698 708 758 796 853 867 
Group06_32.txt
154 196 249 350 463 485 593 636 
Group06_33.txt
15 55 104 297 384 390 403 409 510 525 631 732 
Group06_34.txt
35 120 188 354 404 470 
Group06_35.txt
21 48 151 356 
Group06_36.txt
70 311 590 596 606 642 654 680 
Group06_37.txt
84 304 348 364 417 428 449 517 520 
Group06_38.txt
15 154 183 231 242 265 273 292 311 321 364 470 486 517 
Group06_39.txt
11 41 67 141 182 234 279 310 370 416 429 497 
Group06_40.txt
379 
Group06_41.txt
48 347 527 
Group06_42.txt
159 287 338 364 424 540 572 
Group06_43.txt
24 84 175 267 340 533 561 577 678 711 
Group06_44.txt
57 192 281 325 354 499 528 578 657 694 713 723 813 825 895 
Group06_45.txt
36 48 165 193 231 241 333 434 516 547 559 
Group06_46.txt
37 47 147 196 226 297 349 354 376 411 469 570 577 606 613 
Group06_47.txt
51 132 489 531 556 588 618 
Group06_48.txt
22 55 113 204 219 244 261 290 319 348 428 
Group06_49.txt
10 106 117 182 190 272 353 367 464 485 514 546 
Group06_50.txt
182 465 
Group07_01.txt
120 303 578 645 738 770 785 
Group07_02.txt
67 84 290 347 406 498 505 634 679 833 850 
Group07_03.txt
109 209 288 340 371 459 486 511 531 591 600 731 787 915 1037 1063 1081 1376 1436 1467 1486 1551 1552 1605 1623 1770 1832 1939 2126 2275 2415 2433 2453 2508 2609 2621 2655 2661 2695 2711 2724 2824 2853 
Group07_04.txt
81 176 249 349 365 453 559 567 580 701 782 837 861 995 
Group07_05.txt
148 174 211 290 343 427 450 524 540 631 758 847 889 
Group07_06.txt
144 164 173 339 747 751 756 
Group07_07.txt
70 94 150 169 184 198 219 364 380 587 671 681 696 731 775 794 800 988 1008 1019 1113 1147 1194 1220 1309 1397 
Group07_08.txt
120 163 318 405 488 540 552 585 
Group07_09.txt
101 134 182 242 252 354 
Group07_10.txt
73 191 244 304 311 343 421 455 
Group07_11.txt
137 154 171 202 245 301 373 446 536 590 604 616 
Group07_12.txt
305 412 519 656 777 832 863 988 1051 
Group07_13.txt
173 216 577 589 630 
Group07_14.txt
387 
Group07_15.txt
59 74 137 232 243 244 287 301 314 364 394 465 535 539 563 
Group07_16.txt
87 134 147 293 350 390 481 531 555 658 664 703 756 
Group07_17.txt
376 
Group07_18.txt
119 160 197 246 285 300 310 319 329 433 453 469 479 509 534 557 586 621 631 657 672 764 907 1023 1072 1112 1223 1376 
Group07_19.txt
54 107 251 369 419 458 632 642 652 697 862 893 919 929 
Group07_20.txt
83 96 183 303 332 341 363 424 515 
Group07_21.txt
44 60 100 116 131 352 379 385 560 626 669 766 777 878 900 905 
Group07_22.txt
53 108 128 181 298 304 335 443 723 764 774 795 
Group07_23.txt
350 368 
Group07_24.txt
359 570 594 1390 1454 2029 
Group07_25.txt
33 58 
Group07_26.txt
160 447 485 543 597 631 
Group07_30.txt
36 52 151 266 279 286 360 436 518 542 635 692 
Group07_31.txt
370 475 487 607 628 630 636 682 746 785 801 904 927 997 1017 1080 1190 1321 1333 1399 1474 1499 1513 1584 1637 1709 1808 1937 
Group07_32.txt
176 194 229 237 292 336 452 
Group07_33.txt
87 124 150 278 317 344 401 569 612 653 
Group07_34.txt
66 75 517 
Group07_35.txt
26 129 166 303 445 
Group07_36.txt
103 133 143 149 170 257 301 321 365 374 391 556 598 667 680 729 733 774 812 910 945 995 1046 1138 1149 1177 1192 1257 1285 1297 1316 1321 1364 
Group07_37.txt
365 441 607 622 721 945 951 959 971 976 1031 1038 1056 1255 1343 1361 1426 1540 1585 1662 1720 
Group07_38.txt
65 73 86 438 634 647 666 700 748 883 894 932 943 954 964 970 1022 1066 1088 1111 1128 1176 1190 1195 1278 1296 1316 1343 1400 1423 1428 1445 1495 1533 1553 1609 1619 1718 1744 1791 1887 1923 1963 
Group07_39.txt
133 485 606 645 
Group07_40.txt
70 118 133 209 215 244 265 322 540 549 610 722 
Group07_41.txt
296 300 345 373 578 590 599 619 
Group07_42.txt
91 196 210 318 354 517 600 652 668 679 681 
Group07_43.txt
127 391 
Group07_44.txt
47 179 208 310 355 376 430 694 
Group07_45.txt
8 61 70 123 167 192 338 
Group07_46.txt
170 756 770 
Group07_47.txt
181 249 284 473 539 546 600 
Group07_48.txt
61 73 83 95 175 207 341 388 525 550 561 613 714 795 818 870 971 975 1082 1133 1199 
Group07_49.txt
180 196 252 447 558 637 823 983 1160 1268 1297 1390 1858 1868 2019 2477 2548 2635 
Group07_50.txt
36 163 355 563 
Group08_01.txt
27 74 92 157 445 500 554 
Group08_02.txt
108 297 323 339 363 379 407 458 600 
Group08_03.txt
355 367 398 508 531 542 566 584 
Group08_04.txt
36 89 409 
Group08_05.txt
176 
Group08_06.txt
201 484 538 633 696 723 772 787 810 821 941 988 1010 
Group08_07.txt
92 133 160 170 211 286 
Group08_08.txt
129 224 251 
Group08_09.txt
236 306 386 420 473 482 506 554 565 575 695 709 
Group08_10.txt
31 71 126 173 191 256 544 599 653 
Group08_11.txt
105 399 457 496 570 800 820 823 835 
Group08_12.txt
252 376 456 537 561 601 633 659 810 833 852 867 904 921 962 1009 1074 
Group08_13.txt
49 71 125 147 288 311 345 414 455 480 507 548 589 713 818 943 
Group08_14.txt
19 51 633 
Group08_15.txt
179 372 382 551 727 
Group08_16.txt
150 255 586 940 945 965 1136 1211 1368 1492 
Group08_17.txt
61 141 215 267 513 544 604 826 946 959 1031 1068 1217 
Group08_18.txt
174 184 261 430 458 578 708 
Group08_19.txt
309 375 530 588 597 682 698 836 
Group08_20.txt
176 624 882 892 920 1037 1173 1201 1466 1505 
Group08_21.txt
302 320 350 398 401 506 
Group08_22.txt
449 703 725 850 901 
Group08_23.txt
36 89 409 
Group08_24.txt
129 213 226 449 582 653 791 861 958 
Group08_25.txt
155 324 474 621 707 745 798 815 992 
Group08_27.txt
55 96 232 
Group08_28.txt
739 
Group08_29.txt
280 532 879 1215 1280 1371 1407 1469 1506 
Group08_30.txt
216 370 386 447 568 610 770 884 1028 1113 1171 1256 1503 1516 1571 
Group08_31.txt
21 58 193 304 369 382 587 787 822 869 900 
Group08_32.txt
77 
Group08_33.txt
99 228 
Group08_34.txt
149 471 
Group08_35.txt
139 
Group08_36.txt
154 158 247 283 341 
Group08_37.txt
68 119 
Group08_38.txt
125 219 306 
Group08_39.txt
474 
Group08_41.txt
147 181 288 
Group08_42.txt
96 156 302 
Group08_43.txt
77 115 136 157 359 580 602 
Group08_45.txt
186 220 
Group08_46.txt
104 298 331 
Group08_47.txt
182 262 280 286 411 
Group08_49.txt
154 228 244 287 
Group08_50.txt
346 423 506 559 582 
Group09_01.txt
43 52 223 252 293 352 459 496 523 542 
Group09_02.txt
29 87 174 229 330 388 493 
Group09_03.txt
54 170 273 343 381 407 436 469 474 484 524 569 
Group09_04.txt
76 357 372 418 431 541 564 
Group09_05.txt
286 331 344 393 426 457 503 562 577 876 
Group09_06.txt
46 136 190 205 250 290 320 379 403 414 459 
Group09_07.txt
1 114 185 298 329 434 458 468 539 557 662 729 739 755 788 917 
Group09_08.txt
73 157 227 242 259 275 310 358 375 536 
Group09_09.txt
160 331 399 467 518 548 550 786 814 832 
Group09_10.txt
83 121 140 203 320 431 444 758 828 
Group09_11.txt
50 572 610 
Group09_12.txt
283 313 361 504 
Group09_13.txt
52 77 117 380 444 541 552 572 599 603 
Group09_14.txt
115 161 257 485 509 583 628 670 695 732 840 
Group09_15.txt
35 57 93 158 201 286 402 447 456 468 
Group09_16.txt
43 86 94 159 227 268 463 481 
Group09_17.txt
54 68 142 171 214 247 282 295 352 391 486 515 686 739 789 
Group09_18.txt
26 204 293 328 392 431 456 476 492 513 531 606 
Group09_19.txt
171 260 280 458 486 515 
Group09_20.txt
186 210 373 389 485 493 565 
Group09_21.txt
52 123 326 350 374 465 561 742 777 871 898 959 1092 1100 
Group09_22.txt
171 208 466 587 677 
Group09_23.txt
32 60 183 193 207 241 294 310 357 436 462 479 529 553 576 634 
Group09_24.txt
56 58 276 284 397 476 
Group09_25.txt
152 161 352 388 523 
Group09_26.txt
213 227 345 428 519 562 734 955 1019 1272 
Group09_27.txt
263 343 361 485 502 
Group09_28.txt
87 94 121 188 196 200 430 505 520 538 
Group09_29.txt
44 69 164 296 339 349 375 386 507 550 563 617 621 
Group09_30.txt
78 
Group09_31.txt
58 73 87 124 127 203 238 285 353 464 488 
Group09_32.txt
13 92 104 112 143 164 177 354 428 436 481 586 
Group09_33.txt
87 150 164 217 340 423 433 476 507 
Group09_34.txt
38 211 265 282 328 355 375 381 387 461 
Group09_35.txt
24 56 108 196 304 457 497 627 736 
Group09_36.txt
102 135 144 205 258 267 277 306 325 336 439 481 517 542 
Group09_37.txt
169 305 340 386 427 461 482 595 739 806 835 861 901 992 1006 1182 1188 1259 
Group09_38.txt
256 264 283 335 345 371 402 505 520 542 564 606 
Group09_39.txt
153 192 267 283 347 443 531 548 681 
Group09_40.txt
30 43 90 168 225 240 364 423 522 574 606 633 684 697 706 720 
Group09_41.txt
43 133 145 209 297 397 560 576 
Group09_42.txt
69 169 298 475 489 563 611 634 
Group09_43.txt
25 52 242 280 370 393 532 557 577 588 614 
Group09_44.txt
117 131 230 281 335 375 401 431 472 480 
Group09_45.txt
18 50 90 128 310 318 472 526 571 707 717 732 748 771 796 804 
Group09_46.txt
75 129 204 222 348 362 441 568 
Group09_47.txt
43 75 143 221 241 271 307 448 461 
Group09_48.txt
111 133 152 185 216 221 272 289 384 443 448 511 556 683 692 721 743 
Group09_49.txt
62 181 263 264 277 285 335 371 499 581 707 723 734 792 897 
Group09_50.txt
170 283 299 367 386 400 427 439 627 
Group10_01.txt
43 79 119 194 233 262 321 341 354 360 496 591 609 630 692 732 
Group10_02.txt
44 93 193 256 311 332 385 393 
Group10_03.txt
37 123 147 213 321 430 459 563 587 721 819 836 842 943 
Group10_04.txt
73 139 158 233 288 353 389 399 433 461 474 505 516 545 566 587 
Group10_05.txt
75 218 239 288 312 349 460 472 610 643 696 772 849 859 
Group10_06.txt
15 46 90 112 171 207 260 277 377 470 565 610 
Group10_07.txt
87 162 210 254 555 
Group10_08.txt
18 26 65 214 266 357 496 523 561 572 628 637 663 666 686 
Group10_09.txt
100 210 308 342 354 404 544 672 791 824 890 1008 1035 
Group10_10.txt
148 263 457 470 536 561 568 665 696 713 783 829 
Group10_11.txt
57 196 272 428 473 509 526 972 1105 1181 
Group10_12.txt
48 295 308 346 649 667 
Group10_13.txt
233 298 422 486 504 606 607 626 631 650 665 668 671 724 
Group10_14.txt
394 412 513 
Group10_15.txt
39 106 112 311 448 486 524 643 672 
Group10_16.txt
338 614 648 
Group10_17.txt
23 54 680 885 932 949 1071 
Group10_18.txt
4 96 279 301 368 417 471 677 683 696 726 755 
Group10_19.txt
26 99 251 340 369 
Group10_20.txt
178 182 462 564 
Group10_21.txt
302 347 456 504 580 668 780 838 861 899 
Group10_22.txt
24 40 82 519 798 
Group10_23.txt
134 201 289 341 383 422 426 651 
Group10_24.txt
315 367 646 683 712 888 902 995 1006 1010 1012 1024 1047 1139 1276 1289 1306 
Group10_25.txt
56 91 166 298 305 417 433 461 492 532 564 593 605 637 644 756 772 800 831 871 903 932 944 980 1028 1046 1061 1071 1138 1150 
Group10_26.txt
44 93 193 256 311 332 385 393 
Group10_27.txt
59 80 242 378 403 508 518 576 601 659 683 711 721 746 761 855 892 1002 1010 1058 
Group10_28.txt
3 29 178 192 206 217 513 657 727 745 750 768 819 873 877 891 893 905 1033 
Group10_29.txt
2 88 258 370 581 656 666 845 897 964 979 
Group10_30.txt
145 315 450 
Group10_31.txt
28 57 413 631 
Group10_32.txt
49 89 125 190 202 229 237 367 381 534 651 657 703 
Group10_33.txt
28 72 167 261 276 329 342 396 458 496 515 707 767 788 837 955 1065 1083 1646 1689 1723 
Group10_34.txt
36 71 101 369 414 478 521 539 
Group10_35.txt
39 84 93 130 148 163 191 226 340 352 491 502 550 568 637 652 673 734 809 843 857 909 999 1034 1060 1151 1190 1221 1229 1246 1281 1328 1365 1408 1464 1478 1520 1687 1703 1705 
Group10_36.txt
94 145 204 242 513 626 721 859 862 
Group10_37.txt
72 85 345 591 615 650 692 737 756 
Group10_38.txt
14 30 76 85 238 262 304 360 379 477 504 537 581 627 660 704 756 790 947 991 1097 1110 1126 1140 1155 1175 1225 1237 
Group10_39.txt
245 375 436 476 872 876 943 972 
Group10_40.txt
249 589 
Group10_41.txt
129 194 274 325 400 453 498 531 576 
Group10_42.txt
11 20 54 58 210 653 
Group10_43.txt
57 584 614 777 821 890 
Group10_44.txt
191 375 741 
Group10_45.txt
115 228 399 652 
Group10_46.txt
601 
Group10_47.txt
15 25 39 72 406 409 432 454 481 757 777 825 924 982 
Group10_48.txt
229 305 317 350 413 516 525 593 692 
Group10_49.txt
312 395 752 766 782 
Group10_50.txt
176 414 
Group11-01.txt
153 225 312 332 372 
Group11-02.txt
69 99 107 122 134 158 169 261 339 381 401 677 723 728 748 869 900 909 923 1065 1118 1181 1205 
Group11-03.txt
142 254 380 441 450 484 571 589 608 627 712 
Group11-04.txt
117 343 372 413 523 561 640 903 
Group11-05.txt
55 158 218 231 426 522 548 557 697 723 767 879 889 918 1019 1045 1064 1250 1294 1306 1311 1475 1598 1830 1854 1878 2019 2028 2057 2081 2099 2275 2322 2359 2398 
Group11-06.txt
15 66 87 330 342 360 382 403 429 468 
Group11-07.txt
133 315 323 352 439 567 666 
Group11-08.txt
215 328 563 567 
Group11-09.txt
89 191 311 344 352 437 463 
Group11-10.txt
413 446 
Group11-11.txt
91 122 166 309 426 469 537 
Group11-12.txt
64 131 171 237 247 397 428 523 550 633 713 
Group11-13.txt
100 110 226 254 312 321 383 711 
Group11-14.txt
139 163 296 311 343 360 461 572 665 712 752 774 849 905 918 950 981 1099 1117 1207 
Group11-15.txt
120 202 217 442 481 495 539 599 607 628 640 707 931 977 982 985 994 1046 1166 1227 1461 1501 1557 1562 1578 1605 1631 1647 1654 1675 1726 1842 1903 1905 1910 1911 1932 1959 1970 2002 2006 2065 2229 2242 2280 2396 
Group11-16.txt
147 301 310 341 355 381 585 633 673 691 704 764 800 1167 1227 1239 1255 1287 1459 1529 1533 1562 1624 1649 1652 1841 1944 1946 2042 2053 2135 2162 2206 2228 2242 2372 2422 2532 2563 2575 2663 2692 2700 2814 2820 2904 2978 3072 3101 3228 3273 3277 
Group11-17.txt
13 185 288 350 579 703 724 734 
Group11-18.txt
4 118 185 269 358 361 376 416 486 510 604 
Group11-19.txt
64 260 304 323 387 530 
Group11-20.txt
35 163 174 343 402 501 547 653 704 720 748 800 823 961 974 994 1010 1058 1190 1239 
Group11-21.txt
54 157 198 656 
Group11-22.txt
25 236 291 305 337 433 503 527 532 538 553 587 634 660 780 901 920 937 
Group11-23.txt
30 129 255 299 437 452 590 651 696 725 810 836 
Group11-24.txt
50 104 117 132 184 279 324 523 535 562 591 622 647 698 741 802 825 854 1010 1017 1027 1153 1288 1304 1358 1394 1420 1465 1531 1621 1685 1745 1835 1889 1908 1928 2038 2048 2081 2184 2275 2282 2293 2434 2535 2596 2639 
Group11-25.txt
49 343 470 671 
Group11-26.txt
79 103 114 142 193 263 
Group11-27.txt
107 224 255 
Group11-28.txt
44 265 363 424 463 
Group11-29.txt
96 124 244 264 279 588 
Group11-30.txt
57 104 230 336 370 418 456 518 
Group11-31.txt
140 202 279 364 396 427 571 
Group11-32.txt
65 163 331 377 469 496 686 
Group11-33.txt
163 181 196 290 492 576 598 630 667 693 713 925 1016 1049 
Group11-34.txt
300 307 349 
Group11-35.txt
106 117 247 272 401 459 470 
Group11-36.txt
224 229 291 324 
Group11-37.txt
81 290 489 493 620 644 
Group11-38.txt
96 217 247 416 589 640 706 805 812 
Group11-39.txt
52 301 307 403 649 
Group11-40.txt
67 71 134 153 178 240 264 307 325 456 468 499 561 581 642 
Group11-42.txt
42 148 180 202 233 265 288 302 322 329 354 374 398 472 520 543 
Group11-43.txt
279 291 338 
Group11-44.txt
238 317 358 385 415 424 514 558 736 790 
Group11-45.txt
470 522 1257 1310 
Group11-46.txt
63 199 247 309 314 326 446 498 549 552 563 665 712 809 916 932 946 949 960 967 988 1027 1331 1379 1423 1448 1495 
Group11-47.txt
200 265 325 344 422 585 625 673 683 796 848 865 
Group11-48.txt
79 93 297 444 553 785 
Group11-49.txt
109 215 223 290 577 
Group11-50.txt
140 188 217 226 328 377 380 600 720 819 822 856 882 954 
Group12_01.txt
129 130 274 374 558 564 612 628 673 706 712 760 776 823 898 931 957 1265 1397 1500 
Group12_02.txt
195 597 694 981 1051 1135 1259 1288 
Group12_03.txt
444 990 1083 1294 
Group12_04.txt
366 451 521 581 664 902 1155 1165 1211 1386 1403 1432 1439 1488 1590 1621 1946 2190 2538 2567 2629 2657 2665 2673 2682 
Group12_05.txt
552 
Group12_06.txt
129 258 300 328 357 527 608 1020 1141 1421 
Group12_07.txt
64 92 207 235 249 308 408 429 579 605 816 894 972 1031 1265 1342 1381 
Group12_08.txt
49 114 178 219 369 384 524 
Group12_09.txt
76 280 479 548 566 857 861 919 1005 1012 1019 1031 1082 
Group12_10.txt
14 117 271 358 461 716 
Group12_11.txt
149 406 465 510 625 732 
Group12_12.txt
149 406 465 510 625 732 
Group12_13.txt
168 601 691 772 948 966 974 1238 1546 1693 1828 
Group12_14.txt
252 281 333 357 362 528 532 536 649 669 711 742 866 940 964 974 1014 1034 1036 
Group12_15.txt
382 644 677 
Group12_16.txt
118 291 
Group12_17.txt
7 68 188 
Group12_18.txt
526 
Group12_19.txt
25 110 151 197 270 303 447 627 638 676 744 803 898 997 1073 1274 1327 
Group12_20.txt
243 281 530 542 
Group12_21.txt
236 323 411 460 541 558 624 657 673 
Group12_22.txt
159 624 636 667 
Group12_23.txt
263 280 332 412 424 439 524 531 568 
Group12_24.txt
282 592 606 627 853 
Group12_25.txt
61 67 251 258 423 430 463 
Group12_26.txt
222 230 253 359 365 379 392 462 494 508 530 584 606 734 746 798 861 923 932 949 953 960 999 1022 1076 1086 1093 1137 1158 1169 1202 1241 1270 1648 
Group12_27.txt
209 410 
Group12_28.txt
74 111 177 
Group12_29.txt
4 52 134 328 390 414 472 608 
Group12_30.txt
149 364 
Group12_31.txt
31 171 452 
Group12_32.txt
331 495 500 
Group12_33.txt
2 
Group12_34.txt
591 
Group12_35.txt
109 155 505 578 632 672 
Group12_36.txt
306 344 357 391 442 470 
Group12_37.txt
7 109 125 263 469 
Group12_38.txt
472 
Group12_39.txt
5 70 77 105 133 200 312 319 363 376 387 399 439 454 478 518 594 601 622 708 737 796 821 832 844 
Group12_40.txt
14 93 121 163 174 222 334 371 381 561 580 605 616 652 
Group12_41.txt
696 721 860 
Group12_42.txt
301 432 552 716 742 764 1138 1169 1196 1291 1496 1507 
Group12_43.txt
55 147 344 379 704 
Group12_44.txt
113 248 335 373 
Group12_45.txt
204 350 416 
Group12_46.txt
119 505 600 609 
Group12_47.txt
182 342 
Group12_48.txt
230 288 500 610 
Group12_49.txt
133 299 352 572 777 907 1316 1343 1440 1658 1692 1867 1874 2002 2221 2437 2455 2540 2567 2635 2745 
Group12_50.txt
430 457 533 
Group13_01.txt
438 440 461 572 
Group13_02.txt
90 109 189 226 238 276 376 393 424 434 570 591 596 658 703 753 765 795 1135 1166 1185 1227 1301 1436 1446 1461 1727 1773 1803 1877 1926 1993 2021 2031 2151 2215 2230 2286 2340 2355 2363 
Group13_03.txt
267 412 420 490 521 567 570 627 652 675 
Group13_04.txt
49 82 89 271 389 413 545 593 647 662 677 814 838 857 862 897 925 990 1077 1102 1140 1190 
Group13_05.txt
253 294 385 399 417 509 709 741 823 826 848 853 873 1015 1022 1195 1459 1483 1536 1549 1682 1777 1826 1842 1951 1955 1964 2095 2129 
Group13_06.txt
195 220 326 608 622 647 673 682 691 699 738 770 834 847 911 1053 1063 1105 1119 1146 1154 1275 1313 1360 1421 1585 1677 1712 1765 1916 1935 2073 2078 2102 2161 2223 2226 2307 2350 2419 2664 2750 
Group13_07.txt
105 129 132 203 217 237 251 411 525 541 587 
Group13_08.txt
27 82 151 158 174 204 305 346 387 399 428 449 519 620 630 668 682 699 709 742 761 781 879 903 951 1052 1100 
Group13_09.txt
232 290 356 563 569 832 932 954 1004 1030 1043 1477 1713 1755 1766 1771 
Group13_10.txt
39 134 158 395 416 556 562 598 649 762 894 
Group13_11.txt
263 302 368 453 496 545 598 647 
Group13_12.txt
87 117 130 199 250 385 541 606 662 776 
Group13_13.txt
24 156 271 
Group13_14.txt
30 105 295 309 396 402 432 472 563 
Group13_15.txt
150 169 321 361 383 510 576 601 615 
Group13_16.txt
57 188 
Group13_17.txt
58 104 174 209 346 516 661 700 
Group13_18.txt
2 17 103 110 129 185 283 341 412 542 555 721 731 795 814 826 906 
Group13_19.txt
42 93 206 220 245 396 462 467 
Group13_20.txt
8 19 54 79 81 88 162 175 256 298 372 451 480 568 576 597 653 660 669 679 716 755 
Group13_21.txt
56 237 268 304 311 383 446 521 680 694 797 808 883 897 1014 1034 1155 1215 1226 1269 1331 1336 1371 1377 1396 1563 1609 1679 1710 1773 1782 1860 1898 1923 1975 2008 
Group13_22.txt
42 78 236 284 328 374 405 438 465 476 503 512 523 557 562 697 704 904 1010 1016 1028 1101 1158 1200 1407 1468 1514 1550 1616 1661 1698 1703 1745 1769 1815 1896 1924 1955 2098 2202 2215 2428 2675 2690 2786 2804 2822 2869 2907 2932 2941 2986 3023 3042 3575 3658 3742 3768 3837 3878 3888 3914 3939 4072 4079 4094 4177 4293 4482 4680 4762 4976 4989 4992 5054 5067 5085 5196 5232 5334 5354 5480 5489 5537 5560 5693 5725 5757 5832 5866 5879 5926 6069 6089 6112 6180 6261 6313 6378 6410 6442 6516 6667 6818 6822 6879 6930 6962 7216 7309 7405 7558 7667 7750 7775 7786 7823 7912 7977 8005 8066 8086 8159 8401 8461 8477 8799 8840 8850 8886 8945 8986 9019 9094 9150 9253 9267 9314 9375 9553 9567 9594 9603 9609 9657 9734 9748 9899 9930 9933 9940 9972 10020 10032 10076 10146 10186 10206 10241 10256 10316 10369 10429 10447 10466 10587 10602 10637 10647 10660 10667 10674 10841 10895 10987 11162 11225 11239 11285 11431 11471 11519 11534 11595 11618 11859 11918 11959 12192 12311 12341 12349 12454 12503 12638 12649 12859 12884 13033 13078 13299 13336 13370 13389 13416 13441 13549 13571 13603 13631 13662 13737 13752 13824 13837 13885 13890 13903 13946 13968 14037 14048 14164 14185 14198 14277 14289 14479 14529 14595 14738 14749 14813 14875 14888 14950 15079 15087 15206 15237 15315 15368 15381 15422 15507 15561 15783 15812 15883 15907 15922 15969 15979 16041 16074 16080 16172 16194 16269 16317 16327 16348 16368 16380 16401 16502 16536 16601 
Group13_23.txt
171 188 191 209 241 252 429 621 647 731 808 829 903 909 916 924 1012 1030 1100 1104 1169 1260 1330 1454 1469 1493 1634 1654 1683 1770 1786 1794 1918 1954 1973 1985 2009 2310 2390 2409 2555 2570 2609 2616 2629 2655 2915 3015 3104 3119 3299 3360 3460 3483 3496 3514 3530 3652 3677 3769 3798 3818 3844 
Group13_24.txt
30 206 227 299 307 324 367 429 440 476 569 609 637 647 672 792 939 1025 1044 1084 1156 1359 1547 1556 1569 1580 1614 1668 1711 1994 2051 2096 2116 2221 2403 2416 2431 2443 2535 2608 2800 2826 2851 3014 3309 3380 3536 3604 3666 3682 3740 3909 3914 3945 4008 4133 4161 4221 4314 4338 4584 4601 4617 4699 4991 5015 5048 5266 5489 5591 
Group13_25.txt
75 198 211 228 266 404 517 662 803 911 941 955 1186 1370 1522 1547 1557 1668 1718 1777 1814 1858 1900 1938 1948 2033 2056 2117 2124 2137 2205 2267 2295 2335 2362 2442 2455 
Group13_26.txt
2 62 85 118 124 146 167 206 222 240 313 392 537 568 769 844 885 999 1021 1062 1116 1127 1194 1389 1434 1534 1565 1583 1617 1797 1975 2026 2049 2079 2123 2149 2169 2177 2236 2363 2387 2480 2696 2812 2957 2979 3016 3313 3469 3523 3768 3876 3922 3994 4074 4110 4247 4259 4333 4358 4480 4510 4577 4598 4798 4803 4829 4833 5367 5431 5445 5563 5582 5644 5672 5697 5721 5733 5740 5965 6056 6061 6080 6257 6344 6352 6375 6561 6706 6850 6910 7036 7351 7471 7489 7548 7553 7608 7619 7651 7685 7742 7756 7796 7814 7834 7878 7903 7992 8028 8105 8205 8519 8626 8753 8772 8786 8821 8946 8955 8970 8982 8994 9032 9063 9071 9094 9100 9158 9164 9186 9193 9204 9226 9272 9296 9426 9439 9458 9474 9489 9522 9597 9634 9658 9676 9715 9728 9731 9743 10228 10255 10265 10311 
Group13_27.txt
108 129 268 312 326 486 537 959 1029 1036 1052 1132 1216 1277 1392 1522 1615 1679 1835 1867 1892 1911 1922 1942 2068 2129 2208 2248 2260 2540 2567 2673 2684 2714 2746 2765 2774 2811 2838 2862 2906 2924 3082 3123 3186 3281 3417 
Group13_28.txt
37 116 122 135 284 468 504 602 649 921 1028 1139 1182 1195 1238 1248 1257 1292 1337 1356 1490 1596 1608 1652 1678 1761 1835 1883 1912 1974 2018 2027 2051 2070 2145 2181 2383 2397 2418 2440 2516 2562 2619 2638 2648 2671 2683 2748 2947 3002 3013 3040 3170 3174 3207 3238 3294 
Group13_29.txt
136 212 408 422 462 525 597 612 619 673 690 763 796 816 908 919 1178 1186 1207 1216 1276 1348 1720 1857 1860 1964 1987 1995 2121 2294 2310 2331 2355 2450 2463 2515 2545 2569 2584 2595 2622 2674 2717 2872 2888 3097 3109 3314 3324 3352 3365 3471 3749 3773 3796 3845 3859 3923 4077 4184 4203 4216 4246 4262 4289 4307 4362 4371 4408 4512 4525 4549 4656 4677 4754 4917 5199 5323 5467 
Group13_30.txt
198 223 343 387 447 625 679 780 788 845 867 885 896 920 972 979 1045 1081 1148 1275 1411 1438 1448 1466 1548 1672 1748 1772 1815 1876 2038 2077 2088 2107 2178 2295 2432 2577 2586 2809 2855 2935 2953 2957 2973 3254 3340 3558 3595 3915 3926 4016 4028 4072 
Group13_31.txt
105 153 370 377 405 414 435 454 464 481 529 641 724 
Group13_32.txt
36 134 246 474 486 584 620 648 681 744 859 864 934 958 993 1064 1143 1183 1190 1342 1356 
Group13_33.txt
80 128 183 208 296 485 507 587 623 633 641 651 691 707 741 811 1091 1134 1142 1175 1228 1248 1253 1394 1456 1654 1660 1696 1751 1835 1846 1850 1854 2049 2093 2109 2213 
Group13_34.txt
71 
Group13_35.txt
13 142 187 235 285 359 463 625 803 812 817 823 832 857 965 968 1027 1051 1073 1304 1338 1397 1425 1436 1546 
Group13_36.txt
141 149 344 348 362 368 396 410 420 471 539 568 815 895 1018 1046 1065 1070 1102 1120 1143 1167 1297 1362 1422 1484 
Group13_37.txt
105 393 434 483 544 963 1002 1030 1045 1135 1143 1169 1184 1280 1372 1385 1528 1564 1593 1653 1665 
Group13_38.txt
8 28 98 176 365 480 548 565 620 674 822 823 829 851 877 1029 1057 1082 1114 1126 1139 1192 1340 1343 1345 1401 1476 1568 1582 
Group13_39.txt
66 101 383 475 489 509 513 581 590 628 675 707 753 933 958 1157 1387 1421 1534 1570 1688 1706 1740 1854 1897 1929 1975 2078 2191 2213 
Group13_40.txt
177 253 278 511 570 650 798 885 949 967 1011 
Group13_41.txt
212 256 294 365 399 412 444 461 550 579 593 600 761 901 915 922 1083 1088 1129 1169 1194 1224 1227 1313 1331 1368 1375 1442 1568 1627 1677 
Group13_42.txt
126 132 248 260 325 564 640 697 742 794 833 1002 1028 1238 1241 1248 1296 1308 1381 
Group13_43.txt
74 123 235 288 323 423 436 464 619 647 730 768 919 1046 1255 1286 1315 1683 1816 
Group13_44.txt
136 153 177 410 584 881 926 998 1229 1524 1703 1718 1791 1796 1810 1821 1851 1858 1951 1993 2008 2107 2126 2281 2335 2376 2408 2476 2663 2809 2923 2983 3017 3023 3091 3131 3249 3278 3293 3376 3411 3449 3541 3559 3589 3846 3911 
Group13_45.txt
91 126 210 237 266 275 289 522 525 547 577 621 646 660 699 705 720 726 820 850 874 883 991 1158 1237 1248 1286 1484 1490 
Group13_46.txt
418 560 569 621 763 922 1254 1553 2270 2310 2326 2398 2443 
Group13_47.txt
388 521 534 723 747 814 865 900 1069 1156 1241 1263 1324 1381 1402 1472 1565 1660 1730 
Group13_48.txt
71 81 239 263 415 485 564 576 607 637 753 789 845 1054 1091 1161 1182 1190 1196 1443 1445 1508 1526 1546 1559 1660 1665 1689 1697 1810 2021 2141 2272 2368 2572 2617 
Group13_49.txt
83 133 161 170 185 198 212 239 309 351 377 464 549 641 648 751 839 1004 1040 1259 1346 1383 1453 1460 1477 1581 1647 1697 1731 1782 1796 1800 1949 2024 2093 2095 2109 2122 2172 2174 2237 
Group13_50.txt
98 255 263 288 396 520 671 683 994 1341 1351 
Group14_01.txt
285 300 343 355 
Group14_02.txt
68 169 442 
Group14_03.txt
51 128 343 405 512 
Group14_04.txt
16 43 59 99 119 186 429 
Group14_05.txt
80 144 
Group14_06.txt
533 
Group14_07.txt
44 101 
Group14_08.txt
81 140 159 224 234 243 263 278 407 461 474 483 516 535 
Group14_09.txt
323 
Group14_10.txt
111 126 179 
Group14_11.txt
103 131 194 230 240 340 355 
Group14_12.txt
182 250 431 533 
Group14_13.txt
115 270 
Group14_14.txt
182 234 296 313 373 
Group14_15.txt
48 117 123 191 282 370 508 
Group14_16.txt
245 257 328 502 
Group14_17.txt
236 313 
Group14_18.txt
523 
Group14_19.txt
230 468 498 508 578 773 
Group14_20.txt
391 400 687 912 942 
Group14_21.txt
227 252 263 285 352 370 487 514 623 
Group14_22.txt
19 213 323 331 367 505 544 568 
Group14_23.txt
139 
Group14_24.txt
320 337 357 370 377 425 
Group14_25.txt
8 56 101 181 332 366 562 612 
Group14_26.txt
71 81 598 611 755 762 809 824 837 858 903 
Group14_27.txt
219 283 547 696 742 
Group14_28.txt
25 358 367 589 677 716 882 892 947 
Group14_29.txt
20 75 113 201 261 268 274 327 333 370 459 
Group14_30.txt
384 495 618 631 653 
Group14_31.txt
136 257 275 659 781 793 808 
Group14_32.txt
35 51 70 164 437 543 680 996 1010 
Group14_33.txt
189 472 897 1034 1101 
Group14_34.txt
115 301 417 438 481 573 595 
Group14_35.txt
22 115 150 273 311 321 347 493 571 602 604 619 778 788 831 844 855 900 1131 1177 1223 
Group14_36.txt
108 125 129 201 255 272 296 321 349 365 393 
Group14_37.txt
216 444 645 831 888 919 
Group14_38.txt
66 263 287 294 458 484 516 583 598 670 714 796 902 
Group14_39.txt
29 92 120 146 486 790 816 976 998 
Group14_40.txt
182 286 311 395 457 585 610 767 808 815 
Group14_41.txt
58 113 162 192 324 573 721 
Group14_42.txt
60 97 139 187 242 262 518 577 586 610 671 728 
Group14_43.txt
114 177 382 531 557 587 606 636 
Group14_44.txt
47 78 162 234 256 437 449 557 572 639 665 799 
Group14_45.txt
99 147 346 436 481 516 533 
Group14_46.txt
214 409 741 753 769 791 
Group14_47.txt
259 390 520 
Group14_48.txt
425 590 723 
Group14_49.txt
494 633 777 
Group14_50.txt
128 439 444 465 470 483 700 
