Group01_01.txt
465 
Group01_04.txt
110 318 
Group01_06.txt
108 191 744 
Group01_07.txt
374 
Group01_08.txt
199 211 271 
Group01_09.txt
91 244 
Group01_12.txt
91 
Group01_16.txt
49 
Group01_17.txt
73 228 248 
Group01_18.txt
118 129 151 322 
Group01_19.txt
440 
Group01_20.txt
117 126 165 
Group01_21.txt
321 
Group01_23.txt
67 411 
Group01_24.txt
110 311 
Group01_25.txt
402 836 868 
Group01_27.txt
253 
Group01_30.txt
76 281 567 748 
Group01_31.txt
239 
Group01_32.txt
692 932 985 1106 1114 
Group01_34.txt
241 573 621 
Group01_36.txt
471 
Group01_37.txt
63 
Group01_38.txt
319 
Group01_40.txt
498 536 
Group01_42.txt
359 503 536 
Group01_43.txt
128 243 
Group01_44.txt
19 349 
Group01_45.txt
280 357 
Group01_47.txt
36 250 254 329 
Group01_48.txt
42 116 327 423 487 
Group01_50.txt
340 
Group02_01.txt
119 195 214 266 292 392 
Group02_02.txt
736 
Group02_03.txt
47 275 393 492 1021 
Group02_04.txt
94 561 650 738 
Group02_06.txt
249 497 507 
Group02_07.txt
187 199 213 330 389 428 
Group02_08.txt
89 560 
Group02_09.txt
225 338 432 
Group02_10.txt
453 541 628 747 
Group02_11.txt
211 243 318 683 
Group02_12.txt
21 135 206 334 375 382 397 801 857 882 1050 
Group02_13.txt
233 386 390 502 654 686 700 703 908 
Group02_14.txt
354 
Group02_15.txt
106 
Group02_16.txt
644 866 930 
Group02_18.txt
205 212 2802 
Group02_19.txt
1334 1547 1577 
Group02_20.txt
19 101 1411 1638 2766 3019 3346 3391 
Group02_21.txt
393 2551 
Group02_22.txt
2637 2749 2960 
Group02_25.txt
631 
Group02_27.txt
4 
Group02_28.txt
4 
Group02_29.txt
4 
Group02_30.txt
1515 2105 2167 2265 2307 2915 2954 3658 3676 4167 
Group02_31.txt
174 
Group02_32.txt
1421 
Group02_33.txt
309 2248 
Group02_34.txt
485 597 
Group02_36.txt
1078 
Group02_37.txt
950 
Group02_38.txt
427 2551 
Group02_39.txt
205 
Group02_41.txt
121 142 
Group02_42.txt
9 
Group02_43.txt
872 878 
Group02_45.txt
133 463 1229 1539 1907 
Group02_46.txt
913 2038 2427 
Group02_47.txt
984 
Group02_48.txt
552 
Group02_49.txt
2097 
Group02_50.txt
302 337 
Group03_03.txt
296 464 739 1262 
Group03_04.txt
772 811 1429 1725 
Group03_05.txt
81 242 286 697 960 
Group03_06.txt
20 871 953 1052 1481 1529 1682 1900 1939 2054 2322 2406 
Group03_07.txt
37 539 929 961 1021 
Group03_08.txt
124 233 398 435 466 622 793 
Group03_09.txt
108 226 237 413 532 578 681 
Group03_10.txt
146 344 907 
Group03_11.txt
424 
Group03_12.txt
80 118 216 364 395 409 528 613 686 771 901 976 1311 1331 
Group03_13.txt
308 399 537 764 1040 1207 
Group03_14.txt
291 444 654 1048 
Group03_16.txt
718 749 
Group03_17.txt
171 698 
Group03_19.txt
521 
Group03_21.txt
254 1049 1052 1659 
Group03_22.txt
1069 
Group03_23.txt
128 442 546 673 
Group03_24.txt
485 527 602 
Group03_25.txt
240 
Group03_26.txt
383 863 1234 
Group03_27.txt
441 1328 1526 
Group03_28.txt
204 732 
Group03_29.txt
204 332 727 734 919 1138 1288 
Group03_30.txt
312 711 858 970 1317 1330 1340 1351 1355 1533 
Group03_31.txt
20 1004 1049 1272 1474 2135 2449 2485 2554 2615 2729 2799 
Group03_32.txt
558 567 942 971 1159 
Group03_33.txt
255 557 886 943 978 984 1296 
Group03_34.txt
686 1950 2070 2546 2564 
Group03_35.txt
232 754 1162 
Group03_36.txt
97 260 1624 
Group03_37.txt
328 972 1036 1986 1998 2035 2135 
Group03_38.txt
841 1015 1021 
Group03_39.txt
541 550 
Group03_40.txt
234 536 865 922 957 963 
Group03_41.txt
48 76 93 140 306 342 
Group03_42.txt
185 316 717 724 912 1135 1306 
Group03_43.txt
61 537 
Group03_44.txt
171 230 549 708 
Group03_45.txt
491 
Group03_46.txt
262 453 511 
Group03_47.txt
676 
Group03_48.txt
22 25 27 29 34 39 152 168 602 
Group03_49.txt
15 226 234 339 584 598 910 915 
Group03_50.txt
542 548 838 850 1231 1313 1421 1435 
Group04_01.txt
206 475 513 857 
Group04_02.txt
20 545 
Group04_03.txt
452 481 
Group04_04.txt
425 
Group04_06.txt
75 177 408 
Group04_08.txt
109 132 
Group04_09.txt
26 226 291 295 315 351 374 589 597 637 662 
Group04_11.txt
74 192 264 291 296 300 
Group04_12.txt
306 
Group04_14.txt
350 445 
Group04_16.txt
261 
Group04_17.txt
1153 
Group04_18.txt
454 
Group04_19.txt
70 491 
Group04_20.txt
38 44 59 
Group04_23.txt
393 
Group04_26.txt
817 
Group04_27.txt
764 
Group04_28.txt
391 
Group04_29.txt
325 
Group04_30.txt
265 454 832 
Group04_31.txt
47 137 166 213 256 371 
Group04_32.txt
90 103 157 226 314 386 402 456 526 569 
Group04_33.txt
202 389 
Group04_34.txt
111 259 601 701 
Group04_35.txt
261 
Group04_36.txt
74 219 233 328 569 759 
Group04_37.txt
272 310 380 389 394 
Group04_38.txt
69 293 460 538 
Group04_39.txt
264 491 
Group04_40.txt
258 
Group04_41.txt
389 455 
Group04_42.txt
120 398 461 
Group04_43.txt
269 564 
Group04_44.txt
35 53 92 151 196 336 377 405 519 547 578 587 
Group04_46.txt
358 636 695 899 
Group04_47.txt
147 155 600 
Group04_48.txt
66 148 159 
Group04_49.txt
268 
Group04_50.txt
53 130 428 
Group05_02.txt
122 588 688 1087 
Group05_04.txt
472 483 491 870 
Group05_06.txt
124 128 550 560 1061 
Group05_07.txt
86 
Group05_08.txt
334 356 
Group05_09.txt
119 
Group05_12.txt
18 67 
Group05_13.txt
205 275 435 859 902 975 
Group05_14.txt
397 949 1010 
Group05_16.txt
25 842 995 
Group05_17.txt
518 789 
Group05_18.txt
647 687 824 
Group05_19.txt
227 302 308 389 400 
Group05_20.txt
544 642 646 
Group05_21.txt
241 572 
Group05_23.txt
227 
Group05_24.txt
27 196 355 391 445 480 525 
Group05_25.txt
99 695 
Group05_26.txt
736 
Group05_27.txt
527 1048 1310 1344 
Group05_28.txt
61 85 105 110 116 162 200 484 516 
Group05_29.txt
118 208 234 309 379 383 
Group05_30.txt
927 
Group05_32.txt
182 596 
Group05_34.txt
58 
Group05_35.txt
462 
Group05_39.txt
130 
Group05_44.txt
260 
Group05_45.txt
69 
Group05_49.txt
927 
Group06_01.txt
110 
Group06_02.txt
3 797 
Group06_03.txt
575 655 
Group06_04.txt
575 582 600 665 680 
Group06_05.txt
24 
Group06_06.txt
272 512 637 
Group06_07.txt
4 25 201 383 
Group06_08.txt
52 56 126 213 399 
Group06_09.txt
188 195 284 
Group06_10.txt
391 416 463 468 484 498 620 671 
Group06_11.txt
385 742 
Group06_12.txt
172 213 340 475 533 
Group06_14.txt
251 
Group06_16.txt
81 869 
Group06_17.txt
352 528 
Group06_18.txt
223 
Group06_19.txt
119 127 164 261 379 384 412 445 466 505 525 534 627 
Group06_20.txt
89 
Group06_21.txt
114 221 328 800 
Group06_22.txt
349 475 667 
Group06_23.txt
366 447 513 
Group06_24.txt
311 
Group06_27.txt
164 260 
Group06_28.txt
105 196 312 637 
Group06_29.txt
355 
Group06_30.txt
247 
Group06_31.txt
352 528 
Group06_32.txt
252 
Group06_33.txt
244 461 
Group06_34.txt
19 222 449 
Group06_37.txt
331 
Group06_38.txt
540 
Group06_39.txt
22 78 165 174 188 255 371 
Group06_41.txt
80 491 518 585 
Group06_42.txt
57 249 475 480 
Group06_43.txt
403 
Group06_45.txt
297 598 652 
Group06_46.txt
165 
Group06_47.txt
398 402 454 
Group06_48.txt
543 
Group06_49.txt
72 215 456 
Group06_50.txt
256 459 
Group07_01.txt
50 113 129 132 159 271 586 595 600 792 
Group07_02.txt
10 43 52 92 571 
Group07_03.txt
84 935 2596 
Group07_04.txt
304 1078 
Group07_05.txt
382 392 575 579 584 709 720 
Group07_06.txt
10 86 99 182 250 273 524 554 563 640 661 704 800 
Group07_07.txt
327 1289 
Group07_08.txt
327 
Group07_09.txt
349 
Group07_11.txt
353 
Group07_14.txt
245 
Group07_16.txt
64 317 
Group07_19.txt
256 
Group07_20.txt
77 233 250 
Group07_21.txt
88 144 181 341 353 493 519 805 870 
Group07_22.txt
237 639 664 
Group07_23.txt
68 126 404 
Group07_24.txt
223 733 735 1173 1334 1819 1938 
Group07_28.txt
78 84 148 162 244 299 341 351 360 372 385 392 451 461 518 536 
Group07_30.txt
119 664 965 
Group07_31.txt
90 97 130 1420 
Group07_32.txt
72 504 
Group07_33.txt
63 70 
Group07_35.txt
41 
Group07_36.txt
118 234 259 1196 
Group07_37.txt
17 414 417 534 831 1276 1301 1467 1478 1482 1524 1610 
Group07_38.txt
32 562 569 575 582 855 861 986 1049 1131 1139 1164 1192 1745 1938 1949 
Group07_40.txt
164 592 821 
Group07_41.txt
58 
Group07_42.txt
93 120 344 463 632 690 
Group07_43.txt
221 238 426 435 460 
Group07_48.txt
419 424 535 617 692 1007 1101 1120 1173 
Group07_49.txt
705 1448 1710 1957 2207 2491 2599 2636 2652 
Group07_50.txt
5 50 281 515 520 570 584 
Group08_02.txt
500 
Group08_03.txt
311 
Group08_06.txt
29 92 
Group08_08.txt
164 
Group08_09.txt
594 751 
Group08_11.txt
21 56 115 278 
Group08_12.txt
367 407 743 
Group08_15.txt
30 42 98 110 305 316 374 752 
Group08_16.txt
305 482 1111 
Group08_17.txt
582 1088 
Group08_18.txt
109 125 296 407 448 456 473 490 575 650 653 699 
Group08_20.txt
207 375 442 507 518 1110 1117 1397 
Group08_21.txt
341 
Group08_22.txt
556 798 
Group08_24.txt
156 247 715 
Group08_25.txt
181 394 602 606 697 
Group08_27.txt
160 216 237 311 319 
Group08_29.txt
66 88 168 202 218 287 380 384 405 420 625 1103 1221 1397 1540 
Group08_30.txt
50 126 192 233 257 375 428 471 478 590 642 649 915 953 1448 1483 
Group08_31.txt
312 664 
Group08_32.txt
130 
Group08_39.txt
97 
Group08_40.txt
334 350 361 
Group08_41.txt
214 
Group08_43.txt
33 149 250 264 332 390 605 
Group08_44.txt
31 249 256 260 
Group08_47.txt
268 284 515 
Group08_48.txt
215 489 
Group09_01.txt
353 
Group09_02.txt
190 397 404 457 471 
Group09_04.txt
318 
Group09_05.txt
208 227 365 530 868 
Group09_07.txt
464 716 771 824 908 
Group09_10.txt
701 
Group09_11.txt
193 
Group09_14.txt
128 167 416 446 
Group09_15.txt
247 
Group09_16.txt
26 173 510 
Group09_17.txt
5 23 113 158 784 
Group09_18.txt
124 533 
Group09_19.txt
144 149 479 
Group09_20.txt
166 175 179 
Group09_21.txt
407 
Group09_22.txt
364 459 
Group09_23.txt
433 654 
Group09_24.txt
394 
Group09_25.txt
530 
Group09_27.txt
156 163 422 
Group09_31.txt
551 
Group09_32.txt
207 322 
Group09_33.txt
254 267 270 305 443 
Group09_34.txt
365 406 
Group09_35.txt
157 603 645 
Group09_36.txt
240 
Group09_37.txt
514 674 932 1236 
Group09_38.txt
293 338 354 360 410 417 436 
Group09_39.txt
610 
Group09_40.txt
329 417 473 677 681 
Group09_41.txt
270 
Group09_42.txt
206 
Group09_44.txt
370 
Group09_45.txt
638 
Group09_46.txt
589 
Group09_48.txt
761 
Group09_49.txt
458 503 533 742 816 
Group10_01.txt
50 325 377 405 432 439 517 548 559 565 646 662 677 
Group10_02.txt
105 246 
Group10_03.txt
84 170 182 642 
Group10_04.txt
41 188 202 223 381 497 503 
Group10_05.txt
260 668 725 818 
Group10_06.txt
127 133 681 
Group10_07.txt
80 99 490 
Group10_08.txt
341 
Group10_09.txt
186 222 
Group10_10.txt
676 
Group10_12.txt
165 182 247 251 264 430 478 616 800 
Group10_13.txt
21 
Group10_14.txt
124 177 237 241 319 443 
Group10_15.txt
141 636 
Group10_18.txt
263 506 778 
Group10_19.txt
75 
Group10_20.txt
548 
Group10_21.txt
235 478 599 
Group10_22.txt
721 
Group10_24.txt
166 279 347 624 
Group10_25.txt
252 
Group10_26.txt
105 246 
Group10_27.txt
64 404 457 469 652 
Group10_28.txt
257 276 453 539 555 739 743 949 955 1049 
Group10_29.txt
244 745 755 758 806 
Group10_30.txt
91 166 341 346 413 477 
Group10_32.txt
312 690 
Group10_33.txt
735 1004 1215 1287 
Group10_34.txt
98 
Group10_35.txt
44 71 774 865 925 1265 1271 1658 
Group10_36.txt
90 100 183 197 407 433 845 
Group10_37.txt
135 327 555 
Group10_38.txt
165 650 887 
Group10_40.txt
29 92 451 474 489 
Group10_42.txt
182 187 654 686 
Group10_43.txt
326 929 
Group10_44.txt
41 268 
Group10_45.txt
279 
Group10_46.txt
216 218 232 471 
Group10_47.txt
1044 
Group10_48.txt
596 659 
Group10_49.txt
323 338 445 
Group10_50.txt
143 201 273 
Group11-01.txt
245 623 646 
Group11-03.txt
348 640 
Group11-04.txt
378 
Group11-05.txt
321 323 325 414 434 1180 1508 1711 2040 
Group11-06.txt
265 
Group11-11.txt
511 
Group11-12.txt
333 
Group11-13.txt
717 727 
Group11-14.txt
38 309 582 693 823 853 1080 1130 
Group11-15.txt
91 541 1677 1693 
Group11-16.txt
613 1981 2220 2930 3023 
Group11-17.txt
17 616 
Group11-18.txt
101 385 
Group11-19.txt
163 433 650 
Group11-20.txt
645 1052 
Group11-21.txt
341 632 
Group11-22.txt
64 547 
Group11-23.txt
615 
Group11-25.txt
376 669 
Group11-26.txt
255 
Group11-28.txt
434 446 455 
Group11-29.txt
211 411 440 
Group11-32.txt
78 443 544 
Group11-33.txt
418 654 739 816 
Group11-34.txt
372 
Group11-35.txt
394 402 
Group11-36.txt
124 410 
Group11-37.txt
133 309 597 
Group11-38.txt
124 264 309 
Group11-39.txt
203 637 
Group11-43.txt
19 97 108 167 288 
Group11-45.txt
30 49 114 174 268 270 452 801 1277 
Group11-47.txt
331 714 
Group11-48.txt
30 139 577 
Group11-49.txt
127 284 
Group11-50.txt
39 
Group12_01.txt
13 305 389 539 913 1001 1161 
Group12_02.txt
234 643 756 1795 
Group12_03.txt
676 680 1466 
Group12_04.txt
547 574 1092 1106 1121 1688 
Group12_05.txt
319 627 
Group12_06.txt
322 866 870 910 
Group12_07.txt
190 275 1109 1126 1379 
Group12_09.txt
149 658 
Group12_11.txt
117 207 210 257 
Group12_12.txt
117 207 210 257 
Group12_13.txt
420 540 585 633 987 1201 1694 1930 2029 
Group12_14.txt
86 89 226 237 906 
Group12_16.txt
167 
Group12_17.txt
134 236 252 397 
Group12_19.txt
471 474 486 664 830 840 
Group12_20.txt
562 
Group12_22.txt
289 
Group12_23.txt
46 111 146 297 
Group12_24.txt
303 316 648 
Group12_25.txt
493 655 
Group12_26.txt
90 1400 
Group12_28.txt
133 622 
Group12_32.txt
15 224 
Group12_33.txt
53 176 373 
Group12_36.txt
509 
Group12_37.txt
451 
Group12_38.txt
583 707 
Group12_40.txt
648 681 
Group12_41.txt
619 670 673 
Group12_42.txt
18 170 506 1498 
Group12_43.txt
433 606 623 652 883 
Group12_45.txt
25 137 
Group12_48.txt
646 
Group12_49.txt
149 388 400 469 481 550 647 670 677 729 979 1623 1781 2457 2650 2691 2725 2755 
Group12_50.txt
93 99 261 291 
Group13_01.txt
224 302 
Group13_02.txt
1203 1297 1325 1487 1562 
Group13_04.txt
353 904 1181 1232 
Group13_07.txt
531 609 
Group13_08.txt
142 404 885 
Group13_09.txt
204 476 481 
Group13_10.txt
25 63 294 340 345 611 666 685 
Group13_11.txt
173 
Group13_13.txt
62 
Group13_14.txt
34 390 
Group13_15.txt
303 
Group13_17.txt
367 557 
Group13_18.txt
478 
Group13_19.txt
105 
Group13_20.txt
124 
Group13_21.txt
369 1206 1231 1235 
Group13_22.txt
661 793 1475 1905 2078 2108 2397 3811 3915 4947 4970 5254 5262 7957 8908 9337 9418 9601 10021 10131 11543 11954 12031 12300 14033 14419 14448 14544 14760 14872 14878 14908 15030 15186 15337 15387 15444 15625 16439 16457 16563 
Group13_23.txt
118 268 529 551 579 1759 2032 2263 2467 2547 2552 2948 3039 3309 3317 3340 3815 
Group13_24.txt
74 77 280 463 735 769 871 1190 1246 1277 1322 1390 1672 1696 1786 1911 2509 2910 3371 3937 4519 4916 5230 5260 5375 5390 5642 
Group13_25.txt
66 601 771 851 1258 1617 1620 
Group13_26.txt
69 136 264 648 653 773 792 863 959 1328 1656 2010 2068 2658 5321 5334 5404 5799 6030 6045 6524 6747 6825 7088 7130 7140 7209 7614 7640 7645 7822 8432 8843 8890 8942 9390 9567 10215 
Group13_27.txt
681 817 1204 2348 2443 2783 3107 3273 
Group13_28.txt
281 432 2372 2407 2906 
Group13_29.txt
996 1753 1974 2037 2053 2063 2734 2950 2953 3282 3669 4564 4674 5261 
Group13_30.txt
20 296 458 475 734 906 1200 1204 1207 1214 1219 1291 1422 1475 1583 1592 2133 2513 2530 3191 3224 3490 3612 
Group13_33.txt
133 188 1110 1446 
Group13_35.txt
210 1196 
Group13_36.txt
222 1316 1398 
Group13_37.txt
1098 1200 1544 
Group13_38.txt
661 867 918 1349 
Group13_39.txt
656 659 684 729 763 1143 1164 1468 1815 
Group13_40.txt
612 619 784 
Group13_41.txt
818 894 1131 1177 
Group13_42.txt
24 391 404 512 995 1070 1299 
Group13_43.txt
281 963 1132 1304 1407 1450 1741 1769 
Group13_44.txt
329 347 369 380 504 519 771 2046 2050 2066 2070 2073 2079 2103 2949 3237 3339 3440 3488 3575 3646 3837 
Group13_45.txt
195 381 600 956 1146 1212 
Group13_46.txt
290 757 815 1126 1151 1284 1451 1766 
Group13_47.txt
26 88 320 588 671 682 689 719 740 749 764 792 795 800 882 1070 1137 1170 1378 1389 1424 1459 1554 1636 1682 
Group13_48.txt
650 796 864 977 1183 1252 
Group13_49.txt
711 740 764 941 1455 1639 
Group13_50.txt
433 915 1071 1167 
Group14_02.txt
142 447 458 
Group14_03.txt
43 91 192 536 
Group14_04.txt
106 392 
Group14_07.txt
284 
Group14_08.txt
119 
Group14_09.txt
280 
Group14_11.txt
255 
Group14_12.txt
371 
Group14_13.txt
58 404 
Group14_14.txt
36 362 
Group14_17.txt
251 
Group14_20.txt
51 280 898 
Group14_23.txt
315 
Group14_24.txt
344 538 
Group14_26.txt
262 323 376 450 841 
Group14_27.txt
448 680 789 
Group14_28.txt
279 634 
Group14_29.txt
254 307 
Group14_30.txt
318 450 453 459 483 802 840 925 
Group14_31.txt
78 
Group14_32.txt
166 961 963 1021 1055 
Group14_34.txt
445 542 656 
Group14_35.txt
155 281 364 1030 1286 
Group14_36.txt
560 569 
Group14_37.txt
23 147 163 270 282 291 806 
Group14_38.txt
143 
Group14_39.txt
226 364 
Group14_41.txt
774 834 952 
Group14_42.txt
268 394 
Group14_43.txt
226 232 
Group14_44.txt
475 750 
Group14_45.txt
49 
Group14_46.txt
357 399 
Group14_47.txt
623 
Group14_48.txt
505 
Group14_50.txt
192 415 
