Group01_02.txt
228 264 
Group01_06.txt
958 
Group01_08.txt
477 
Group01_11.txt
471 727 
Group01_15.txt
237 
Group01_16.txt
139 288 347 
Group01_19.txt
605 
Group01_20.txt
172 396 
Group01_27.txt
28 
Group01_28.txt
493 
Group01_30.txt
325 
Group01_36.txt
355 
Group01_41.txt
383 
Group01_44.txt
410 
Group01_47.txt
246 
Group02_02.txt
744 
Group02_03.txt
604 
Group02_07.txt
801 
Group02_10.txt
943 
Group02_11.txt
618 
Group02_12.txt
492 921 943 1006 
Group02_13.txt
176 
Group02_16.txt
42 566 
Group02_18.txt
228 642 1711 2209 2950 
Group02_19.txt
914 1119 1132 1386 1535 1558 1655 
Group02_20.txt
397 420 1615 2030 2686 3793 
Group02_21.txt
308 497 544 1527 1614 
Group02_22.txt
150 225 1309 1422 1427 1559 1564 1736 1999 2285 2326 
Group02_23.txt
273 358 428 441 504 764 985 1088 1163 
Group02_24.txt
229 429 878 1081 
Group02_25.txt
39 205 379 519 598 705 742 878 1343 
Group02_26.txt
34 115 391 539 616 780 
Group02_27.txt
708 1344 
Group02_28.txt
322 350 758 1046 1048 1050 1056 1063 1066 1567 1615 
Group02_29.txt
180 248 1209 
Group02_30.txt
322 594 2536 2635 3811 
Group02_31.txt
407 464 489 552 1008 1980 2151 2307 2820 2881 2923 2986 
Group02_32.txt
188 678 781 
Group02_33.txt
1230 2113 2305 2648 2958 2966 2969 2999 3246 
Group02_34.txt
1058 
Group02_35.txt
41 64 197 453 580 747 934 
Group02_36.txt
640 667 684 696 705 727 752 788 1049 1080 1134 1252 1275 1490 1546 1644 1662 
Group02_37.txt
912 
Group02_38.txt
126 540 636 803 932 1000 1181 1201 1229 1378 2117 2429 2759 2780 3017 3087 3422 3593 
Group02_39.txt
741 821 943 1111 1344 1364 1656 
Group02_40.txt
25 145 1189 1336 1620 1789 
Group02_41.txt
165 356 499 603 737 939 999 1025 1329 1405 
Group02_42.txt
154 553 583 
Group02_43.txt
237 349 545 1085 1465 1475 
Group02_44.txt
191 313 519 630 808 858 1251 1629 
Group02_45.txt
180 831 1127 1339 1835 1856 
Group02_46.txt
1368 1721 1804 
Group02_47.txt
134 356 375 556 635 974 988 
Group02_49.txt
508 1006 1140 1279 1322 1427 1757 2288 2730 3155 3282 
Group02_50.txt
140 223 230 1636 1692 2035 
Group03_01.txt
76 
Group03_04.txt
1083 1385 1461 1748 2243 2256 2290 
Group03_06.txt
596 1112 1293 2032 2279 
Group03_07.txt
291 989 1015 1870 2355 
Group03_09.txt
255 559 762 
Group03_13.txt
999 
Group03_14.txt
216 
Group03_15.txt
357 
Group03_18.txt
1038 
Group03_19.txt
402 659 685 
Group03_20.txt
656 764 
Group03_22.txt
736 
Group03_24.txt
18 348 492 
Group03_25.txt
364 669 708 
Group03_26.txt
969 
Group03_28.txt
688 746 
Group03_30.txt
697 1460 
Group03_31.txt
51 
Group03_32.txt
1418 
Group03_33.txt
508 582 766 
Group03_34.txt
55 263 777 999 1029 1690 1731 1880 2750 
Group03_35.txt
710 734 973 
Group03_36.txt
518 1347 
Group03_37.txt
243 417 441 1360 1411 1755 2150 
Group03_38.txt
976 
Group03_40.txt
487 561 745 
Group03_41.txt
163 286 
Group03_45.txt
137 156 195 254 
Group03_46.txt
370 
Group03_47.txt
448 648 
Group03_48.txt
467 
Group03_50.txt
60 
Group04_07.txt
82 130 875 895 1015 
Group04_08.txt
27 615 
Group04_11.txt
511 
Group04_13.txt
713 
Group04_14.txt
276 375 
Group04_18.txt
20 41 441 
Group04_20.txt
117 
Group04_21.txt
170 537 553 877 
Group04_27.txt
562 
Group04_39.txt
797 
Group04_40.txt
344 570 
Group04_41.txt
577 
Group04_46.txt
1034 
Group04_47.txt
609 
Group05_04.txt
198 925 
Group05_05.txt
292 320 
Group05_16.txt
777 
Group05_18.txt
779 
Group05_19.txt
406 
Group05_20.txt
831 844 
Group05_22.txt
223 
Group05_23.txt
124 158 1270 1402 
Group05_35.txt
306 
Group05_39.txt
139 
Group05_42.txt
206 
Group05_43.txt
27 
Group05_44.txt
642 
Group05_45.txt
911 
Group06_07.txt
649 
Group06_08.txt
186 
Group06_10.txt
263 
Group06_11.txt
617 
Group06_13.txt
589 613 651 
Group06_15.txt
38 220 
Group06_16.txt
259 525 1005 
Group06_17.txt
668 1071 
Group06_22.txt
103 536 
Group06_23.txt
780 
Group06_26.txt
581 
Group06_27.txt
347 
Group06_30.txt
407 
Group06_31.txt
668 1071 
Group06_32.txt
327 
Group06_35.txt
258 377 
Group06_36.txt
361 
Group06_37.txt
58 
Group06_41.txt
331 
Group06_42.txt
402 
Group06_47.txt
456 515 533 
Group06_50.txt
117 211 413 
Group07_01.txt
511 
Group07_02.txt
744 
Group07_03.txt
990 
Group07_07.txt
393 535 1166 1276 
Group07_08.txt
137 
Group07_15.txt
132 286 
Group07_18.txt
827 1049 1067 
Group07_19.txt
765 
Group07_21.txt
215 
Group07_22.txt
462 628 756 
Group07_23.txt
331 
Group07_24.txt
1133 
Group07_25.txt
361 
Group07_26.txt
473 622 
Group07_29.txt
482 
Group07_30.txt
443 
Group07_31.txt
1125 
Group07_32.txt
70 
Group07_33.txt
289 329 626 
Group07_36.txt
426 692 867 
Group07_37.txt
178 521 864 
Group07_38.txt
106 190 1542 
Group07_40.txt
644 795 
Group07_41.txt
351 
Group07_42.txt
181 353 622 
Group07_43.txt
107 
Group07_44.txt
565 
Group07_45.txt
78 208 230 329 371 389 412 419 425 430 453 
Group07_48.txt
1146 
Group07_49.txt
623 
Group07_50.txt
427 
Group08_02.txt
172 
Group08_04.txt
327 379 
Group08_08.txt
295 
Group08_09.txt
407 
Group08_14.txt
573 610 
Group08_15.txt
899 
Group08_16.txt
257 
Group08_18.txt
716 
Group08_19.txt
301 
Group08_20.txt
513 
Group08_21.txt
394 
Group08_22.txt
338 
Group08_23.txt
327 379 
Group08_28.txt
259 
Group08_29.txt
149 
Group08_30.txt
96 
Group08_32.txt
123 
Group08_37.txt
197 
Group08_40.txt
145 
Group08_45.txt
121 
Group08_46.txt
268 
Group08_47.txt
353 
Group09_01.txt
343 
Group09_02.txt
322 
Group09_04.txt
467 
Group09_05.txt
982 
Group09_07.txt
171 272 790 
Group09_09.txt
228 575 
Group09_10.txt
313 357 
Group09_11.txt
100 259 
Group09_13.txt
242 
Group09_14.txt
522 
Group09_16.txt
379 
Group09_17.txt
403 
Group09_19.txt
469 
Group09_21.txt
432 518 841 
Group09_22.txt
288 389 
Group09_23.txt
234 285 341 517 
Group09_26.txt
112 625 762 
Group09_27.txt
211 
Group09_29.txt
82 333 
Group09_30.txt
17 
Group09_37.txt
371 663 
Group09_38.txt
619 
Group09_40.txt
289 481 
Group09_43.txt
100 
Group09_45.txt
356 672 
Group09_46.txt
273 
Group09_48.txt
55 
Group09_49.txt
394 662 886 
Group10_05.txt
475 
Group10_06.txt
65 
Group10_08.txt
351 
Group10_09.txt
801 1030 
Group10_10.txt
595 
Group10_11.txt
737 764 
Group10_13.txt
171 
Group10_16.txt
556 
Group10_18.txt
588 
Group10_21.txt
718 
Group10_23.txt
321 
Group10_24.txt
817 
Group10_25.txt
1183 
Group10_28.txt
60 292 
Group10_29.txt
146 
Group10_32.txt
582 
Group10_33.txt
904 
Group10_35.txt
456 1130 1179 1244 1651 
Group10_37.txt
375 448 676 
Group10_38.txt
935 
Group10_42.txt
460 
Group10_47.txt
391 526 
Group10_49.txt
618 
Group11-02.txt
359 472 
Group11-03.txt
706 737 
Group11-05.txt
585 1934 
Group11-12.txt
215 
Group11-14.txt
616 637 
Group11-15.txt
17 515 519 803 933 1202 2369 2434 
Group11-16.txt
1047 1651 1749 3223 
Group11-17.txt
123 
Group11-18.txt
457 
Group11-21.txt
195 
Group11-22.txt
114 
Group11-24.txt
97 204 217 302 307 311 314 383 408 483 503 1344 1352 2371 2602 
Group11-33.txt
257 804 
Group11-35.txt
329 
Group11-37.txt
846 
Group11-39.txt
157 
Group11-42.txt
340 
Group11-44.txt
193 362 
Group11-46.txt
150 
Group11-48.txt
92 751 
Group11-50.txt
108 492 
Group12_03.txt
118 257 861 1313 1441 
Group12_04.txt
1284 
Group12_06.txt
1412 
Group12_07.txt
1097 1147 
Group12_13.txt
751 954 
Group12_14.txt
388 513 
Group12_16.txt
58 353 387 
Group12_18.txt
300 
Group12_22.txt
419 
Group12_25.txt
72 269 
Group12_26.txt
175 1251 
Group12_27.txt
135 
Group12_28.txt
174 
Group12_34.txt
389 
Group12_36.txt
192 
Group12_38.txt
303 
Group12_39.txt
181 189 498 507 643 650 725 750 
Group12_40.txt
549 
Group12_42.txt
626 658 899 1202 
Group12_43.txt
746 
Group12_46.txt
489 
Group12_49.txt
2266 2281 
Group12_50.txt
98 165 344 
Group13_02.txt
21 389 923 948 1019 1144 1172 1535 1823 
Group13_03.txt
313 
Group13_04.txt
1034 
Group13_05.txt
374 1081 1447 
Group13_06.txt
1537 2276 
Group13_09.txt
227 368 838 1276 1499 
Group13_12.txt
304 
Group13_14.txt
601 612 
Group13_18.txt
401 652 
Group13_20.txt
620 
Group13_21.txt
141 181 911 1148 1733 
Group13_22.txt
1715 3800 3804 3979 3997 4005 4020 5265 6283 6582 6902 8425 8532 8620 9100 9527 9891 10906 11095 11784 12496 14263 14445 15233 15347 
Group13_23.txt
225 1599 1743 
Group13_24.txt
3167 3773 4094 4491 4523 4559 
Group13_25.txt
62 576 1035 1555 
Group13_26.txt
201 550 817 2501 4664 4814 4841 5409 7009 7769 8040 10072 
Group13_27.txt
1733 1990 2643 2869 
Group13_28.txt
1960 2574 3084 3120 3303 
Group13_29.txt
876 2913 3390 3787 3959 4022 4034 
Group13_30.txt
805 1608 2719 2869 3627 
Group13_32.txt
651 1128 
Group13_33.txt
125 361 519 
Group13_35.txt
213 681 915 1558 
Group13_36.txt
266 324 1181 
Group13_37.txt
861 
Group13_38.txt
907 1448 
Group13_39.txt
287 597 1644 
Group13_40.txt
280 
Group13_41.txt
829 1424 
Group13_43.txt
798 
Group13_44.txt
509 1397 3067 3443 
Group13_45.txt
340 
Group13_46.txt
100 1403 2266 
Group13_48.txt
384 2360 
Group13_49.txt
130 166 1832 
Group13_50.txt
555 
Group14_01.txt
56 316 320 
Group14_03.txt
451 
Group14_11.txt
485 
Group14_13.txt
135 
Group14_14.txt
368 
Group14_16.txt
59 
Group14_19.txt
477 
Group14_20.txt
310 
Group14_23.txt
379 
Group14_24.txt
615 
Group14_26.txt
617 
Group14_27.txt
166 361 516 678 
Group14_28.txt
558 
Group14_29.txt
322 
Group14_30.txt
901 
Group14_31.txt
267 600 
Group14_32.txt
516 871 
Group14_35.txt
747 
Group14_37.txt
565 
Group14_39.txt
824 
Group14_41.txt
618 
Group14_43.txt
344 
Group14_44.txt
748 
Group14_46.txt
184 
Group14_48.txt
37 41 172 
Group14_49.txt
38 
