Group01_01.txt
353 
Group01_03.txt
386 705 
Group01_04.txt
357 
Group01_05.txt
253 
Group01_06.txt
30 73 
Group01_08.txt
435 
Group01_10.txt
710 863 
Group01_12.txt
250 
Group01_19.txt
606 
Group01_20.txt
506 
Group01_23.txt
322 
Group01_24.txt
350 
Group01_25.txt
58 1142 
Group01_26.txt
689 
Group01_29.txt
193 
Group01_30.txt
326 783 
Group01_32.txt
726 
Group01_33.txt
605 
Group01_41.txt
174 484 
Group01_42.txt
476 483 612 623 
Group01_44.txt
223 318 445 
Group01_46.txt
345 
Group01_47.txt
343 
Group01_49.txt
400 
Group01_50.txt
234 
Group02_01.txt
44 
Group02_03.txt
527 
Group02_07.txt
86 220 
Group02_08.txt
262 314 318 401 525 
Group02_10.txt
579 812 
Group02_11.txt
186 
Group02_12.txt
74 97 185 300 321 355 922 1007 
Group02_13.txt
303 396 
Group02_14.txt
256 329 451 839 884 924 
Group02_16.txt
514 
Group02_18.txt
558 721 847 1019 1073 1263 1683 2053 2073 2418 
Group02_19.txt
521 585 816 856 950 1215 1237 1249 1387 1656 1701 1735 1744 1798 1813 
Group02_20.txt
598 869 889 1537 1589 1912 2192 2206 2222 2346 2568 2699 3034 3288 3339 3614 3626 3683 3862 4181 
Group02_21.txt
92 192 243 293 969 987 1022 1044 1067 1238 1747 1848 1940 1968 2255 2517 2555 2786 2873 
Group02_22.txt
131 526 719 888 1230 2397 2688 2693 2727 2833 2935 2953 2964 2974 3052 3096 3126 3367 3524 3676 
Group02_23.txt
305 588 651 1164 
Group02_24.txt
187 982 1092 
Group02_25.txt
972 1033 1223 1273 
Group02_26.txt
440 740 
Group02_27.txt
54 326 516 564 581 613 722 1031 1287 1394 1424 1434 
Group02_28.txt
43 123 646 819 854 1340 1839 
Group02_29.txt
42 471 555 640 715 754 936 996 1110 
Group02_30.txt
352 1069 1271 1369 1409 3127 3611 3664 4255 4271 4337 4372 
Group02_31.txt
666 1670 1693 1970 2159 2364 2941 
Group02_32.txt
403 608 933 1011 1627 1934 2409 
Group02_33.txt
218 370 497 1320 2239 2495 2860 3361 3443 
Group02_34.txt
256 449 730 960 1047 1059 
Group02_35.txt
301 352 619 
Group02_36.txt
106 845 922 1007 1214 1513 1547 
Group02_37.txt
39 266 713 828 1174 1261 
Group02_38.txt
1038 1053 1185 1236 3213 
Group02_39.txt
272 1604 1666 
Group02_40.txt
429 1272 1327 1675 1832 
Group02_41.txt
683 1071 1277 1406 1587 1594 1664 
Group02_42.txt
192 259 637 
Group02_43.txt
466 521 637 1165 1343 
Group02_44.txt
680 695 
Group02_45.txt
758 1555 
Group02_46.txt
658 815 2319 
Group02_47.txt
162 249 422 486 807 
Group02_48.txt
874 2121 
Group02_49.txt
767 1017 1417 2651 3116 3148 3365 3496 3515 
Group02_50.txt
397 815 824 
Group03_01.txt
130 409 
Group03_02.txt
212 777 
Group03_03.txt
233 550 754 762 777 854 1194 
Group03_04.txt
436 1684 1761 1766 1802 
Group03_06.txt
1445 2175 2399 
Group03_07.txt
751 931 994 1136 2479 
Group03_08.txt
741 
Group03_09.txt
336 
Group03_10.txt
318 613 
Group03_11.txt
934 
Group03_12.txt
58 67 78 89 246 
Group03_13.txt
527 557 
Group03_15.txt
519 
Group03_21.txt
1756 
Group03_23.txt
322 
Group03_24.txt
1466 
Group03_25.txt
60 107 340 
Group03_26.txt
623 633 1414 
Group03_28.txt
332 918 931 
Group03_29.txt
631 1266 1449 1700 1901 
Group03_30.txt
1375 
Group03_31.txt
2078 
Group03_32.txt
1221 
Group03_33.txt
745 
Group03_34.txt
416 1068 1247 2076 2632 
Group03_35.txt
440 1008 
Group03_36.txt
1132 1412 1497 1556 
Group03_37.txt
974 1095 1186 1463 1631 1768 
Group03_38.txt
709 967 
Group03_40.txt
724 
Group03_41.txt
331 
Group03_42.txt
621 1284 1467 1726 
Group03_44.txt
486 682 1014 
Group03_45.txt
150 255 313 347 
Group03_46.txt
149 353 
Group03_47.txt
184 208 649 
Group03_48.txt
376 417 
Group03_50.txt
1507 
Group04_01.txt
101 183 397 589 605 723 809 866 
Group04_05.txt
230 
Group04_07.txt
74 453 1011 
Group04_09.txt
89 
Group04_10.txt
30 
Group04_12.txt
412 541 602 
Group04_13.txt
610 971 1047 1052 
Group04_14.txt
578 594 
Group04_15.txt
504 603 
Group04_17.txt
884 
Group04_18.txt
170 272 317 523 536 
Group04_23.txt
28 721 725 731 
Group04_24.txt
554 
Group04_26.txt
516 
Group04_27.txt
480 768 
Group04_29.txt
488 597 
Group04_30.txt
789 962 
Group04_32.txt
607 646 796 
Group04_33.txt
245 478 640 
Group04_34.txt
494 566 717 
Group04_35.txt
553 
Group04_40.txt
18 167 544 
Group04_42.txt
95 
Group04_43.txt
26 765 
Group04_44.txt
487 
Group04_45.txt
20 
Group04_46.txt
716 954 
Group04_47.txt
490 
Group04_48.txt
342 
Group04_49.txt
574 
Group04_50.txt
41 84 
Group05_02.txt
1240 
Group05_03.txt
320 
Group05_04.txt
235 
Group05_07.txt
498 
Group05_08.txt
68 
Group05_09.txt
386 
Group05_13.txt
921 
Group05_15.txt
262 
Group05_18.txt
62 427 636 
Group05_19.txt
558 741 
Group05_21.txt
698 
Group05_25.txt
898 
Group05_26.txt
288 
Group05_27.txt
1356 1467 
Group05_28.txt
31 
Group05_29.txt
296 
Group05_30.txt
946 
Group05_31.txt
135 139 
Group05_32.txt
823 
Group05_33.txt
87 
Group05_35.txt
425 487 
Group05_36.txt
124 
Group05_41.txt
50 330 387 
Group05_43.txt
23 421 
Group05_44.txt
225 374 674 
Group05_45.txt
635 678 696 715 757 1265 1286 1288 
Group05_46.txt
25 
Group05_48.txt
75 
Group05_50.txt
295 
Group06_02.txt
306 
Group06_03.txt
419 
Group06_04.txt
387 392 525 632 651 705 
Group06_07.txt
513 
Group06_08.txt
479 
Group06_10.txt
691 
Group06_11.txt
106 
Group06_12.txt
392 
Group06_15.txt
467 852 
Group06_17.txt
809 889 1039 
Group06_18.txt
164 696 
Group06_20.txt
277 
Group06_21.txt
764 779 
Group06_23.txt
80 193 
Group06_25.txt
417 
Group06_28.txt
339 
Group06_29.txt
273 
Group06_31.txt
809 889 1039 
Group06_33.txt
478 829 
Group06_37.txt
211 
Group06_38.txt
312 
Group06_39.txt
280 336 474 
Group06_40.txt
142 
Group06_44.txt
921 
Group06_46.txt
25 
Group06_48.txt
193 349 
Group06_49.txt
121 142 252 305 
Group07_01.txt
731 
Group07_03.txt
772 1656 2319 
Group07_04.txt
192 200 898 905 1224 1280 
Group07_05.txt
37 604 
Group07_07.txt
638 
Group07_08.txt
103 226 482 533 
Group07_09.txt
136 
Group07_10.txt
273 
Group07_11.txt
130 345 
Group07_12.txt
657 1074 1086 
Group07_13.txt
223 
Group07_15.txt
595 
Group07_16.txt
205 
Group07_17.txt
110 
Group07_18.txt
756 976 1208 1296 
Group07_19.txt
393 
Group07_20.txt
497 501 506 507 514 
Group07_21.txt
132 247 310 
Group07_24.txt
664 1370 1374 
Group07_26.txt
607 636 
Group07_30.txt
110 
Group07_31.txt
95 601 1494 1668 
Group07_33.txt
147 
Group07_34.txt
557 
Group07_36.txt
637 739 799 1061 1118 1125 
Group07_38.txt
785 1615 
Group07_41.txt
342 
Group07_43.txt
91 
Group07_44.txt
547 
Group07_45.txt
157 352 
Group07_46.txt
721 764 
Group07_47.txt
536 
Group07_48.txt
802 944 1124 1175 
Group07_49.txt
491 966 1597 2540 2680 
Group07_50.txt
624 
Group08_01.txt
209 
Group08_02.txt
210 
Group08_04.txt
456 469 743 
Group08_06.txt
697 871 
Group08_09.txt
492 
Group08_10.txt
308 
Group08_11.txt
310 400 
Group08_15.txt
274 408 417 498 587 776 
Group08_16.txt
24 50 154 158 397 1157 1189 
Group08_17.txt
996 
Group08_18.txt
320 501 536 726 
Group08_20.txt
154 620 917 1239 
Group08_22.txt
258 384 685 813 
Group08_23.txt
456 469 744 
Group08_24.txt
602 
Group08_25.txt
768 980 1003 1055 1294 
Group08_27.txt
346 
Group08_29.txt
778 919 1480 
Group08_30.txt
720 1326 
Group08_31.txt
54 471 
Group08_39.txt
475 
Group08_43.txt
99 421 
Group09_01.txt
253 580 587 636 
Group09_02.txt
216 
Group09_04.txt
240 253 
Group09_06.txt
467 
Group09_07.txt
55 
Group09_08.txt
285 519 530 
Group09_09.txt
367 761 
Group09_10.txt
610 
Group09_14.txt
210 671 
Group09_15.txt
273 278 
Group09_17.txt
545 
Group09_18.txt
483 
Group09_20.txt
228 
Group09_21.txt
573 
Group09_22.txt
593 609 
Group09_24.txt
479 544 
Group09_26.txt
1274 
Group09_27.txt
27 
Group09_28.txt
303 466 
Group09_31.txt
425 481 
Group09_33.txt
211 
Group09_34.txt
200 212 224 559 
Group09_35.txt
327 333 499 538 576 722 729 
Group09_36.txt
123 525 
Group09_37.txt
170 180 453 605 1241 1268 
Group09_39.txt
305 506 
Group09_40.txt
221 
Group09_42.txt
615 
Group09_43.txt
72 195 201 
Group09_44.txt
304 473 
Group09_45.txt
43 319 
Group09_46.txt
340 
Group09_48.txt
734 
Group09_49.txt
140 512 
Group09_50.txt
623 
Group10_01.txt
587 688 
Group10_03.txt
931 
Group10_04.txt
447 
Group10_08.txt
19 
Group10_09.txt
990 
Group10_10.txt
71 522 
Group10_11.txt
423 505 1166 
Group10_12.txt
8 693 703 
Group10_13.txt
211 417 
Group10_15.txt
173 616 
Group10_16.txt
691 941 
Group10_19.txt
375 
Group10_22.txt
518 521 
Group10_23.txt
481 
Group10_24.txt
146 217 607 1229 
Group10_25.txt
292 348 631 687 993 1041 1067 1200 
Group10_28.txt
683 
Group10_29.txt
361 637 
Group10_33.txt
49 674 
Group10_34.txt
72 
Group10_35.txt
289 
Group10_36.txt
140 813 
Group10_38.txt
112 257 640 936 1168 1220 
Group10_39.txt
11 593 634 794 975 995 
Group10_40.txt
289 514 584 644 
Group10_41.txt
573 
Group10_43.txt
174 778 
Group10_44.txt
25 600 742 
Group10_45.txt
71 246 
Group10_46.txt
406 
Group10_47.txt
242 347 672 809 
Group10_48.txt
405 419 421 
Group10_49.txt
500 604 
Group10_50.txt
424 
Group11-02.txt
360 762 
Group11-03.txt
271 378 612 
Group11-04.txt
171 678 
Group11-05.txt
401 411 634 746 849 1020 1222 1223 1285 1289 1350 1424 1476 1570 1644 1713 1906 1907 1974 2012 
Group11-07.txt
270 556 578 
Group11-09.txt
459 
Group11-11.txt
252 
Group11-12.txt
422 720 
Group11-14.txt
376 1006 
Group11-15.txt
432 702 1285 1778 
Group11-16.txt
164 182 187 454 919 932 1012 1767 1930 1950 1958 2846 2965 
Group11-18.txt
581 
Group11-20.txt
262 316 947 
Group11-21.txt
433 733 
Group11-23.txt
580 783 
Group11-24.txt
455 725 1678 1875 1898 1920 2030 2224 2463 2576 
Group11-28.txt
985 
Group11-29.txt
772 
Group11-30.txt
648 
Group11-32.txt
821 
Group11-33.txt
160 663 977 
Group11-36.txt
225 
Group11-37.txt
431 579 695 
Group11-38.txt
417 
Group11-39.txt
81 94 442 492 598 
Group11-40.txt
362 528 
Group11-42.txt
278 303 529 
Group11-44.txt
22 54 74 98 158 853 
Group11-45.txt
234 480 520 546 822 946 1102 1330 
Group11-46.txt
34 68 93 128 304 629 1380 1442 1481 
Group11-47.txt
169 232 357 463 606 
Group11-48.txt
205 
Group11-50.txt
65 627 682 769 910 983 
Group12_01.txt
483 1043 1213 1546 
Group12_02.txt
183 538 797 1377 1431 1442 1449 1485 1569 1742 
Group12_03.txt
1328 
Group12_04.txt
351 474 1428 1985 2133 
Group12_06.txt
0 1067 
Group12_07.txt
289 943 1053 1199 
Group12_08.txt
553 
Group12_09.txt
631 
Group12_10.txt
337 
Group12_11.txt
143 332 411 642 
Group12_12.txt
143 332 411 642 
Group12_13.txt
437 487 505 981 1284 1872 1879 1884 1947 2019 
Group12_14.txt
712 752 950 954 996 1025 
Group12_16.txt
495 
Group12_18.txt
527 
Group12_19.txt
158 695 767 824 
Group12_21.txt
259 537 
Group12_22.txt
497 
Group12_24.txt
372 
Group12_26.txt
632 1203 
Group12_29.txt
648 
Group12_32.txt
294 
Group12_33.txt
246 
Group12_35.txt
67 172 418 480 506 579 
Group12_41.txt
647 
Group12_42.txt
598 630 1217 
Group12_43.txt
695 
Group12_49.txt
792 1000 1435 1569 1704 1740 2077 2345 2709 
Group13_02.txt
668 1982 
Group13_03.txt
669 
Group13_04.txt
110 149 537 656 1228 
Group13_05.txt
254 264 726 1000 1184 
Group13_06.txt
131 328 1021 1544 2659 2782 
Group13_08.txt
423 683 994 
Group13_09.txt
977 1679 
Group13_10.txt
159 796 841 
Group13_12.txt
388 
Group13_13.txt
192 
Group13_14.txt
89 375 433 
Group13_17.txt
59 210 437 
Group13_18.txt
494 620 
Group13_19.txt
374 
Group13_20.txt
15 74 647 
Group13_21.txt
720 884 
Group13_22.txt
1408 1420 1547 1956 2160 2285 3216 3743 3981 5228 5473 7456 8518 9568 10448 10506 11520 12317 13150 13358 13371 13481 13568 13704 14427 15111 15173 15266 15892 15985 16070 16328 16369 16402 
Group13_23.txt
864 2214 2248 2321 2667 3120 3126 3799 
Group13_24.txt
1108 2837 3047 3571 3693 4426 4444 4566 4571 4577 4947 5110 5130 
Group13_25.txt
2316 
Group13_26.txt
910 1972 2075 4051 6187 7015 7712 7879 8194 8632 8956 9025 10223 
Group13_27.txt
340 759 1149 1475 2740 3508 
Group13_28.txt
1135 1338 1495 1662 2272 2564 
Group13_29.txt
764 2217 2367 3275 3277 4576 4695 5135 
Group13_30.txt
129 191 682 2174 2382 4102 
Group13_31.txt
366 372 384 411 451 482 
Group13_32.txt
28 39 636 745 911 1309 1373 1378 
Group13_33.txt
553 631 658 1196 1522 1838 1926 2087 
Group13_35.txt
511 
Group13_36.txt
98 604 905 994 1480 1491 
Group13_37.txt
270 696 1287 
Group13_38.txt
724 1014 
Group13_39.txt
1820 2011 
Group13_40.txt
516 805 
Group13_41.txt
7 329 551 
Group13_42.txt
148 253 558 729 1096 
Group13_43.txt
1478 
Group13_44.txt
191 965 3308 
Group13_47.txt
1608 1701 1721 
Group13_48.txt
60 305 1228 1245 1917 1937 2370 2445 
Group13_50.txt
390 
Group14_04.txt
257 
Group14_05.txt
125 506 
Group14_06.txt
131 331 
Group14_08.txt
326 454 
Group14_09.txt
249 
Group14_10.txt
106 
Group14_12.txt
269 348 
Group14_13.txt
249 
Group14_15.txt
437 463 
Group14_16.txt
57 78 394 474 
Group14_19.txt
481 
Group14_20.txt
90 340 875 943 
Group14_23.txt
504 
Group14_25.txt
2 79 175 525 539 556 
Group14_26.txt
242 
Group14_28.txt
417 527 729 873 
Group14_31.txt
13 317 653 721 891 922 
Group14_33.txt
124 145 
Group14_34.txt
108 237 
Group14_35.txt
953 
Group14_36.txt
229 
Group14_37.txt
194 394 606 738 
Group14_38.txt
148 226 
Group14_39.txt
378 775 
Group14_40.txt
373 603 
Group14_41.txt
487 512 799 970 
Group14_44.txt
247 
Group14_47.txt
331 569 648 
Group14_49.txt
224 576 
Group14_50.txt
231 425 
