Group01_01.txt
294 
Group01_04.txt
218 
Group01_06.txt
122 220 
Group01_09.txt
409 
Group01_10.txt
636 
Group01_12.txt
709 
Group01_15.txt
109 
Group01_16.txt
255 351 
Group01_19.txt
668 
Group01_24.txt
218 
Group01_25.txt
97 356 1047 
Group01_26.txt
608 
Group01_28.txt
461 
Group01_29.txt
124 
Group01_30.txt
53 
Group01_34.txt
512 
Group01_35.txt
834 
Group01_43.txt
566 
Group01_46.txt
118 
Group01_47.txt
291 
Group01_48.txt
419 
Group01_50.txt
437 
Group02_01.txt
489 523 562 
Group02_03.txt
93 118 293 377 571 602 684 
Group02_04.txt
140 
Group02_05.txt
697 709 
Group02_06.txt
25 
Group02_07.txt
738 
Group02_08.txt
199 286 440 540 
Group02_09.txt
26 217 539 
Group02_10.txt
276 594 847 864 878 936 1046 1065 
Group02_11.txt
478 566 725 754 825 
Group02_12.txt
161 228 327 438 571 687 735 805 849 853 961 989 1041 1081 
Group02_13.txt
259 335 417 598 837 
Group02_14.txt
120 858 921 
Group02_15.txt
173 224 
Group02_16.txt
108 
Group02_18.txt
230 570 782 1291 1984 2090 2578 
Group02_19.txt
385 794 810 828 892 
Group02_20.txt
38 88 280 477 655 1470 1742 1899 2015 2064 2288 2339 2477 2839 3423 3880 3918 4124 
Group02_21.txt
60 672 905 1080 1190 1555 2056 2126 2129 2157 2174 2302 2343 2359 2394 2465 2853 2865 2893 
Group02_22.txt
74 87 194 221 768 1609 1908 2376 2426 2474 3105 3140 3324 
Group02_23.txt
66 77 1260 
Group02_24.txt
203 267 1339 1355 
Group02_25.txt
441 
Group02_26.txt
830 
Group02_27.txt
230 285 
Group02_28.txt
65 509 
Group02_29.txt
1002 
Group02_30.txt
340 1868 2252 2530 
Group02_31.txt
1387 2541 
Group02_32.txt
40 1057 1487 1940 2740 
Group02_33.txt
98 106 305 1390 2871 3027 3372 3401 3423 
Group02_34.txt
1029 1040 1084 1228 1256 1300 1433 
Group02_35.txt
385 433 474 945 
Group02_36.txt
129 1199 1518 
Group02_37.txt
208 918 1027 1042 1075 
Group02_38.txt
1087 3516 3551 
Group02_39.txt
247 
Group02_40.txt
1193 
Group02_41.txt
445 639 654 1384 1484 
Group02_43.txt
659 
Group02_44.txt
170 1170 
Group02_45.txt
906 1012 1194 1913 1945 1949 
Group02_46.txt
29 631 1351 2067 2456 2468 
Group02_47.txt
23 140 382 466 787 976 1374 
Group02_48.txt
599 
Group02_49.txt
681 806 1481 2253 2409 2630 3667 3805 3837 4037 
Group02_50.txt
451 1451 1580 
Group03_01.txt
146 
Group03_02.txt
147 
Group03_03.txt
505 526 571 1089 1130 
Group03_04.txt
64 218 260 370 395 716 860 1844 
Group03_06.txt
826 1395 
Group03_07.txt
397 
Group03_08.txt
461 479 
Group03_09.txt
549 
Group03_10.txt
99 114 170 927 
Group03_11.txt
201 
Group03_12.txt
97 209 391 509 674 960 
Group03_13.txt
299 416 
Group03_14.txt
686 830 917 1236 
Group03_16.txt
642 855 
Group03_19.txt
118 
Group03_20.txt
681 
Group03_21.txt
459 1643 1748 1986 2000 
Group03_23.txt
456 524 
Group03_24.txt
188 760 1336 
Group03_25.txt
803 
Group03_27.txt
299 429 444 749 1523 1761 
Group03_28.txt
944 
Group03_29.txt
461 585 677 1015 1355 
Group03_30.txt
161 564 611 630 1264 1334 
Group03_31.txt
746 
Group03_32.txt
636 1361 
Group03_33.txt
435 1223 
Group03_34.txt
507 583 646 914 925 972 1298 1501 2009 2644 
Group03_35.txt
1230 1312 
Group03_36.txt
46 153 605 625 861 1508 1685 
Group03_37.txt
105 142 692 940 1373 1916 1922 2012 2265 2271 2302 
Group03_39.txt
619 
Group03_40.txt
414 
Group03_41.txt
329 
Group03_42.txt
445 569 667 1008 1373 
Group03_44.txt
734 786 972 1038 1109 1327 1475 
Group03_45.txt
35 355 
Group03_47.txt
998 1063 
Group03_48.txt
775 927 
Group03_50.txt
78 1545 
Group04_03.txt
194 
Group04_07.txt
76 
Group04_08.txt
53 
Group04_10.txt
267 691 
Group04_11.txt
164 
Group04_14.txt
413 
Group04_15.txt
277 418 1171 
Group04_17.txt
1 190 361 
Group04_18.txt
0 412 
Group04_19.txt
29 
Group04_25.txt
407 
Group04_26.txt
575 669 
Group04_30.txt
254 399 460 602 824 837 
Group04_31.txt
0 185 315 
Group04_32.txt
513 758 
Group04_33.txt
141 150 380 467 656 
Group04_35.txt
353 531 
Group04_36.txt
756 
Group04_38.txt
110 
Group04_44.txt
29 
Group04_45.txt
98 
Group04_46.txt
86 854 
Group04_50.txt
74 149 377 487 515 595 
Group05_03.txt
286 
Group05_04.txt
743 
Group05_06.txt
238 274 961 
Group05_08.txt
0 
Group05_09.txt
576 751 
Group05_13.txt
380 
Group05_17.txt
587 
Group05_18.txt
811 
Group05_22.txt
146 481 
Group05_23.txt
241 277 365 431 526 615 807 
Group05_25.txt
427 1054 1181 
Group05_27.txt
925 
Group05_29.txt
169 375 
Group05_32.txt
328 
Group05_44.txt
123 378 724 1015 
Group05_45.txt
75 337 
Group06_02.txt
580 678 
Group06_03.txt
658 693 
Group06_04.txt
23 295 
Group06_05.txt
347 
Group06_06.txt
178 
Group06_07.txt
59 203 
Group06_08.txt
231 274 
Group06_09.txt
173 523 545 554 
Group06_11.txt
458 548 
Group06_12.txt
84 478 496 512 
Group06_13.txt
353 
Group06_14.txt
189 226 283 
Group06_17.txt
226 
Group06_18.txt
419 486 
Group06_20.txt
605 
Group06_22.txt
434 
Group06_24.txt
372 
Group06_28.txt
222 
Group06_29.txt
315 
Group06_31.txt
226 
Group06_32.txt
169 294 652 
Group06_33.txt
303 689 
Group06_34.txt
122 203 411 
Group06_36.txt
398 660 
Group06_38.txt
338 349 
Group06_39.txt
311 387 470 
Group06_40.txt
367 
Group06_41.txt
35 100 451 462 
Group06_42.txt
123 215 
Group06_43.txt
108 281 578 640 
Group06_44.txt
479 529 
Group06_46.txt
100 698 
Group06_47.txt
232 543 628 
Group06_48.txt
580 
Group06_49.txt
315 
Group07_01.txt
1 288 893 
Group07_02.txt
86 
Group07_04.txt
568 883 1071 
Group07_05.txt
158 514 522 
Group07_06.txt
24 
Group07_07.txt
1184 
Group07_09.txt
67 
Group07_11.txt
584 
Group07_14.txt
238 404 436 
Group07_18.txt
210 1149 
Group07_20.txt
93 301 
Group07_21.txt
101 137 147 858 
Group07_26.txt
311 
Group07_28.txt
127 140 334 395 464 553 
Group07_29.txt
175 
Group07_31.txt
1108 1356 1783 
Group07_34.txt
115 
Group07_36.txt
1361 
Group07_37.txt
516 
Group07_38.txt
550 770 
Group07_40.txt
370 
Group07_46.txt
88 
Group07_48.txt
650 1036 
Group07_49.txt
106 
Group08_02.txt
598 
Group08_06.txt
398 
Group08_15.txt
405 
Group08_16.txt
938 
Group08_20.txt
528 
Group08_21.txt
230 
Group08_25.txt
965 
Group08_28.txt
238 
Group08_29.txt
725 1081 1230 
Group08_30.txt
109 
Group08_35.txt
132 
Group08_45.txt
259 
Group08_48.txt
233 
Group09_01.txt
128 296 503 559 
Group09_02.txt
129 183 244 479 
Group09_03.txt
413 
Group09_04.txt
561 
Group09_06.txt
232 
Group09_07.txt
146 415 
Group09_08.txt
243 
Group09_10.txt
287 
Group09_11.txt
294 
Group09_14.txt
383 629 643 749 
Group09_15.txt
202 448 
Group09_16.txt
47 51 215 416 470 491 493 
Group09_17.txt
204 
Group09_18.txt
201 226 
Group09_19.txt
64 
Group09_20.txt
494 
Group09_21.txt
64 479 702 1166 
Group09_22.txt
427 
Group09_23.txt
476 
Group09_24.txt
273 580 
Group09_26.txt
349 366 397 572 575 1038 
Group09_27.txt
245 
Group09_29.txt
317 
Group09_30.txt
442 
Group09_31.txt
310 442 454 476 546 599 
Group09_32.txt
405 482 
Group09_33.txt
25 77 357 378 
Group09_34.txt
581 
Group09_35.txt
311 649 749 770 
Group09_36.txt
284 323 440 492 535 
Group09_37.txt
1274 
Group09_38.txt
351 
Group09_40.txt
372 454 506 622 
Group09_43.txt
198 
Group09_44.txt
416 
Group09_45.txt
623 
Group09_46.txt
61 185 
Group09_48.txt
63 240 304 
Group09_49.txt
650 657 839 866 
Group10_02.txt
405 
Group10_08.txt
123 150 291 675 
Group10_09.txt
447 902 
Group10_10.txt
776 
Group10_11.txt
374 588 
Group10_12.txt
100 159 
Group10_13.txt
447 
Group10_14.txt
494 
Group10_16.txt
240 859 
Group10_17.txt
429 717 802 
Group10_18.txt
40 167 476 514 565 599 
Group10_20.txt
640 
Group10_22.txt
626 
Group10_25.txt
299 638 1132 
Group10_26.txt
405 
Group10_27.txt
300 
Group10_28.txt
147 294 
Group10_29.txt
144 
Group10_30.txt
87 186 294 379 
Group10_32.txt
342 
Group10_33.txt
829 1470 1521 
Group10_35.txt
895 
Group10_36.txt
216 
Group10_37.txt
96 256 
Group10_38.txt
800 1028 
Group10_39.txt
135 
Group10_43.txt
206 
Group10_45.txt
135 470 
Group10_47.txt
412 433 
Group10_48.txt
221 
Group11-01.txt
394 
Group11-02.txt
66 417 
Group11-03.txt
495 
Group11-04.txt
234 
Group11-05.txt
1544 1761 1884 1887 
Group11-08.txt
584 
Group11-12.txt
88 271 308 460 639 663 
Group11-13.txt
196 268 
Group11-14.txt
410 577 845 
Group11-15.txt
1665 1733 
Group11-16.txt
569 934 1200 1513 2453 
Group11-17.txt
709 
Group11-23.txt
232 
Group11-24.txt
2157 2166 2308 
Group11-28.txt
602 
Group11-33.txt
224 714 
Group11-36.txt
371 
Group11-39.txt
194 
Group11-50.txt
89 
Group12_02.txt
1404 
Group12_03.txt
846 1169 
Group12_04.txt
2653 2661 2669 2678 
Group12_06.txt
797 
Group12_09.txt
997 
Group12_14.txt
363 
Group12_15.txt
362 
Group12_20.txt
603 
Group12_21.txt
479 
Group12_22.txt
535 668 
Group12_26.txt
334 588 972 1549 
Group12_29.txt
331 359 
Group12_31.txt
378 
Group12_39.txt
330 410 675 
Group12_40.txt
367 382 411 584 
Group12_41.txt
704 
Group12_42.txt
163 499 1083 
Group12_44.txt
353 
Group12_49.txt
467 736 2243 2397 
Group13_02.txt
216 252 298 1243 1353 1375 1978 2035 
Group13_04.txt
693 
Group13_05.txt
1820 
Group13_09.txt
1072 
Group13_10.txt
198 
Group13_12.txt
658 
Group13_13.txt
113 248 
Group13_14.txt
481 574 
Group13_15.txt
546 
Group13_20.txt
165 221 701 
Group13_22.txt
615 1712 1850 5284 6693 8956 10705 11499 11507 11585 13793 15440 15963 16026 16151 16287 
Group13_23.txt
817 871 1110 2278 2404 2571 2630 2749 3461 3667 
Group13_24.txt
2579 2641 2710 4269 
Group13_25.txt
1728 
Group13_26.txt
333 380 387 1883 2803 3219 3338 4123 4500 5104 5507 7288 7915 8607 8800 
Group13_27.txt
2620 
Group13_28.txt
568 755 892 1392 2365 3266 
Group13_29.txt
442 1748 2524 2754 
Group13_30.txt
2689 3108 3310 
Group13_33.txt
1170 
Group13_35.txt
1327 1404 1559 
Group13_37.txt
699 730 
Group13_38.txt
1522 
Group13_40.txt
731 921 942 
Group13_41.txt
1393 1591 1654 1662 1678 
Group13_42.txt
261 884 1108 1289 
Group13_43.txt
177 1472 
Group13_44.txt
1789 1827 3079 3094 3287 
Group13_45.txt
1254 
Group13_47.txt
678 706 785 1035 1595 
Group13_48.txt
824 2377 2389 2419 2495 2520 
Group13_49.txt
733 1292 1692 
Group14_03.txt
39 47 
Group14_04.txt
182 409 422 442 
Group14_08.txt
186 521 
Group14_10.txt
91 
Group14_14.txt
461 494 
Group14_19.txt
220 
Group14_20.txt
135 
Group14_21.txt
556 
Group14_25.txt
324 
Group14_27.txt
686 
Group14_28.txt
164 732 
Group14_31.txt
330 
Group14_32.txt
905 1073 
Group14_34.txt
0 232 354 
Group14_35.txt
64 93 505 546 638 1022 1308 1326 1431 1440 
Group14_36.txt
176 543 600 
Group14_37.txt
226 447 733 768 
Group14_38.txt
323 369 
Group14_39.txt
464 890 1006 
Group14_40.txt
576 
Group14_41.txt
88 134 218 304 343 450 667 675 961 
Group14_42.txt
830 
Group14_44.txt
392 
Group14_46.txt
207 607 
Group14_47.txt
205 360 384 
Group14_48.txt
145 
Group14_49.txt
209 448 
Group14_50.txt
584 
