Group01_01.txt
516 530 
Group01_03.txt
181 260 642 853 
Group01_04.txt
84 113 118 324 398 
Group01_05.txt
297 
Group01_06.txt
104 978 
Group01_07.txt
24 462 
Group01_08.txt
216 917 
Group01_10.txt
181 620 871 
Group01_11.txt
170 735 833 853 
Group01_12.txt
88 114 230 303 
Group01_13.txt
201 
Group01_14.txt
379 564 
Group01_15.txt
22 262 306 
Group01_16.txt
239 277 331 
Group01_17.txt
106 217 225 245 
Group01_18.txt
23 
Group01_19.txt
276 391 446 
Group01_20.txt
553 
Group01_21.txt
62 
Group01_24.txt
84 113 118 317 391 
Group01_25.txt
409 505 1027 
Group01_26.txt
42 568 775 
Group01_29.txt
369 593 602 621 
Group01_30.txt
62 69 743 
Group01_32.txt
120 787 881 990 1219 
Group01_33.txt
711 
Group01_34.txt
121 268 285 
Group01_35.txt
66 1063 1071 
Group01_36.txt
176 532 551 553 
Group01_37.txt
379 
Group01_38.txt
62 
Group01_40.txt
275 313 334 410 473 814 857 
Group01_41.txt
62 
Group01_43.txt
299 443 
Group01_44.txt
166 185 
Group01_47.txt
40 145 158 270 335 349 
Group01_48.txt
281 
Group01_49.txt
327 
Group01_50.txt
37 217 536 
Group02_01.txt
206 275 281 288 295 298 
Group02_03.txt
268 414 856 901 906 971 
Group02_04.txt
106 155 278 347 514 519 770 
Group02_05.txt
433 584 589 716 
Group02_07.txt
182 557 614 
Group02_08.txt
86 167 292 412 449 
Group02_09.txt
388 535 
Group02_10.txt
170 759 
Group02_11.txt
184 296 312 616 
Group02_12.txt
6 109 331 339 885 950 979 1068 
Group02_13.txt
530 555 692 
Group02_14.txt
123 173 288 350 371 384 553 720 831 864 
Group02_15.txt
19 23 238 
Group02_16.txt
625 629 734 
Group02_17.txt
634 
Group02_18.txt
203 1545 1895 2261 2837 3049 3122 
Group02_19.txt
284 303 616 621 753 758 770 836 1017 1147 1640 
Group02_20.txt
128 366 487 1478 2004 2111 2118 2142 2423 2439 2468 2815 2846 3262 3499 3931 
Group02_21.txt
100 389 1304 1962 2532 
Group02_22.txt
371 2395 2601 2661 
Group02_23.txt
13 1382 
Group02_24.txt
479 
Group02_27.txt
65 
Group02_28.txt
1216 
Group02_29.txt
600 
Group02_30.txt
439 1077 2413 3351 4206 4395 
Group02_31.txt
224 2604 
Group02_32.txt
353 
Group02_33.txt
1958 3196 
Group02_34.txt
971 1216 
Group02_35.txt
178 366 
Group02_36.txt
1658 
Group02_38.txt
226 393 475 507 889 1256 1324 1328 2564 2572 2595 2855 
Group02_39.txt
173 423 1532 
Group02_41.txt
21 148 872 
Group02_42.txt
32 
Group02_44.txt
1181 1347 
Group02_46.txt
32 757 809 1369 
Group02_47.txt
30 219 473 
Group02_48.txt
1231 1259 1357 
Group02_49.txt
1100 2566 
Group02_50.txt
120 320 1933 1942 
Group03_01.txt
178 280 289 
Group03_02.txt
262 283 417 819 
Group03_03.txt
1005 1258 
Group03_04.txt
1560 1576 1706 1800 2067 2083 
Group03_05.txt
679 790 967 
Group03_06.txt
808 1046 1088 1862 1936 2266 2309 
Group03_07.txt
45 527 949 965 1047 2139 2176 2533 2539 
Group03_08.txt
14 60 183 231 242 252 257 276 281 299 301 312 319 328 382 432 459 493 583 770 808 823 867 
Group03_09.txt
84 129 279 387 530 547 570 598 604 679 868 887 982 1011 
Group03_10.txt
205 248 276 518 525 920 
Group03_11.txt
60 
Group03_12.txt
56 65 76 99 120 148 307 356 366 372 415 485 556 564 781 785 793 845 860 903 1420 
Group03_13.txt
352 607 656 
Group03_14.txt
94 104 522 547 841 1199 1254 
Group03_15.txt
280 
Group03_24.txt
830 1068 1259 1271 1925 
Group03_25.txt
629 806 
Group03_26.txt
1126 
Group03_27.txt
485 1786 
Group03_28.txt
702 
Group03_29.txt
321 382 392 469 681 709 717 741 1084 1682 1695 1846 1912 
Group03_30.txt
257 814 864 935 1061 1081 1114 1618 
Group03_31.txt
568 574 642 1203 1386 2036 2581 
Group03_32.txt
1315 1341 1380 1407 
Group03_33.txt
247 453 519 1000 1298 
Group03_34.txt
19 349 360 395 401 591 595 623 638 1082 1094 1304 1312 1336 1552 1814 1937 1954 2177 2204 2319 2512 2527 2617 2621 2789 
Group03_35.txt
476 493 592 711 1119 1329 
Group03_36.txt
51 79 102 112 158 190 254 257 347 414 460 503 725 899 987 1031 1043 1047 1063 1073 1186 1604 1683 
Group03_37.txt
370 381 398 588 639 788 850 857 881 896 901 1031 1054 1137 1361 1387 2080 2186 
Group03_38.txt
804 856 
Group03_40.txt
226 432 498 979 
Group03_41.txt
70 98 242 
Group03_42.txt
305 366 376 453 671 699 707 731 1081 1708 1721 
Group03_44.txt
122 140 267 396 666 722 1179 
Group03_45.txt
40 120 138 
Group03_48.txt
577 599 670 
Group03_49.txt
123 594 674 855 923 
Group03_50.txt
585 731 1038 
Group04_01.txt
848 
Group04_02.txt
518 639 
Group04_03.txt
308 
Group04_04.txt
52 498 
Group04_06.txt
206 443 451 462 480 
Group04_07.txt
426 441 728 
Group04_08.txt
117 542 641 678 688 
Group04_10.txt
157 1149 
Group04_11.txt
57 90 134 184 258 335 374 390 395 476 480 486 
Group04_12.txt
376 576 591 
Group04_13.txt
492 568 697 711 
Group04_15.txt
242 349 528 998 
Group04_16.txt
226 234 
Group04_17.txt
94 101 156 398 705 
Group04_18.txt
36 72 219 297 374 381 427 473 567 
Group04_19.txt
42 51 254 278 314 322 335 343 392 452 478 
Group04_20.txt
28 54 184 347 
Group04_21.txt
275 453 589 622 
Group04_23.txt
44 434 
Group04_24.txt
466 475 
Group04_26.txt
240 
Group04_28.txt
621 
Group04_29.txt
112 126 178 200 435 454 
Group04_30.txt
262 416 513 
Group04_31.txt
43 210 223 335 337 359 463 533 541 
Group04_32.txt
107 276 312 407 425 436 448 495 590 708 
Group04_33.txt
167 200 287 290 321 370 385 397 
Group04_34.txt
74 238 273 311 317 517 807 818 
Group04_35.txt
71 100 198 206 258 283 311 332 411 448 
Group04_36.txt
39 174 449 468 581 597 713 814 
Group04_37.txt
52 151 239 392 498 
Group04_38.txt
28 31 93 147 282 285 305 358 370 392 590 616 
Group04_39.txt
124 825 922 
Group04_41.txt
878 
Group04_43.txt
263 
Group04_44.txt
47 107 142 157 184 395 403 408 508 539 564 595 613 626 642 
Group04_46.txt
101 216 228 240 573 577 638 692 1035 1191 
Group04_47.txt
46 529 644 
Group04_48.txt
455 547 
Group04_49.txt
273 281 330 379 
Group04_50.txt
77 420 433 637 
Group05_02.txt
114 138 344 451 693 765 
Group05_03.txt
306 310 
Group05_04.txt
485 702 866 
Group05_06.txt
192 865 
Group05_07.txt
273 
Group05_09.txt
278 282 768 796 806 813 859 
Group05_10.txt
225 
Group05_11.txt
224 
Group05_13.txt
66 251 551 1171 
Group05_15.txt
228 
Group05_16.txt
16 129 580 685 794 1018 
Group05_17.txt
592 678 684 902 1011 
Group05_18.txt
472 523 
Group05_19.txt
233 286 
Group05_20.txt
484 503 515 523 597 1005 
Group05_21.txt
287 
Group05_22.txt
389 
Group05_23.txt
154 193 225 239 291 389 
Group05_24.txt
12 38 321 435 470 485 
Group05_25.txt
258 309 451 625 902 
Group05_26.txt
626 643 652 
Group05_27.txt
1353 
Group05_28.txt
14 18 227 342 474 
Group05_29.txt
252 
Group05_30.txt
729 
Group05_31.txt
103 112 161 
Group05_32.txt
55 107 269 316 
Group05_35.txt
181 406 
Group05_36.txt
72 
Group05_38.txt
80 
Group05_44.txt
739 970 
Group05_45.txt
271 705 986 1088 1092 1283 
Group05_46.txt
645 
Group05_48.txt
111 138 
Group05_49.txt
339 
Group05_50.txt
261 
Group06_01.txt
174 
Group06_02.txt
129 
Group06_03.txt
597 699 
Group06_04.txt
269 304 312 672 759 
Group06_06.txt
325 369 
Group06_07.txt
119 605 
Group06_08.txt
100 196 205 285 
Group06_09.txt
101 184 293 
Group06_10.txt
94 254 286 339 379 393 414 446 667 
Group06_11.txt
141 153 183 435 444 
Group06_12.txt
19 190 295 
Group06_14.txt
182 
Group06_15.txt
122 658 735 763 
Group06_16.txt
365 413 
Group06_17.txt
369 515 536 539 551 706 
Group06_18.txt
763 
Group06_19.txt
653 
Group06_20.txt
35 581 619 
Group06_21.txt
77 106 273 760 817 
Group06_23.txt
69 77 605 706 
Group06_24.txt
324 
Group06_25.txt
634 
Group06_26.txt
550 
Group06_27.txt
389 
Group06_28.txt
420 
Group06_29.txt
102 376 698 
Group06_30.txt
274 
Group06_31.txt
369 515 536 539 551 706 
Group06_32.txt
332 
Group06_33.txt
428 702 
Group06_34.txt
105 
Group06_36.txt
318 
Group06_37.txt
107 429 447 
Group06_38.txt
279 530 700 
Group06_39.txt
137 170 178 232 414 455 480 
Group06_41.txt
356 
Group06_42.txt
48 247 403 443 478 525 
Group06_43.txt
153 361 
Group06_44.txt
169 313 538 
Group06_45.txt
648 
Group06_46.txt
66 500 568 731 
Group06_47.txt
65 83 99 240 254 282 521 532 578 611 
Group06_48.txt
98 540 562 
Group06_49.txt
465 
Group06_50.txt
23 250 
Group07_01.txt
193 284 870 
Group07_02.txt
0 
Group07_03.txt
184 1192 1593 1678 1818 2848 
Group07_04.txt
95 104 114 279 296 332 480 490 894 962 1046 1055 1074 1094 
Group07_05.txt
374 683 
Group07_06.txt
83 353 495 589 778 
Group07_07.txt
323 414 433 597 
Group07_08.txt
98 140 164 175 304 381 
Group07_09.txt
508 635 
Group07_10.txt
248 252 384 
Group07_11.txt
280 
Group07_13.txt
584 
Group07_14.txt
439 
Group07_16.txt
166 
Group07_18.txt
170 357 385 547 1360 
Group07_21.txt
13 303 514 522 744 923 
Group07_22.txt
377 632 809 826 846 
Group07_23.txt
57 78 289 410 415 418 526 
Group07_24.txt
57 73 632 969 1144 2130 
Group07_25.txt
133 
Group07_28.txt
89 135 204 429 487 505 
Group07_29.txt
233 448 
Group07_31.txt
944 1406 1414 1459 1674 1680 1805 1811 
Group07_32.txt
89 159 170 182 
Group07_33.txt
627 635 641 677 717 
Group07_34.txt
636 
Group07_36.txt
486 
Group07_37.txt
47 58 406 434 438 449 522 542 549 834 1405 1416 1423 1487 1503 1556 1568 
Group07_38.txt
191 203 239 687 820 1126 1137 1207 1217 1930 1945 
Group07_40.txt
153 
Group07_42.txt
383 433 442 475 480 490 506 518 707 
Group07_43.txt
172 233 467 477 506 
Group07_46.txt
685 
Group07_48.txt
167 494 819 1095 1108 
Group07_49.txt
2455 
Group07_50.txt
582 
Group08_02.txt
78 273 517 
Group08_03.txt
100 138 231 
Group08_04.txt
273 443 453 
Group08_05.txt
297 
Group08_06.txt
952 1128 
Group08_08.txt
113 
Group08_09.txt
387 421 432 444 549 555 576 590 670 
Group08_11.txt
283 578 
Group08_12.txt
512 1072 
Group08_13.txt
72 148 312 634 
Group08_15.txt
400 862 909 
Group08_16.txt
317 923 982 1581 
Group08_17.txt
662 
Group08_18.txt
119 412 424 602 687 
Group08_19.txt
47 115 186 369 445 
Group08_20.txt
381 520 856 
Group08_21.txt
339 
Group08_22.txt
306 536 543 726 
Group08_23.txt
273 443 453 
Group08_24.txt
259 
Group08_25.txt
109 227 352 398 592 648 951 953 1025 1144 1223 
Group08_26.txt
76 
Group08_27.txt
152 154 306 
Group08_28.txt
168 341 488 766 
Group08_29.txt
133 143 150 231 240 282 291 488 547 695 859 880 901 1192 1208 1216 1343 1470 
Group08_30.txt
78 203 380 408 433 505 984 1073 1489 
Group08_31.txt
737 769 887 974 
Group08_33.txt
139 
Group08_37.txt
120 
Group08_39.txt
329 
Group08_40.txt
248 263 299 
Group08_43.txt
256 402 491 
Group08_44.txt
244 254 
Group08_46.txt
342 
Group08_47.txt
40 173 239 412 
Group08_48.txt
259 333 
Group08_50.txt
185 
Group09_01.txt
364 395 
Group09_02.txt
188 195 
Group09_03.txt
163 194 
Group09_04.txt
342 518 
Group09_05.txt
573 862 975 
Group09_06.txt
347 
Group09_07.txt
128 752 
Group09_08.txt
16 152 154 276 
Group09_09.txt
223 248 370 
Group09_10.txt
349 406 572 736 764 
Group09_11.txt
526 
Group09_12.txt
186 198 219 240 362 371 
Group09_13.txt
604 
Group09_14.txt
368 536 648 784 
Group09_15.txt
237 
Group09_16.txt
161 165 
Group09_17.txt
109 236 574 590 
Group09_18.txt
506 541 627 
Group09_19.txt
163 177 
Group09_20.txt
169 173 181 225 241 
Group09_21.txt
38 76 235 266 375 842 
Group09_23.txt
121 127 132 
Group09_25.txt
372 
Group09_26.txt
592 1041 
Group09_27.txt
417 443 
Group09_29.txt
435 575 598 
Group09_31.txt
273 447 479 569 575 
Group09_33.txt
96 341 
Group09_34.txt
111 123 179 190 261 307 356 584 
Group09_35.txt
190 
Group09_36.txt
80 91 129 136 288 302 448 546 
Group09_37.txt
314 493 510 884 905 910 948 1030 1195 1224 1254 
Group09_38.txt
346 
Group09_39.txt
371 
Group09_40.txt
81 282 288 393 406 514 668 
Group09_41.txt
510 
Group09_42.txt
317 
Group09_44.txt
214 242 
Group09_45.txt
308 641 
Group09_46.txt
330 474 555 
Group09_48.txt
402 557 
Group09_49.txt
38 372 395 411 482 485 808 
Group09_50.txt
29 124 194 522 543 615 
Group10_01.txt
402 435 491 544 577 631 725 
Group10_02.txt
175 425 
Group10_03.txt
611 640 
Group10_04.txt
16 32 280 333 342 354 472 
Group10_05.txt
556 828 931 
Group10_06.txt
381 485 
Group10_07.txt
38 
Group10_08.txt
222 
Group10_09.txt
289 561 737 853 860 952 
Group10_10.txt
376 388 662 
Group10_12.txt
89 130 191 
Group10_13.txt
481 
Group10_14.txt
315 464 525 
Group10_15.txt
154 194 218 645 
Group10_16.txt
482 493 
Group10_17.txt
93 98 647 
Group10_18.txt
528 580 
Group10_19.txt
53 227 
Group10_20.txt
191 490 
Group10_21.txt
232 581 
Group10_22.txt
104 359 366 
Group10_23.txt
121 
Group10_24.txt
60 802 
Group10_25.txt
205 1037 1235 
Group10_26.txt
175 425 
Group10_27.txt
84 464 
Group10_28.txt
119 310 437 473 529 551 610 637 848 887 892 907 1039 1045 
Group10_29.txt
247 260 351 905 
Group10_30.txt
68 281 288 300 307 336 370 403 471 
Group10_32.txt
315 359 422 489 624 735 
Group10_33.txt
128 173 839 1239 
Group10_34.txt
535 
Group10_35.txt
47 164 349 353 714 783 906 912 928 939 954 962 984 1089 1126 1128 1628 
Group10_36.txt
364 414 640 
Group10_37.txt
99 674 
Group10_38.txt
195 698 767 865 930 1123 1141 1238 
Group10_39.txt
483 
Group10_40.txt
455 525 
Group10_41.txt
74 252 534 
Group10_42.txt
403 522 587 611 651 
Group10_43.txt
131 
Group10_44.txt
65 750 
Group10_45.txt
262 
Group10_47.txt
127 443 992 
Group10_48.txt
176 202 414 477 554 
Group10_49.txt
50 332 720 
Group10_50.txt
61 276 312 341 
Group11-02.txt
296 320 327 435 460 660 1233 
Group11-03.txt
707 719 
Group11-04.txt
636 647 
Group11-05.txt
319 338 599 842 1168 1187 1194 1456 1607 1620 1753 1791 1803 2006 2094 2132 2197 2257 
Group11-07.txt
256 
Group11-08.txt
289 336 496 590 
Group11-09.txt
449 
Group11-11.txt
421 525 546 
Group11-12.txt
27 336 373 680 
Group11-14.txt
257 312 316 330 502 673 791 814 847 928 1047 1070 1138 
Group11-15.txt
148 383 818 1377 1748 2070 
Group11-16.txt
518 1520 1540 1702 2104 2112 2542 2740 2784 2793 2877 3119 
Group11-17.txt
208 648 
Group11-18.txt
174 274 315 595 
Group11-19.txt
338 427 636 652 
Group11-20.txt
260 621 749 983 1035 
Group11-21.txt
462 468 591 649 661 823 
Group11-22.txt
66 103 
Group11-24.txt
886 898 1724 2603 
Group11-25.txt
199 578 672 
Group11-27.txt
233 
Group11-28.txt
6 104 319 494 
Group11-31.txt
17 61 558 
Group11-33.txt
563 
Group11-35.txt
270 292 399 411 
Group11-36.txt
160 
Group11-37.txt
214 354 504 607 844 
Group11-38.txt
97 
Group11-40.txt
614 
Group11-41.txt
365 
Group11-43.txt
34 105 333 
Group11-44.txt
145 233 605 800 
Group11-45.txt
28 35 112 235 275 593 595 605 1265 1280 1285 1294 1298 
Group11-46.txt
606 661 1047 1131 1138 1526 
Group11-47.txt
241 259 
Group11-48.txt
198 235 643 
Group11-49.txt
75 300 571 
Group12_01.txt
228 401 543 657 661 804 995 1034 1471 
Group12_02.txt
703 717 751 826 1069 1416 1488 1660 2042 
Group12_03.txt
791 1077 
Group12_04.txt
424 540 567 579 678 1100 1752 1864 1870 2180 2425 2514 2717 
Group12_05.txt
137 288 292 563 
Group12_06.txt
487 492 502 807 852 1098 1287 
Group12_07.txt
57 227 367 1102 
Group12_09.txt
62 660 799 
Group12_10.txt
125 200 298 
Group12_11.txt
861 
Group12_12.txt
861 
Group12_13.txt
592 609 1212 1452 1687 1701 1904 
Group12_14.txt
83 430 497 867 875 935 
Group12_16.txt
206 390 520 
Group12_17.txt
14 93 106 195 208 288 296 
Group12_19.txt
835 1367 
Group12_20.txt
368 
Group12_21.txt
79 195 314 492 
Group12_23.txt
153 
Group12_24.txt
56 161 221 531 744 
Group12_25.txt
40 134 195 658 
Group12_26.txt
42 75 77 189 388 402 429 449 455 495 591 603 612 704 961 1151 
Group12_27.txt
284 292 
Group12_28.txt
531 569 
Group12_29.txt
201 388 
Group12_30.txt
86 279 440 
Group12_32.txt
43 438 
Group12_33.txt
307 
Group12_34.txt
129 507 518 573 580 
Group12_38.txt
274 567 
Group12_39.txt
78 119 320 368 446 602 811 819 
Group12_40.txt
46 439 548 625 636 
Group12_41.txt
237 446 679 688 
Group12_42.txt
315 682 730 
Group12_43.txt
612 
Group12_44.txt
540 
Group12_45.txt
115 
Group12_48.txt
542 
Group12_49.txt
140 378 391 1585 1639 1652 2247 2451 2463 2488 2555 2748 
Group12_50.txt
66 172 232 411 435 
Group13_02.txt
262 278 670 684 1308 1328 
Group13_03.txt
109 
Group13_04.txt
57 285 739 898 1104 1108 
Group13_05.txt
393 1490 1704 1925 1976 
Group13_06.txt
1344 1366 1568 1936 2302 2773 
Group13_08.txt
145 400 631 
Group13_09.txt
322 414 424 800 825 910 1389 1427 1453 1800 1816 1834 1841 
Group13_10.txt
177 207 636 713 
Group13_12.txt
737 770 
Group13_14.txt
290 457 473 622 
Group13_15.txt
573 597 
Group13_20.txt
565 
Group13_21.txt
367 1193 1203 1253 1314 1372 1378 
Group13_22.txt
286 292 637 685 807 1081 1452 1559 1604 1654 1816 2029 2044 2177 2265 2366 2429 2805 3808 3831 3861 3896 3998 4437 4604 4960 4966 5389 5677 5726 5754 5802 6665 6701 6748 7094 7127 7952 9239 9920 9982 10026 10057 10065 10101 10246 10491 10850 11294 11888 12076 12334 12452 12509 13513 13818 13886 13960 14005 14042 14433 14450 14577 14634 14756 14899 14932 14945 15028 15050 15169 15179 15234 15296 15348 15355 15403 15454 15562 15568 15607 15613 16113 16449 16586 
Group13_23.txt
555 1412 1722 2754 3281 3515 3670 
Group13_24.txt
44 398 416 508 628 666 750 796 809 1039 1058 1129 1138 1265 1376 1383 1433 1456 1494 1532 1536 1630 1642 1744 1749 1752 2133 2142 2498 2522 2527 2899 2928 2976 2982 2990 2995 3003 3122 3200 3256 3542 3783 3804 3811 3870 3875 3883 3925 3987 4080 4101 4436 4750 4774 4787 4841 4857 4866 4874 4878 5074 5090 5138 5640 
Group13_25.txt
1568 1911 2447 2470 
Group13_26.txt
133 191 697 703 749 954 1080 1128 1207 1230 1470 1649 2108 2142 3175 3178 3581 4469 4804 4873 5782 5955 6123 6451 6734 6814 6874 7509 7606 7617 7624 7647 7660 7747 7862 8107 8129 8147 8226 8455 8667 8681 8694 8773 8814 8882 8914 8918 9171 9673 9947 10240 10291 10298 
Group13_27.txt
327 386 408 457 655 804 824 994 1103 1121 1259 1710 2183 2380 2446 2456 2476 2716 2725 2926 2935 2987 3097 3115 3134 3278 3419 
Group13_28.txt
427 675 849 2416 2437 2539 2737 2919 2943 2954 2986 
Group13_29.txt
909 1318 1351 2280 2285 2369 2373 2537 2710 2739 2856 2912 3203 3378 3394 3664 3679 3794 3843 3877 4225 4233 4263 4279 4330 4398 4654 4657 4713 4760 
Group13_30.txt
17 290 367 372 500 658 715 762 775 781 789 799 1051 1449 1463 1503 1541 1597 1614 2085 2126 2137 2148 2196 2601 2603 2701 2927 3040 3135 3252 3487 
Group13_31.txt
22 234 262 287 
Group13_32.txt
482 511 1098 1343 
Group13_33.txt
1112 1440 
Group13_35.txt
257 1528 1535 
Group13_36.txt
468 527 535 1246 1298 1405 
Group13_37.txt
585 733 1205 
Group13_38.txt
410 569 573 1210 1219 1292 
Group13_39.txt
403 668 1132 1170 1205 1210 2182 
Group13_40.txt
190 
Group13_41.txt
199 450 886 923 1145 1163 1170 1184 
Group13_42.txt
923 1003 1015 1196 1382 1391 
Group13_43.txt
191 301 695 877 1585 
Group13_44.txt
23 154 166 357 417 438 485 549 603 667 682 807 902 1297 1559 1760 2076 2142 2402 2668 3159 3703 3761 3834 3854 
Group13_45.txt
374 711 715 738 1227 1369 1464 
Group13_46.txt
231 1202 1241 
Group13_47.txt
68 160 580 789 945 955 1055 1058 1062 1123 
Group13_48.txt
834 991 1002 1011 2022 2034 2396 2504 
Group13_49.txt
162 925 
Group13_50.txt
523 1065 
Group14_01.txt
286 
Group14_03.txt
478 
Group14_04.txt
157 261 399 402 
Group14_06.txt
469 
Group14_09.txt
226 237 252 393 
Group14_12.txt
432 
Group14_15.txt
313 
Group14_18.txt
22 384 
Group14_19.txt
469 
Group14_20.txt
501 
Group14_22.txt
432 
Group14_23.txt
300 
Group14_24.txt
338 
Group14_26.txt
320 
Group14_27.txt
673 743 821 835 
Group14_28.txt
948 
Group14_29.txt
371 395 
Group14_30.txt
228 509 704 721 816 904 
Group14_32.txt
13 317 953 988 
Group14_33.txt
1025 1030 1056 
Group14_34.txt
638 
Group14_35.txt
293 397 508 740 1048 1058 1081 1155 
Group14_36.txt
590 
Group14_37.txt
723 
Group14_38.txt
329 897 
Group14_39.txt
360 897 1013 
Group14_40.txt
379 381 
Group14_41.txt
780 
Group14_42.txt
263 
Group14_43.txt
224 397 541 
Group14_44.txt
146 453 469 485 
Group14_45.txt
171 277 
Group14_47.txt
456 
Group14_49.txt
565 620 
Group14_50.txt
86 145 404 
