Group01_01.txt
271 
Group01_03.txt
316 457 693 764 1182 
Group01_04.txt
61 185 211 285 
Group01_05.txt
42 123 261 
Group01_06.txt
141 316 368 492 848 1110 1164 
Group01_08.txt
0 169 360 658 852 1050 1058 1132 
Group01_09.txt
171 254 475 562 576 690 744 
Group01_10.txt
10 50 797 
Group01_11.txt
167 339 361 513 559 785 806 898 921 
Group01_12.txt
9 174 353 442 642 
Group01_14.txt
187 259 356 440 541 625 
Group01_15.txt
1 
Group01_16.txt
21 190 421 
Group01_19.txt
35 372 
Group01_20.txt
189 208 222 297 442 504 519 
Group01_21.txt
139 542 
Group01_22.txt
18 309 397 
Group01_23.txt
151 172 
Group01_24.txt
61 185 211 285 
Group01_25.txt
882 998 1034 
Group01_26.txt
175 256 339 412 435 500 733 738 
Group01_27.txt
277 379 
Group01_28.txt
23 153 399 409 475 
Group01_29.txt
172 618 640 
Group01_30.txt
411 509 679 
Group01_31.txt
260 479 
Group01_32.txt
320 714 
Group01_33.txt
152 180 262 668 
Group01_34.txt
178 196 265 294 535 643 
Group01_35.txt
119 258 402 
Group01_36.txt
377 394 461 557 
Group01_38.txt
138 539 
Group01_40.txt
245 372 
Group01_41.txt
478 
Group01_42.txt
298 
Group01_43.txt
291 
Group01_46.txt
126 391 
Group01_47.txt
126 320 385 415 
Group01_48.txt
190 
Group01_49.txt
0 
Group01_50.txt
219 555 559 
Group02_01.txt
174 287 366 402 427 694 
Group02_02.txt
170 302 456 497 581 661 680 
Group02_03.txt
19 254 283 351 408 445 475 488 523 557 580 633 733 809 923 
Group02_04.txt
57 129 195 328 419 668 721 756 
Group02_05.txt
81 347 529 
Group02_06.txt
129 149 602 780 794 863 
Group02_07.txt
117 243 246 259 485 548 672 685 706 
Group02_08.txt
57 268 369 568 620 
Group02_09.txt
91 135 549 567 698 
Group02_10.txt
74 199 526 1080 
Group02_11.txt
281 457 600 611 629 737 885 920 
Group02_12.txt
634 760 
Group02_13.txt
143 403 567 573 627 660 862 
Group02_14.txt
29 96 168 243 307 334 457 630 712 770 785 809 828 
Group02_15.txt
127 144 231 242 286 345 387 405 483 
Group02_16.txt
54 122 260 374 464 490 548 631 705 795 
Group02_17.txt
54 90 236 360 597 637 
Group02_18.txt
214 347 655 683 692 718 751 930 970 994 1055 1139 1170 1220 1406 1415 1603 1790 1850 2117 2167 2172 2307 2334 2907 2951 3115 
Group02_19.txt
11 80 171 356 444 504 633 664 998 1103 1150 1222 1348 1434 1444 1506 1562 1602 1780 1871 
Group02_20.txt
21 58 126 147 244 254 269 333 432 484 568 857 1023 1094 1393 1665 1678 1859 1981 2048 2244 2327 2363 2584 2606 2612 2750 2900 2921 3120 3136 3188 3565 3730 3771 3782 3828 4136 
Group02_21.txt
78 125 225 248 277 289 331 366 398 414 564 645 674 782 831 861 995 1183 1225 1244 1250 1328 1377 1426 1467 1583 1651 1658 1690 1729 1766 1839 2000 2114 2238 2507 2535 2805 2839 
Group02_22.txt
12 318 335 355 516 545 634 650 880 898 1140 1184 1218 1256 1313 1345 1405 1434 1453 1466 1476 1635 1640 1683 1759 1868 1944 2066 2101 2112 2139 2308 2330 2357 2418 2434 2448 2529 2612 2717 2734 2763 2823 2871 3008 3037 3069 3224 3251 3316 3552 3575 3735 3754 
Group02_23.txt
34 130 232 261 369 387 451 580 776 1183 1591 1608 
Group02_24.txt
59 171 352 368 446 558 584 608 783 799 926 991 1028 1098 1110 1208 1269 1294 1386 1489 
Group02_25.txt
133 260 276 330 351 495 527 557 818 854 992 1046 1207 1318 
Group02_26.txt
81 265 280 300 354 369 414 552 656 738 806 
Group02_27.txt
29 195 663 736 827 853 893 946 974 1127 1199 1219 1283 1471 1531 1636 1719 1813 1818 1825 
Group02_28.txt
41 92 172 304 368 406 423 441 477 570 585 695 740 767 817 848 891 920 981 1016 1075 1162 1193 1315 1389 1441 1589 1640 1718 1723 1917 2019 2126 
Group02_29.txt
51 139 184 416 423 442 806 830 967 984 1192 1210 1227 1280 
Group02_30.txt
232 389 396 455 491 534 543 596 626 646 662 739 820 833 920 988 1021 1104 1139 1225 1322 1624 1650 1694 1749 1773 1788 1823 1982 2032 2185 2833 3082 3194 3315 3476 3592 3678 3724 3804 3830 3918 4075 4114 4145 4266 4383 
Group02_31.txt
31 387 421 480 527 546 575 598 624 733 893 942 947 1057 1217 1353 1362 1445 1473 1495 1658 1875 1998 2050 2094 2156 2329 2388 2400 2436 2519 2530 2571 2814 2866 2935 
Group02_32.txt
5 156 260 273 334 359 374 431 471 570 594 615 738 750 774 866 917 967 1043 1075 1082 1213 1310 1360 1395 1456 1549 1576 1614 1696 1826 1832 2045 2102 2118 2131 2149 2318 2326 2415 2439 2583 2620 2649 2661 2690 2725 2747 
Group02_33.txt
4 199 364 482 487 503 744 792 873 883 941 945 969 988 1021 1150 1157 1236 1290 1308 1345 1381 1471 1650 1774 1844 1919 1934 1962 2095 2102 2130 2184 2192 2283 2301 2364 2403 2416 2427 2444 2465 2540 2598 2609 2645 2659 2677 2892 2910 2923 3130 3173 3193 3226 3254 3404 3455 
Group02_34.txt
566 741 882 904 920 994 1174 
Group02_35.txt
52 65 76 145 162 233 327 514 516 538 564 604 645 696 838 
Group02_36.txt
83 142 215 276 316 457 474 498 609 636 977 998 1016 1062 1145 1391 1430 1457 1539 1765 
Group02_37.txt
68 149 191 199 232 239 276 575 608 705 826 860 1302 1353 
Group02_38.txt
52 198 257 764 774 817 832 948 1022 1211 1416 1522 1629 2118 2476 2689 2804 2945 2982 3000 3014 3115 3391 3473 
Group02_39.txt
369 498 535 772 831 847 1027 1203 1226 1369 1591 
Group02_40.txt
102 154 282 299 403 561 637 675 754 941 1099 1151 1235 1246 1349 1370 1405 1440 1625 1842 1896 1940 1981 2117 2189 2233 
Group02_41.txt
428 500 530 577 614 745 809 822 869 988 1116 1133 1306 1400 1428 1620 
Group02_42.txt
38 182 200 234 508 537 725 
Group02_43.txt
68 188 215 248 278 306 312 333 378 417 438 652 813 859 882 912 964 985 998 1024 1122 1162 1257 1273 1357 1379 
Group02_44.txt
88 212 214 248 299 528 588 726 766 805 920 989 993 1025 1026 1059 1060 1086 1125 1195 1270 1291 1357 1518 
Group02_45.txt
71 156 625 829 860 982 1002 1054 1141 1181 1716 
Group02_46.txt
16 204 237 255 370 424 547 681 692 840 922 1005 1123 1276 1428 1454 1488 1511 1539 1577 1664 1678 1722 1846 1883 1920 1945 1986 2112 2150 2163 2213 2224 2306 2317 2335 
Group02_47.txt
53 409 857 874 928 
Group02_48.txt
146 182 335 494 513 635 930 970 1021 1107 1193 1377 1415 1541 1565 1615 1648 1948 1951 1961 2065 2349 2434 2559 2584 2805 2918 
Group02_49.txt
7 335 370 530 545 730 761 787 864 1023 1522 1545 1615 1742 1941 1952 2021 2038 2079 2125 2370 2580 2598 2707 3111 3174 3216 3286 3290 3553 3686 3708 3721 4028 
Group02_50.txt
88 251 264 432 447 548 584 613 1084 1126 1168 1206 1567 1894 
Group03_01.txt
272 456 
Group03_02.txt
85 133 
Group03_03.txt
31 136 222 541 805 1041 1149 1152 1267 
Group03_04.txt
98 115 354 468 597 630 723 1038 1468 1834 1932 1966 2098 2175 
Group03_05.txt
24 251 513 564 748 1001 
Group03_06.txt
840 1269 1583 1685 1969 
Group03_07.txt
107 407 1446 1916 
Group03_08.txt
448 539 
Group03_09.txt
24 144 349 437 474 632 718 822 
Group03_10.txt
210 243 254 380 458 464 491 504 536 
Group03_11.txt
189 537 
Group03_12.txt
730 799 885 1001 1066 1142 
Group03_13.txt
1156 1203 1356 1519 
Group03_14.txt
83 145 213 305 929 1215 
Group03_15.txt
34 542 635 657 702 720 728 
Group03_16.txt
509 886 
Group03_18.txt
30 180 686 895 1124 
Group03_19.txt
274 353 442 894 
Group03_20.txt
214 256 862 905 
Group03_21.txt
578 782 820 895 959 1400 1566 1601 
Group03_22.txt
28 994 1081 1130 
Group03_23.txt
91 734 
Group03_24.txt
98 105 311 1494 1730 1753 
Group03_25.txt
86 115 158 381 
Group03_26.txt
234 1581 
Group03_27.txt
250 286 326 896 1330 1335 1383 1461 1649 
Group03_28.txt
56 148 842 901 
Group03_29.txt
72 495 655 827 944 1025 1160 1410 1434 1525 1741 1927 2000 2062 
Group03_30.txt
415 433 721 792 862 1249 1529 
Group03_31.txt
114 141 235 342 399 664 845 896 913 1850 2189 2451 2603 2687 2774 2824 2918 
Group03_32.txt
77 404 497 615 621 1222 1482 
Group03_33.txt
296 342 
Group03_34.txt
46 89 133 151 159 311 312 539 650 1067 1568 1634 1702 1794 2580 2605 
Group03_35.txt
163 353 359 459 479 549 611 625 898 912 968 1075 1170 1297 
Group03_36.txt
122 160 476 689 961 1190 1379 1403 
Group03_37.txt
124 194 558 739 783 805 853 981 989 1100 1167 1220 1465 1717 1741 1835 1882 1934 2286 2369 
Group03_38.txt
26 77 177 664 917 946 1052 
Group03_39.txt
60 387 480 598 604 
Group03_40.txt
275 321 
Group03_41.txt
145 
Group03_42.txt
53 479 645 817 937 1018 1178 1428 1452 1546 
Group03_43.txt
433 
Group03_44.txt
271 714 923 
Group03_45.txt
123 214 366 419 507 
Group03_47.txt
84 356 358 413 430 457 552 612 652 799 904 943 
Group03_48.txt
44 379 451 581 714 
Group03_49.txt
442 490 504 511 
Group03_50.txt
292 502 653 664 843 
Group04_01.txt
334 
Group04_02.txt
184 299 464 
Group04_03.txt
78 328 493 
Group04_04.txt
360 438 538 
Group04_05.txt
307 499 646 
Group04_06.txt
62 
Group04_07.txt
194 223 646 808 1210 
Group04_08.txt
523 601 
Group04_09.txt
0 255 297 363 381 386 650 
Group04_10.txt
1139 
Group04_12.txt
433 438 
Group04_13.txt
635 672 
Group04_14.txt
99 385 503 
Group04_15.txt
130 230 238 331 470 
Group04_16.txt
346 394 
Group04_17.txt
333 578 625 673 932 1018 1033 
Group04_18.txt
133 172 426 
Group04_19.txt
449 481 
Group04_20.txt
195 
Group04_21.txt
213 477 907 
Group04_23.txt
201 286 536 608 
Group04_24.txt
194 313 
Group04_25.txt
397 
Group04_26.txt
403 588 833 
Group04_27.txt
149 826 
Group04_28.txt
232 396 
Group04_29.txt
361 407 
Group04_32.txt
201 234 264 292 542 787 835 
Group04_33.txt
581 705 725 
Group04_35.txt
302 
Group04_36.txt
278 603 
Group04_37.txt
475 
Group04_38.txt
268 595 
Group04_39.txt
539 731 805 
Group04_41.txt
1015 1136 
Group04_42.txt
203 
Group04_43.txt
58 92 142 205 283 348 
Group04_44.txt
0 42 231 423 690 711 
Group04_45.txt
34 
Group04_46.txt
286 397 1123 
Group04_47.txt
216 332 
Group04_50.txt
695 
Group05_02.txt
141 142 406 419 502 738 1289 
Group05_04.txt
511 
Group05_06.txt
94 118 186 212 280 455 481 765 918 1071 
Group05_07.txt
102 138 314 413 
Group05_08.txt
218 282 303 
Group05_10.txt
222 230 351 710 
Group05_11.txt
162 
Group05_12.txt
2 83 
Group05_13.txt
1039 
Group05_14.txt
81 129 168 631 
Group05_15.txt
44 
Group05_16.txt
137 325 368 408 459 484 504 
Group05_17.txt
911 1065 
Group05_18.txt
49 85 148 293 619 628 875 1008 1031 1044 
Group05_19.txt
305 
Group05_20.txt
216 490 727 749 1109 
Group05_21.txt
251 293 492 
Group05_23.txt
197 266 321 482 522 700 743 757 853 878 929 1074 1147 1219 1236 1245 1314 1413 1445 
Group05_24.txt
460 
Group05_25.txt
666 693 
Group05_26.txt
13 157 419 774 860 
Group05_27.txt
1094 1468 
Group05_28.txt
291 
Group05_29.txt
101 195 
Group05_30.txt
176 393 449 474 558 
Group05_32.txt
621 671 813 
Group05_33.txt
96 
Group05_34.txt
281 
Group05_35.txt
350 
Group05_37.txt
57 
Group05_38.txt
96 131 393 
Group05_40.txt
161 207 316 357 
Group05_42.txt
340 
Group05_43.txt
178 
Group05_44.txt
423 445 774 
Group05_45.txt
855 
Group05_46.txt
603 
Group05_47.txt
19 48 117 
Group05_48.txt
119 
Group05_49.txt
245 
Group05_50.txt
45 
Group06_01.txt
60 239 
Group06_02.txt
68 118 410 692 799 817 
Group06_03.txt
355 397 447 551 
Group06_04.txt
162 188 213 527 586 623 750 756 765 
Group06_05.txt
546 562 589 644 
Group06_06.txt
72 144 198 327 455 788 
Group06_07.txt
412 540 546 583 
Group06_08.txt
167 293 323 423 448 467 511 
Group06_09.txt
113 151 205 298 346 446 473 571 588 
Group06_10.txt
97 425 539 
Group06_11.txt
354 771 
Group06_12.txt
438 583 
Group06_13.txt
20 69 93 142 266 359 471 515 593 706 
Group06_14.txt
79 326 585 667 684 
Group06_15.txt
422 426 563 747 
Group06_16.txt
262 416 857 
Group06_17.txt
77 299 435 468 577 927 939 
Group06_18.txt
522 
Group06_19.txt
103 229 407 
Group06_20.txt
129 360 570 
Group06_21.txt
308 405 533 599 717 820 845 
Group06_22.txt
147 380 
Group06_23.txt
343 438 786 
Group06_24.txt
153 171 362 
Group06_25.txt
550 586 
Group06_26.txt
219 253 404 
Group06_27.txt
128 215 262 481 
Group06_28.txt
476 557 567 581 595 658 
Group06_29.txt
61 307 505 547 551 574 604 723 
Group06_30.txt
218 320 498 531 
Group06_31.txt
77 299 435 468 577 927 939 
Group06_32.txt
45 
Group06_33.txt
50 129 272 404 476 596 632 764 803 
Group06_34.txt
245 259 352 389 496 
Group06_35.txt
120 414 442 532 
Group06_36.txt
81 191 246 335 353 541 574 623 693 
Group06_37.txt
71 121 407 
Group06_38.txt
303 493 763 767 
Group06_39.txt
59 191 218 490 
Group06_41.txt
233 327 370 
Group06_42.txt
106 120 172 323 408 425 514 
Group06_43.txt
605 693 
Group06_44.txt
315 507 555 826 885 914 
Group06_45.txt
181 586 631 
Group06_46.txt
90 242 287 323 509 603 627 
Group06_47.txt
75 201 216 
Group06_48.txt
130 171 179 245 388 421 499 567 
Group06_49.txt
408 
Group06_50.txt
308 326 457 484 645 
Group07_01.txt
230 328 356 392 532 552 603 642 
Group07_02.txt
155 304 581 621 694 717 
Group07_03.txt
695 806 815 978 1653 2107 2176 2564 
Group07_04.txt
418 
Group07_05.txt
477 527 
Group07_06.txt
666 
Group07_07.txt
51 459 1032 
Group07_08.txt
451 493 
Group07_09.txt
190 
Group07_10.txt
305 312 402 
Group07_11.txt
299 368 492 572 
Group07_12.txt
307 354 356 458 641 683 
Group07_13.txt
290 
Group07_14.txt
204 268 288 307 
Group07_15.txt
315 334 450 
Group07_16.txt
331 362 371 568 765 814 
Group07_17.txt
378 493 543 
Group07_18.txt
258 371 563 743 813 901 982 989 1030 1288 1399 
Group07_19.txt
155 172 216 238 
Group07_20.txt
437 494 
Group07_21.txt
940 
Group07_22.txt
268 278 283 288 302 670 
Group07_23.txt
50 
Group07_24.txt
43 450 500 712 720 742 805 1252 1284 1578 1874 2088 
Group07_25.txt
78 336 
Group07_26.txt
345 360 394 562 684 711 756 
Group07_27.txt
25 
Group07_28.txt
55 
Group07_29.txt
214 
Group07_30.txt
361 471 
Group07_31.txt
26 848 937 1154 1171 1712 1759 1794 
Group07_32.txt
304 465 
Group07_33.txt
100 176 355 434 621 632 686 
Group07_34.txt
351 450 610 
Group07_35.txt
169 
Group07_36.txt
139 346 782 1213 1289 1312 1394 1410 
Group07_37.txt
30 269 387 613 651 710 1096 1286 1407 
Group07_38.txt
409 415 492 672 684 759 809 934 1028 1129 1161 1291 1337 1787 1851 
Group07_39.txt
73 604 
Group07_40.txt
151 191 279 317 
Group07_41.txt
161 170 
Group07_42.txt
304 
Group07_43.txt
37 
Group07_44.txt
260 
Group07_45.txt
43 57 125 133 441 
Group07_46.txt
381 573 593 640 696 
Group07_47.txt
300 623 
Group07_48.txt
253 625 630 868 
Group07_49.txt
954 
Group07_50.txt
56 148 511 
Group08_01.txt
171 465 566 672 
Group08_02.txt
298 330 344 
Group08_03.txt
579 612 
Group08_04.txt
719 750 
Group08_05.txt
120 
Group08_06.txt
210 508 553 848 1148 
Group08_09.txt
501 615 
Group08_10.txt
270 564 665 771 
Group08_11.txt
226 435 546 558 707 
Group08_12.txt
60 113 194 213 414 661 
Group08_13.txt
9 85 181 222 
Group08_14.txt
263 312 357 
Group08_15.txt
14 82 262 295 577 
Group08_16.txt
32 58 783 1038 1164 1678 
Group08_17.txt
12 92 193 245 548 617 902 1023 1044 1218 
Group08_18.txt
572 
Group08_19.txt
15 83 304 819 821 
Group08_20.txt
396 1148 1387 
Group08_21.txt
205 498 591 607 630 
Group08_22.txt
438 
Group08_23.txt
720 751 
Group08_24.txt
176 629 900 985 
Group08_27.txt
191 429 
Group08_28.txt
471 
Group08_29.txt
103 450 668 1281 
Group08_30.txt
59 1469 1550 
Group08_31.txt
19 104 176 191 487 
Group08_34.txt
206 408 
Group08_35.txt
99 198 216 303 352 
Group08_36.txt
34 174 
Group08_39.txt
171 307 
Group08_41.txt
237 
Group08_44.txt
83 
Group08_46.txt
188 309 329 
Group09_01.txt
113 631 
Group09_02.txt
117 486 
Group09_03.txt
23 106 219 529 
Group09_04.txt
36 59 199 322 489 
Group09_05.txt
941 
Group09_06.txt
288 483 497 
Group09_07.txt
384 
Group09_08.txt
267 
Group09_09.txt
203 
Group09_10.txt
419 618 783 
Group09_13.txt
147 
Group09_14.txt
235 692 856 
Group09_15.txt
184 218 357 425 461 
Group09_16.txt
68 283 395 455 
Group09_17.txt
404 414 569 629 
Group09_18.txt
622 
Group09_19.txt
306 393 
Group09_20.txt
187 404 418 463 
Group09_22.txt
102 399 518 
Group09_23.txt
29 46 254 322 549 635 
Group09_24.txt
177 218 
Group09_25.txt
99 195 208 231 270 286 480 
Group09_26.txt
242 650 1297 
Group09_27.txt
151 270 487 
Group09_28.txt
299 341 389 444 462 
Group09_29.txt
513 573 
Group09_30.txt
128 138 300 497 566 646 
Group09_31.txt
167 197 286 482 540 
Group09_32.txt
62 341 358 458 470 494 
Group09_33.txt
257 416 505 
Group09_34.txt
17 507 
Group09_35.txt
324 367 615 676 712 
Group09_36.txt
509 
Group09_37.txt
142 177 405 908 1055 1212 
Group09_38.txt
39 69 257 307 403 599 608 
Group09_40.txt
347 403 666 716 
Group09_41.txt
233 281 
Group09_42.txt
257 564 582 595 
Group09_43.txt
210 316 523 548 
Group09_44.txt
0 30 295 326 
Group09_45.txt
144 342 502 633 663 704 
Group09_46.txt
224 374 497 
Group09_47.txt
272 315 599 
Group09_48.txt
357 752 
Group09_49.txt
391 
Group10_03.txt
199 601 638 929 
Group10_04.txt
163 168 482 599 
Group10_05.txt
0 399 
Group10_06.txt
144 299 342 440 
Group10_07.txt
286 324 481 585 
Group10_08.txt
32 
Group10_09.txt
92 189 534 604 607 
Group10_10.txt
201 351 384 407 466 781 
Group10_11.txt
109 513 595 669 721 786 1074 
Group10_12.txt
65 122 373 
Group10_13.txt
0 4 75 438 
Group10_14.txt
146 295 481 533 541 
Group10_15.txt
132 312 
Group10_16.txt
112 275 289 
Group10_17.txt
18 45 306 387 498 877 
Group10_18.txt
141 247 
Group10_19.txt
117 300 341 500 
Group10_20.txt
305 385 
Group10_21.txt
152 
Group10_22.txt
141 581 753 
Group10_23.txt
628 
Group10_24.txt
961 
Group10_25.txt
13 338 570 677 909 1211 
Group10_27.txt
48 106 150 439 792 827 1013 
Group10_28.txt
647 964 
Group10_29.txt
234 356 537 762 
Group10_31.txt
275 493 538 613 634 
Group10_32.txt
645 
Group10_33.txt
1079 1091 1236 1285 1341 1559 1664 
Group10_34.txt
59 
Group10_35.txt
288 991 1374 1423 1506 1638 
Group10_36.txt
215 503 523 535 590 599 770 820 824 882 
Group10_37.txt
272 300 358 392 436 453 503 595 774 
Group10_38.txt
321 446 456 891 975 
Group10_39.txt
179 203 463 
Group10_40.txt
64 
Group10_41.txt
179 211 408 434 438 609 
Group10_42.txt
444 
Group10_43.txt
81 880 
Group10_44.txt
503 587 734 793 
Group10_45.txt
78 252 292 
Group10_46.txt
292 316 580 
Group10_47.txt
248 254 378 428 534 656 747 899 911 951 960 
Group10_48.txt
227 256 364 
Group10_49.txt
327 344 429 526 680 806 815 
Group10_50.txt
318 389 
Group11-01.txt
285 357 547 
Group11-02.txt
449 626 668 
Group11-04.txt
311 
Group11-05.txt
380 392 489 541 919 932 1333 1396 1563 1639 1647 1696 1864 1962 2050 2088 2146 2390 
Group11-06.txt
173 425 
Group11-07.txt
310 414 
Group11-10.txt
96 171 204 244 251 396 573 
Group11-11.txt
301 
Group11-12.txt
426 645 738 
Group11-13.txt
191 472 
Group11-14.txt
383 473 1140 1182 1200 
Group11-15.txt
291 300 309 358 379 722 980 1023 1047 1443 1488 1509 1587 2126 2139 2197 2214 2301 2372 
Group11-16.txt
545 547 601 834 855 1163 1484 1627 1656 1676 1797 1903 1908 2193 2236 2295 2452 2485 2540 2630 2643 2717 2861 2950 2962 3329 
Group11-17.txt
28 34 103 150 240 295 299 339 408 652 695 785 
Group11-18.txt
34 
Group11-19.txt
269 645 671 689 
Group11-20.txt
176 678 1015 1233 1234 
Group11-21.txt
206 303 611 
Group11-22.txt
15 373 
Group11-23.txt
823 828 
Group11-24.txt
290 353 432 563 748 795 1234 1245 1395 1499 1938 2220 2226 2335 2340 2582 
Group11-25.txt
201 232 287 601 
Group11-28.txt
640 790 
Group11-30.txt
378 
Group11-31.txt
317 406 601 
Group11-32.txt
324 454 
Group11-33.txt
668 795 926 
Group11-34.txt
186 270 405 
Group11-35.txt
178 455 460 
Group11-36.txt
129 
Group11-38.txt
607 
Group11-39.txt
336 655 
Group11-40.txt
104 308 415 426 
Group11-41.txt
30 
Group11-42.txt
291 312 437 
Group11-43.txt
94 
Group11-45.txt
398 
Group11-47.txt
734 768 791 
Group11-48.txt
66 119 321 381 476 810 
Group11-49.txt
191 455 
Group11-50.txt
552 996 
Group12_01.txt
553 598 701 746 1483 
Group12_02.txt
338 398 629 1159 1248 1277 1939 2034 2098 
Group12_03.txt
61 103 174 248 334 401 500 558 670 747 802 918 1035 1073 1197 1246 1397 
Group12_04.txt
138 194 342 367 418 479 500 621 903 1082 1095 1109 1114 1159 1205 1319 1338 1374 1387 1434 1732 1786 1861 1937 2016 2292 2314 2511 2531 2543 2548 2583 2659 2667 2674 2697 2751 2793 2802 2818 
Group12_05.txt
228 265 282 585 675 
Group12_06.txt
98 338 642 771 774 900 953 1230 1314 
Group12_07.txt
88 157 236 272 296 339 487 503 740 865 904 948 1018 1073 1093 1141 1154 1159 1169 1201 1239 
Group12_08.txt
194 272 440 
Group12_09.txt
107 137 176 442 473 483 511 536 781 835 855 859 
Group12_10.txt
205 266 723 
Group12_12.txt
896 
Group12_13.txt
194 755 868 1005 1874 1881 2038 
Group12_14.txt
450 452 455 493 855 1044 
Group12_17.txt
404 464 
Group12_19.txt
333 508 763 1173 
Group12_20.txt
551 
Group12_21.txt
543 684 
Group12_22.txt
259 387 547 652 
Group12_23.txt
290 486 592 
Group12_24.txt
350 381 879 
Group12_25.txt
5 282 
Group12_26.txt
79 407 572 595 796 889 980 1012 1046 1242 1319 1350 1382 1478 1489 1517 1639 
Group12_27.txt
190 222 345 474 540 
Group12_28.txt
543 634 
Group12_29.txt
1 210 
Group12_30.txt
337 597 
Group12_31.txt
264 513 
Group12_32.txt
167 505 
Group12_35.txt
57 619 641 673 731 
Group12_36.txt
31 93 187 253 307 321 485 
Group12_37.txt
181 223 
Group12_38.txt
532 
Group12_39.txt
54 195 294 341 385 465 513 576 686 714 732 764 818 830 
Group12_40.txt
116 122 154 332 344 451 622 655 
Group12_41.txt
194 341 787 
Group12_42.txt
227 804 1182 1266 1429 1483 1530 
Group12_43.txt
47 364 466 566 803 
Group12_44.txt
209 330 497 513 
Group12_48.txt
195 
Group12_49.txt
254 364 668 1286 1327 1722 1992 2154 2405 2598 
Group13_01.txt
500 
Group13_02.txt
34 54 144 348 463 544 885 899 940 1132 1405 1637 1833 1967 2189 
Group13_04.txt
411 479 508 520 546 551 605 660 702 704 1004 1037 1117 1121 1125 1131 1241 
Group13_05.txt
0 26 157 222 270 641 893 1109 1325 1423 1800 1920 1947 1988 
Group13_06.txt
332 398 557 644 658 730 840 995 1110 1298 1549 2249 2392 2489 2675 
Group13_07.txt
588 
Group13_08.txt
20 734 738 1011 
Group13_09.txt
774 984 1359 1487 1728 1874 
Group13_10.txt
53 91 
Group13_11.txt
307 366 500 
Group13_12.txt
650 
Group13_13.txt
206 
Group13_14.txt
0 227 577 
Group13_15.txt
139 651 
Group13_17.txt
244 262 316 439 523 
Group13_18.txt
646 923 
Group13_19.txt
230 242 
Group13_20.txt
99 136 339 711 765 
Group13_21.txt
89 251 878 1201 1429 
Group13_22.txt
124 461 843 2998 3335 3372 3415 3634 3657 3891 3996 4146 4271 4382 5691 6522 6925 7424 7572 7694 9434 9658 10683 11614 11937 12521 12688 12979 14172 14211 16236 
Group13_23.txt
277 423 536 569 707 839 874 1528 1621 1639 1691 1813 1846 2563 3094 3325 3504 3540 3825 
Group13_24.txt
469 624 662 849 1764 1941 2037 2554 2814 2974 3351 3381 4040 4111 4833 4900 5054 5215 5217 5235 
Group13_25.txt
78 714 1535 1958 1963 1994 2323 2375 2382 2574 
Group13_26.txt
91 119 225 276 495 920 1201 1962 2200 2475 2760 2809 2911 3278 3466 3912 3917 4682 7467 7474 8033 8272 8998 9087 9117 9277 9401 9925 10122 10137 10159 10294 10316 10339 
Group13_27.txt
1026 1064 2585 3004 3515 
Group13_28.txt
453 650 700 1346 2092 2277 2324 2560 2732 2754 2996 3009 3157 3254 
Group13_29.txt
493 572 1581 2742 3024 4013 4359 
Group13_30.txt
525 1022 1041 1936 2011 2105 3047 3292 4110 
Group13_31.txt
803 827 
Group13_32.txt
81 105 126 735 860 1084 1100 
Group13_33.txt
57 736 768 1087 1487 1633 
Group13_35.txt
188 423 467 473 567 593 635 755 837 1114 1137 1387 
Group13_36.txt
1039 1089 
Group13_37.txt
183 563 685 707 1435 
Group13_38.txt
261 282 802 809 857 909 939 1060 1067 1078 1480 1545 
Group13_39.txt
1509 1529 
Group13_40.txt
422 
Group13_41.txt
101 272 304 491 630 949 1077 1079 1081 1361 1387 1436 
Group13_42.txt
19 419 475 814 867 1082 1336 
Group13_43.txt
713 
Group13_44.txt
245 1172 1176 1704 1972 2313 2579 2620 3155 3160 3328 3332 3358 3456 3651 3922 
Group13_45.txt
441 470 585 672 
Group13_46.txt
741 1776 1933 2049 2290 
Group13_47.txt
225 232 362 398 933 997 1429 
Group13_48.txt
169 344 624 1637 2044 2054 2192 2240 2281 2543 
Group13_49.txt
0 11 87 121 241 364 441 542 601 661 755 871 1151 1202 1321 1435 1445 1669 1721 1763 1877 2052 2100 2184 2211 
Group13_50.txt
325 511 768 905 1338 
Group14_01.txt
63 474 
Group14_02.txt
92 109 137 193 347 506 
Group14_04.txt
62 268 
Group14_06.txt
3 26 124 
Group14_07.txt
90 
Group14_08.txt
35 182 202 350 
Group14_09.txt
131 
Group14_10.txt
355 
Group14_11.txt
89 192 
Group14_12.txt
97 137 185 388 
Group14_13.txt
78 271 340 
Group14_14.txt
148 250 
Group14_15.txt
130 157 512 
Group14_16.txt
211 323 376 
Group14_17.txt
11 197 430 495 
Group14_18.txt
28 345 435 528 
Group14_19.txt
381 590 723 814 
Group14_20.txt
97 421 611 
Group14_21.txt
266 283 515 587 641 
Group14_22.txt
227 321 459 593 
Group14_23.txt
228 279 
Group14_24.txt
11 
Group14_25.txt
193 196 205 386 
Group14_28.txt
352 387 578 888 
Group14_29.txt
139 157 358 376 384 470 
Group14_30.txt
48 
Group14_31.txt
373 444 
Group14_32.txt
239 349 385 476 584 775 
Group14_33.txt
107 170 221 617 667 744 922 992 1044 
Group14_34.txt
80 195 527 559 
Group14_35.txt
249 267 332 429 581 782 814 842 873 1069 1183 1514 
Group14_36.txt
51 194 407 452 
Group14_37.txt
183 322 354 729 
Group14_38.txt
84 851 892 
Group14_39.txt
248 913 
Group14_40.txt
134 501 
Group14_41.txt
163 334 473 548 703 757 882 913 991 
Group14_42.txt
14 93 113 574 755 839 874 
Group14_43.txt
285 603 
Group14_44.txt
192 597 
Group14_45.txt
105 224 258 321 
Group14_46.txt
271 308 330 642 
Group14_48.txt
192 321 
Group14_49.txt
355 417 528 724 
Group14_50.txt
607 636 
