Group01_01.txt
150 
Group01_03.txt
119 513 688 1190 
Group01_06.txt
62 109 127 183 341 745 807 823 955 
Group01_07.txt
291 
Group01_08.txt
176 284 322 465 490 989 1022 
Group01_09.txt
473 487 532 584 
Group01_10.txt
903 
Group01_11.txt
83 505 976 
Group01_13.txt
196 
Group01_15.txt
2 42 136 335 
Group01_17.txt
138 
Group01_20.txt
374 
Group01_22.txt
66 
Group01_23.txt
131 401 
Group01_25.txt
468 485 989 1068 
Group01_27.txt
232 
Group01_30.txt
191 727 
Group01_32.txt
226 677 887 
Group01_33.txt
615 
Group01_34.txt
714 
Group01_35.txt
540 941 
Group01_37.txt
317 
Group01_40.txt
191 
Group01_41.txt
92 219 
Group01_42.txt
253 433 604 
Group01_44.txt
191 
Group01_46.txt
310 
Group01_49.txt
370 
Group02_01.txt
596 
Group02_02.txt
1 182 
Group02_03.txt
626 
Group02_04.txt
257 566 777 
Group02_05.txt
23 
Group02_07.txt
122 
Group02_08.txt
363 567 
Group02_09.txt
92 
Group02_13.txt
618 
Group02_15.txt
45 120 
Group02_16.txt
0 53 60 119 125 143 186 373 378 383 395 408 468 504 525 563 578 654 674 715 758 780 803 857 861 894 
Group02_17.txt
581 622 
Group02_18.txt
391 574 664 1931 
Group02_19.txt
79 855 1447 1470 
Group02_20.txt
332 888 1936 2035 2125 2182 2299 2356 2667 2856 3370 3419 
Group02_21.txt
543 554 566 568 596 605 610 636 940 1036 2205 2253 
Group02_22.txt
395 433 462 541 575 616 690 977 3508 3536 3718 3728 
Group02_25.txt
1082 
Group02_26.txt
129 
Group02_27.txt
357 447 1451 
Group02_28.txt
1570 2052 
Group02_29.txt
154 279 741 1068 
Group02_30.txt
124 163 335 453 510 568 592 1197 1204 1220 1242 1255 1265 1315 1368 1506 1517 1632 3841 3966 3998 
Group02_31.txt
147 1205 
Group02_32.txt
84 86 245 979 1006 1085 1805 1823 1949 1985 2030 2075 2115 2128 2146 2248 2286 2395 2438 2516 2580 2593 2681 2711 
Group02_33.txt
41 79 114 152 164 176 189 244 270 310 429 431 511 560 597 727 751 804 817 830 1087 2257 2270 2425 2431 2466 2514 2541 2599 2610 3015 3039 3049 3091 3112 3154 3164 3211 3237 3253 3274 3339 
Group02_35.txt
678 
Group02_36.txt
219 826 
Group02_37.txt
48 1016 1025 1271 1315 1390 1453 
Group02_38.txt
1290 1354 2053 3221 
Group02_39.txt
604 1337 1370 1441 1718 
Group02_40.txt
1734 
Group02_41.txt
74 
Group02_43.txt
216 716 1146 1603 
Group02_44.txt
1126 1265 1499 
Group02_45.txt
914 930 1753 1766 1847 1855 1890 
Group02_46.txt
66 243 436 480 629 699 734 784 830 850 1067 1129 1173 1703 2230 2262 2293 
Group02_47.txt
821 946 972 
Group02_48.txt
1645 1830 2093 2234 
Group02_49.txt
1127 1144 1683 1809 1829 1832 1837 1846 1850 1872 2127 2237 2671 3063 3085 3183 3402 3484 3551 3647 3650 3666 3678 3692 3914 4090 4205 4220 
Group02_50.txt
35 39 58 749 794 1048 1290 1681 1699 1726 1755 1806 1892 
Group03_03.txt
907 
Group03_04.txt
995 1139 1473 1625 
Group03_05.txt
274 896 
Group03_06.txt
1333 2398 
Group03_07.txt
108 483 505 1950 
Group03_08.txt
256 
Group03_09.txt
148 
Group03_10.txt
714 750 
Group03_11.txt
177 435 830 
Group03_12.txt
88 738 886 1064 1335 1389 
Group03_13.txt
1357 
Group03_14.txt
150 434 
Group03_18.txt
31 967 
Group03_20.txt
119 166 196 215 
Group03_21.txt
195 284 960 1143 1485 
Group03_24.txt
395 1569 1624 1666 1884 1975 
Group03_25.txt
331 
Group03_26.txt
845 1148 1232 
Group03_27.txt
258 287 839 1341 1686 
Group03_28.txt
149 186 902 984 
Group03_29.txt
338 1066 1993 
Group03_30.txt
138 
Group03_31.txt
63 128 1059 
Group03_32.txt
710 
Group03_33.txt
631 1070 
Group03_34.txt
2342 2474 2667 
Group03_35.txt
60 354 660 933 1011 1046 1105 
Group03_36.txt
66 339 516 1397 
Group03_37.txt
391 431 1550 1718 1815 
Group03_38.txt
122 
Group03_39.txt
693 
Group03_40.txt
610 1049 
Group03_42.txt
322 1063 
Group03_43.txt
561 
Group03_44.txt
192 1395 1515 
Group03_47.txt
96 323 608 762 894 1060 1088 
Group03_48.txt
53 
Group04_01.txt
316 
Group04_06.txt
150 797 
Group04_07.txt
570 
Group04_09.txt
22 193 
Group04_10.txt
120 344 
Group04_12.txt
188 405 522 
Group04_13.txt
107 339 846 
Group04_15.txt
178 1096 1187 
Group04_16.txt
55 147 462 
Group04_18.txt
216 
Group04_21.txt
266 
Group04_23.txt
340 641 
Group04_25.txt
712 
Group04_26.txt
19 82 152 
Group04_27.txt
163 876 
Group04_29.txt
434 
Group04_31.txt
154 
Group04_33.txt
306 447 
Group04_37.txt
373 
Group04_39.txt
189 201 460 
Group04_40.txt
236 587 
Group04_41.txt
49 522 
Group04_42.txt
201 
Group04_44.txt
267 334 354 471 653 
Group04_47.txt
65 598 
Group05_02.txt
76 488 498 802 1003 1274 
Group05_06.txt
191 
Group05_07.txt
178 
Group05_09.txt
129 
Group05_10.txt
147 200 497 
Group05_11.txt
307 
Group05_13.txt
514 673 
Group05_14.txt
359 
Group05_15.txt
309 
Group05_16.txt
519 
Group05_17.txt
204 
Group05_18.txt
84 462 
Group05_20.txt
345 
Group05_22.txt
333 397 
Group05_23.txt
30 561 606 689 
Group05_24.txt
223 
Group05_27.txt
547 
Group05_29.txt
102 
Group05_30.txt
80 278 
Group05_32.txt
284 
Group05_35.txt
56 351 401 
Group05_36.txt
98 
Group05_40.txt
288 
Group05_41.txt
176 
Group05_44.txt
137 551 
Group05_45.txt
552 
Group05_46.txt
330 
Group05_48.txt
120 
Group05_50.txt
92 342 
Group06_02.txt
619 790 
Group06_04.txt
104 458 502 
Group06_05.txt
125 187 
Group06_06.txt
62 
Group06_07.txt
244 413 
Group06_08.txt
324 450 
Group06_10.txt
153 
Group06_13.txt
141 535 
Group06_16.txt
543 576 
Group06_17.txt
328 
Group06_19.txt
221 
Group06_20.txt
55 105 135 
Group06_21.txt
101 352 
Group06_22.txt
86 238 
Group06_24.txt
73 
Group06_25.txt
672 
Group06_26.txt
179 257 482 511 570 
Group06_28.txt
64 670 
Group06_29.txt
563 
Group06_31.txt
328 
Group06_32.txt
16 60 547 
Group06_33.txt
54 135 
Group06_34.txt
283 
Group06_38.txt
8 54 179 
Group06_39.txt
189 
Group06_40.txt
294 
Group06_46.txt
257 
Group06_47.txt
228 
Group06_50.txt
107 245 
Group07_01.txt
239 
Group07_02.txt
126 780 
Group07_03.txt
387 696 807 883 1068 1203 1261 1317 1429 1716 1885 1946 2034 2053 2108 2114 
Group07_05.txt
178 436 
Group07_07.txt
281 758 
Group07_08.txt
172 548 
Group07_09.txt
253 585 
Group07_10.txt
515 548 
Group07_11.txt
372 
Group07_12.txt
395 
Group07_13.txt
599 
Group07_14.txt
421 426 
Group07_17.txt
155 
Group07_18.txt
751 802 877 
Group07_19.txt
80 220 242 339 550 580 702 953 
Group07_20.txt
539 
Group07_21.txt
167 321 552 774 928 
Group07_22.txt
599 814 850 
Group07_23.txt
448 470 493 
Group07_24.txt
799 
Group07_25.txt
115 438 
Group07_26.txt
653 676 
Group07_28.txt
85 
Group07_29.txt
75 536 
Group07_30.txt
393 
Group07_31.txt
89 364 409 700 1155 1339 
Group07_32.txt
335 365 478 512 
Group07_33.txt
419 684 702 
Group07_34.txt
309 
Group07_35.txt
173 414 457 
Group07_36.txt
627 679 919 1073 1117 
Group07_37.txt
1280 1287 
Group07_38.txt
170 392 430 615 784 942 1093 1098 1110 
Group07_39.txt
56 322 434 452 493 545 570 643 
Group07_40.txt
728 
Group07_41.txt
606 
Group07_42.txt
421 438 
Group07_43.txt
94 153 347 
Group07_44.txt
279 292 
Group07_46.txt
210 676 
Group07_47.txt
286 308 
Group07_48.txt
48 217 
Group07_49.txt
268 1151 1654 1672 2513 2577 
Group07_50.txt
361 
Group08_02.txt
303 
Group08_04.txt
452 720 764 
Group08_05.txt
383 
Group08_06.txt
957 
Group08_07.txt
285 
Group08_08.txt
294 
Group08_11.txt
721 
Group08_12.txt
651 
Group08_13.txt
817 
Group08_15.txt
779 795 
Group08_16.txt
33 59 383 
Group08_17.txt
1144 
Group08_20.txt
165 735 1316 
Group08_22.txt
450 
Group08_23.txt
452 721 765 
Group08_24.txt
222 365 986 1002 
Group08_25.txt
873 1279 
Group08_29.txt
118 176 
Group08_30.txt
1050 1067 1191 
Group08_43.txt
489 
Group08_44.txt
75 
Group08_48.txt
348 
Group08_49.txt
155 
Group09_02.txt
378 
Group09_03.txt
30 74 107 534 
Group09_04.txt
156 
Group09_05.txt
825 852 
Group09_07.txt
97 840 
Group09_08.txt
93 564 
Group09_09.txt
744 
Group09_13.txt
199 307 
Group09_14.txt
2 
Group09_15.txt
462 
Group09_16.txt
33 239 
Group09_17.txt
169 
Group09_19.txt
13 60 275 
Group09_20.txt
545 
Group09_21.txt
471 629 
Group09_23.txt
302 516 
Group09_24.txt
576 
Group09_25.txt
464 
Group09_26.txt
547 668 
Group09_28.txt
302 459 
Group09_29.txt
450 
Group09_30.txt
68 
Group09_31.txt
378 
Group09_32.txt
210 
Group09_33.txt
165 
Group09_34.txt
281 283 509 
Group09_35.txt
339 346 436 462 
Group09_36.txt
378 
Group09_38.txt
43 
Group09_42.txt
331 
Group09_45.txt
294 307 364 
Group09_46.txt
502 571 
Group09_47.txt
52 128 
Group09_48.txt
68 690 
Group10_01.txt
263 
Group10_03.txt
693 
Group10_04.txt
308 374 584 
Group10_05.txt
362 
Group10_09.txt
157 237 
Group10_11.txt
487 1120 1121 
Group10_13.txt
525 532 
Group10_14.txt
343 
Group10_15.txt
179 
Group10_16.txt
216 
Group10_18.txt
756 
Group10_19.txt
537 
Group10_21.txt
372 
Group10_22.txt
31 589 
Group10_24.txt
800 914 942 
Group10_27.txt
121 
Group10_28.txt
211 334 361 440 
Group10_29.txt
408 763 1019 
Group10_31.txt
583 620 
Group10_32.txt
597 
Group10_33.txt
351 493 615 1448 1616 
Group10_35.txt
1047 
Group10_36.txt
175 522 652 
Group10_37.txt
22 
Group10_38.txt
251 351 452 
Group10_39.txt
412 424 
Group10_41.txt
173 
Group10_42.txt
477 
Group10_43.txt
714 1078 
Group10_47.txt
617 795 842 
Group10_48.txt
228 260 369 
Group10_49.txt
328 346 531 
Group11-04.txt
475 
Group11-07.txt
277 
Group11-10.txt
494 
Group11-13.txt
237 
Group11-14.txt
24 1014 1141 
Group11-15.txt
144 203 570 1267 2215 2422 
Group11-16.txt
185 596 1049 1566 1609 1786 1985 2136 2758 2773 2862 3074 3308 
Group11-19.txt
672 690 
Group11-20.txt
894 
Group11-21.txt
58 
Group11-22.txt
939 
Group11-23.txt
202 526 744 
Group11-24.txt
993 1286 2283 2377 2496 
Group11-25.txt
109 291 429 
Group11-26.txt
124 
Group11-28.txt
957 
Group11-29.txt
202 744 
Group11-30.txt
310 620 
Group11-32.txt
793 
Group11-33.txt
250 
Group11-36.txt
321 
Group11-37.txt
96 660 
Group11-39.txt
263 290 292 563 
Group11-40.txt
79 348 
Group11-43.txt
151 
Group11-44.txt
185 
Group11-45.txt
211 757 876 
Group11-47.txt
499 
Group11-48.txt
738 816 
Group11-50.txt
291 
Group12_01.txt
563 591 711 739 1490 
Group12_02.txt
1538 1981 
Group12_03.txt
236 
Group12_04.txt
45 386 752 922 1064 1096 1111 1314 2578 
Group12_06.txt
26 1264 1317 
Group12_07.txt
374 886 
Group12_08.txt
275 
Group12_11.txt
256 354 369 
Group12_12.txt
256 354 369 
Group12_13.txt
836 1131 
Group12_14.txt
650 670 
Group12_15.txt
483 517 
Group12_16.txt
498 526 
Group12_17.txt
24 
Group12_19.txt
186 359 723 871 880 1202 
Group12_21.txt
544 
Group12_22.txt
637 
Group12_26.txt
91 423 805 819 893 984 1166 1346 1417 1557 
Group12_27.txt
485 
Group12_28.txt
11 36 
Group12_29.txt
506 
Group12_32.txt
252 
Group12_33.txt
26 214 223 
Group12_36.txt
311 
Group12_38.txt
486 
Group12_40.txt
120 
Group12_41.txt
288 476 792 858 
Group12_42.txt
747 916 
Group12_43.txt
589 
Group12_44.txt
334 
Group12_45.txt
74 321 
Group12_46.txt
468 626 
Group12_48.txt
254 
Group12_49.txt
374 1676 1712 1868 2046 2072 2074 2560 2683 
Group13_01.txt
138 
Group13_02.txt
277 513 610 627 746 1406 1787 1950 2220 2314 
Group13_04.txt
503 1135 1144 
Group13_05.txt
2144 2171 
Group13_06.txt
204 789 1647 
Group13_07.txt
312 
Group13_08.txt
583 
Group13_09.txt
137 504 510 906 
Group13_10.txt
54 143 327 501 657 869 
Group13_12.txt
139 
Group13_14.txt
93 413 462 656 
Group13_15.txt
646 
Group13_19.txt
118 
Group13_20.txt
766 
Group13_21.txt
317 1560 
Group13_22.txt
857 2475 3352 3514 3521 3692 4281 5673 5913 6221 6920 7426 7463 7764 8662 9990 13232 14217 16497 
Group13_23.txt
485 792 2434 2704 2989 
Group13_24.txt
2555 3562 4834 5449 
Group13_25.txt
933 1488 
Group13_26.txt
1868 2667 2800 3442 3474 3804 4153 6793 7675 7767 8561 8719 10037 
Group13_27.txt
26 107 708 757 823 1114 1326 1389 1635 2246 2494 2602 3016 3266 3467 
Group13_28.txt
2867 
Group13_29.txt
2878 3451 3551 5176 5264 
Group13_30.txt
1147 1233 1260 1348 1454 1737 2012 2365 3622 4006 4022 4098 
Group13_31.txt
763 
Group13_32.txt
69 115 
Group13_33.txt
557 670 1278 
Group13_35.txt
129 1096 1129 
Group13_36.txt
53 274 301 582 1153 
Group13_37.txt
548 1216 
Group13_38.txt
99 846 
Group13_39.txt
976 
Group13_41.txt
228 266 554 
Group13_42.txt
916 
Group13_44.txt
1724 1980 
Group13_45.txt
180 773 
Group13_46.txt
42 333 
Group13_47.txt
406 483 
Group13_48.txt
1462 
Group13_49.txt
207 211 1022 
Group14_02.txt
117 
Group14_03.txt
212 216 
Group14_06.txt
330 
Group14_08.txt
127 
Group14_09.txt
141 294 
Group14_12.txt
444 
Group14_14.txt
427 
Group14_16.txt
263 294 
Group14_18.txt
74 
Group14_19.txt
775 
Group14_20.txt
614 
Group14_23.txt
444 
Group14_25.txt
88 
Group14_26.txt
901 
Group14_28.txt
781 
Group14_30.txt
720 
Group14_31.txt
408 
Group14_33.txt
330 920 
Group14_34.txt
387 
Group14_35.txt
100 978 1148 1253 
Group14_36.txt
71 
Group14_38.txt
35 948 
Group14_39.txt
33 964 
Group14_40.txt
15 140 854 
Group14_42.txt
168 466 918 926 932 
Group14_43.txt
286 455 
Group14_44.txt
10 322 801 
Group14_45.txt
106 
Group14_46.txt
32 187 555 688 
Group14_47.txt
193 291 382 
Group14_48.txt
416 
Group14_49.txt
1 600 
Group14_50.txt
571 
