Group01_01.txt
10 47 70 78 82 90 104 139 161 187 208 253 283 298 301 360 375 399 421 434 520 
Group01_02.txt
51 61 95 117 168 290 
Group01_03.txt
55 60 77 97 105 115 120 329 343 383 392 394 654 661 675 689 714 752 795 806 951 1003 1148 1201 1211 
Group01_04.txt
23 31 64 80 87 225 239 
Group01_05.txt
51 53 166 289 352 366 
Group01_06.txt
34 59 65 67 76 78 91 100 106 151 189 332 334 347 356 408 446 456 463 519 589 636 639 658 675 679 685 738 760 764 771 786 808 1018 1029 1055 1071 1079 1096 1105 1114 1124 1162 1171 
Group01_07.txt
6 26 38 44 54 74 181 224 259 292 314 330 334 377 400 443 449 481 495 500 516 550 567 627 
Group01_08.txt
50 60 76 87 121 129 137 177 278 281 304 318 347 651 675 729 751 834 842 850 864 904 911 963 971 984 996 1042 1062 1072 1130 1139 
Group01_09.txt
53 70 89 110 116 388 452 468 538 593 633 659 676 685 694 704 742 751 
Group01_10.txt
20 25 41 79 159 166 189 229 239 325 413 428 523 528 562 601 658 663 681 695 759 784 832 861 939 
Group01_11.txt
17 48 88 112 173 184 201 206 222 225 232 235 269 271 286 303 317 331 338 370 420 430 440 489 499 542 571 578 587 651 664 732 737 744 795 804 817 917 949 977 
Group01_12.txt
29 69 96 150 162 164 201 255 262 276 305 313 351 364 380 495 511 517 526 570 599 615 620 633 645 656 662 678 680 713 719 
Group01_13.txt
44 111 118 164 
Group01_14.txt
6 56 89 159 210 213 253 263 302 306 342 487 491 527 
Group01_15.txt
78 102 169 199 240 256 324 351 376 410 
Group01_16.txt
53 75 116 146 168 268 293 307 323 328 426 
Group01_17.txt
3 10 38 49 82 104 129 169 175 191 208 234 311 314 358 
Group01_18.txt
67 77 98 124 126 165 185 222 233 246 256 280 301 320 
Group01_19.txt
2 12 61 93 113 116 132 141 166 173 246 259 265 347 359 370 443 506 581 590 622 633 665 687 689 697 708 740 751 765 
Group01_20.txt
10 85 115 121 131 139 160 173 203 254 279 284 307 319 323 329 364 371 382 389 415 431 479 502 544 581 598 600 617 640 670 695 
Group01_21.txt
8 11 18 42 45 66 116 141 176 266 307 362 423 451 474 490 506 520 
Group01_22.txt
5 23 31 83 108 171 182 197 201 208 211 264 295 431 
Group01_23.txt
65 238 262 282 305 344 370 441 507 582 591 609 620 637 
Group01_24.txt
23 31 64 80 87 225 239 
Group01_25.txt
55 107 110 159 266 304 349 400 464 480 501 548 593 596 610 618 670 697 704 840 861 863 885 1069 1131 1157 
Group01_26.txt
5 67 76 92 109 112 123 138 185 247 261 269 278 288 357 369 392 433 473 561 581 612 623 652 703 708 712 762 
Group01_27.txt
67 87 123 136 146 196 218 258 269 315 375 394 
Group01_28.txt
4 12 26 51 78 85 94 103 117 134 164 203 240 250 287 372 383 395 398 471 486 505 530 
Group01_29.txt
4 9 48 86 118 134 287 307 330 345 390 396 465 513 555 731 790 824 
Group01_30.txt
66 83 169 184 276 295 364 413 489 531 545 549 583 723 757 
Group01_31.txt
2 39 73 77 83 94 123 174 185 198 230 278 292 298 339 371 378 455 464 482 485 
Group01_32.txt
20 35 43 132 149 156 176 184 194 324 330 356 429 532 556 570 615 664 670 688 767 799 821 888 920 947 961 982 1023 1043 1081 1099 1110 1119 1129 1145 1155 1182 
Group01_33.txt
90 141 157 166 202 285 386 483 489 532 542 560 601 636 681 708 713 746 799 
Group01_34.txt
10 27 50 82 114 163 176 188 215 231 349 375 389 406 421 426 464 477 488 549 563 575 590 634 646 677 
Group01_35.txt
37 99 194 221 228 236 256 271 319 453 594 691 716 745 777 795 820 825 838 870 886 909 929 942 1053 1140 1187 1232 1243 1294 
Group01_36.txt
3 10 21 30 33 36 83 183 191 210 231 234 240 250 372 374 440 473 486 524 607 
Group01_37.txt
57 168 240 321 338 387 395 420 425 458 482 485 
Group01_38.txt
8 11 18 42 45 66 115 140 175 264 305 360 421 449 471 487 503 517 
Group01_39.txt
4 15 38 91 102 152 175 200 232 308 336 467 480 494 501 523 540 579 
Group01_40.txt
31 36 43 72 107 151 220 234 290 296 316 320 327 344 361 398 403 428 483 525 528 534 538 554 626 646 666 706 732 740 753 756 787 789 846 869 
Group01_41.txt
85 157 179 284 390 397 404 475 500 510 526 
Group01_42.txt
53 100 127 143 173 223 241 323 393 409 438 442 458 462 489 512 519 573 584 605 
Group01_43.txt
73 95 105 108 133 237 241 331 377 386 504 574 
Group01_44.txt
21 36 40 73 120 162 180 202 215 273 303 342 365 389 
Group01_45.txt
83 97 103 194 206 455 464 530 
Group01_46.txt
235 273 294 334 448 479 515 537 
Group01_47.txt
80 110 171 238 256 341 380 402 413 
Group01_48.txt
52 70 120 185 233 246 297 315 325 374 376 401 408 418 436 464 483 
Group01_49.txt
8 49 239 273 308 324 335 345 359 402 406 442 511 589 
Group01_50.txt
34 39 46 97 122 153 239 259 267 273 298 452 485 520 531 564 
Group02_01.txt
33 65 126 136 167 184 190 209 218 242 359 391 431 445 497 583 590 602 620 
Group02_02.txt
2 13 62 104 107 118 186 196 247 296 300 314 333 373 418 471 513 527 560 602 612 623 633 644 659 725 750 758 840 906 918 924 968 
Group02_03.txt
39 45 66 72 95 152 188 213 235 302 437 459 462 501 521 525 551 574 593 606 664 668 691 753 796 850 853 863 895 931 942 953 1006 1028 
Group02_04.txt
70 83 163 239 319 331 398 409 451 466 483 490 511 535 547 585 675 702 712 793 
Group02_05.txt
1 5 21 27 43 55 114 120 136 142 154 164 247 269 279 303 363 374 389 421 448 471 479 521 554 558 562 600 609 637 657 707 713 723 
Group02_06.txt
6 43 121 142 184 254 359 379 406 425 459 518 542 633 651 726 746 770 778 798 
Group02_07.txt
3 98 185 189 236 264 273 304 321 324 338 353 361 378 391 417 432 448 457 462 504 514 520 525 530 607 620 633 682 698 701 732 736 757 
Group02_08.txt
9 17 102 104 162 220 240 306 328 364 381 492 500 544 
Group02_09.txt
37 45 64 88 105 109 113 130 138 175 181 207 210 223 243 267 274 281 283 285 342 407 426 429 456 518 547 622 666 680 725 801 819 
Group02_10.txt
54 67 119 153 160 187 215 299 367 448 474 483 489 498 559 574 589 599 642 650 716 795 802 896 911 918 1014 1079 1137 1155 
Group02_11.txt
110 114 124 134 142 152 164 171 206 222 242 253 288 317 322 350 384 395 406 445 468 472 477 501 514 527 548 578 592 622 649 660 674 702 705 722 761 764 838 855 858 905 915 933 
Group02_12.txt
15 89 150 167 196 215 239 343 367 384 406 449 457 473 488 502 517 557 567 598 600 678 685 700 751 800 809 836 839 847 878 945 947 956 969 972 986 1015 1028 1052 1058 1074 
Group02_13.txt
30 98 126 137 154 159 173 228 275 341 388 428 458 482 602 605 620 695 697 702 773 793 797 828 841 888 901 
Group02_14.txt
51 79 84 116 157 164 233 236 275 285 291 301 317 333 342 347 411 413 420 426 440 497 505 557 569 621 626 639 675 717 723 740 750 824 826 848 850 875 889 928 
Group02_15.txt
26 46 90 112 130 136 219 234 251 269 313 334 348 363 488 538 
Group02_16.txt
34 181 189 206 237 247 327 364 398 543 574 632 671 737 818 840 847 885 924 
Group02_17.txt
52 56 88 108 142 178 206 284 379 400 424 459 497 567 590 629 674 688 710 717 
Group02_18.txt
23 33 39 191 209 222 242 266 272 285 320 342 353 399 469 496 513 550 621 628 669 678 690 712 758 764 808 826 834 858 891 902 992 1004 1069 1084 1104 1127 1168 1228 1237 1247 1312 1325 1347 1367 1378 1383 1439 1443 1560 1656 1696 1741 1748 1807 1824 1843 1915 1921 1980 2009 2012 2019 2037 2050 2094 2129 2142 2154 2165 2203 2249 2275 2278 2291 2327 2386 2408 2429 2457 2478 2485 2494 2512 2526 2540 2552 2561 2603 2662 2666 2693 2706 2738 2757 2762 2791 2808 2861 2879 2890 2972 2977 2986 2998 3003 3061 3065 3086 3110 
Group02_19.txt
1 13 30 48 101 228 249 262 286 297 328 367 376 448 510 530 551 554 610 618 647 675 685 713 739 820 825 852 900 924 977 1048 1063 1155 1204 1279 1352 1413 1441 1480 1492 1515 1528 1569 1581 1589 1599 1612 1615 1617 1766 1791 1822 
Group02_20.txt
1 25 51 61 65 68 93 155 187 210 222 378 442 446 466 544 556 576 594 629 635 687 716 731 839 893 898 907 919 927 1006 1063 1075 1085 1142 1147 1154 1159 1236 1276 1302 1337 1351 1404 1435 1441 1461 1527 1581 1586 1595 1647 1651 1682 1863 1880 2027 2052 2055 2127 2155 2167 2173 2184 2227 2234 2239 2261 2273 2334 2357 2361 2374 2413 2462 2520 2532 2537 2565 2610 2623 2628 2709 2740 2748 2807 2818 2869 2890 2904 2909 3107 3124 3129 3177 3225 3237 3264 3303 3350 3363 3398 3412 3463 3467 3482 3520 3524 3539 3559 3583 3598 3621 3665 3694 3702 3761 3769 3784 3789 3909 3938 4052 4093 4162 
Group02_21.txt
3 37 129 138 142 159 208 335 349 356 362 424 441 492 503 513 529 539 559 614 668 710 722 761 774 795 804 837 854 948 1010 1012 1030 1064 1089 1106 1137 1172 1195 1209 1243 1248 1256 1267 1271 1275 1306 1320 1335 1352 1429 1486 1497 1499 1504 1638 1791 1804 1814 1817 1830 1862 1890 1909 1911 1933 1949 1964 1973 1999 2018 2053 2064 2068 2076 2093 2122 2155 2172 2250 2309 2348 2357 2405 2410 2425 2429 2458 2541 2559 2567 2580 2623 2635 2648 2691 2695 2702 2734 2803 2810 2843 2876 2882 2884 2889 
Group02_22.txt
3 17 68 80 106 120 127 166 177 203 236 250 266 270 284 333 362 423 428 447 451 467 480 484 498 559 576 597 603 610 641 686 700 706 745 819 841 850 864 872 875 885 892 900 911 926 929 939 974 998 1001 1015 1026 1054 1063 1081 1102 1106 1111 1115 1128 1154 1169 1173 1222 1240 1279 1297 1307 1340 1367 1458 1481 1516 1550 1554 1620 1631 1649 1661 1668 1675 1681 1700 1712 1740 1749 1763 1794 1806 1812 1874 1880 1883 1930 1977 2006 2013 2027 2070 2088 2106 2192 2213 2232 2247 2277 2292 2306 2322 2386 2399 2424 2454 2463 2518 2533 2537 2583 2626 2656 2683 2696 2703 2711 2733 2743 2767 2777 2780 2783 2817 2843 2851 2869 2882 2895 2902 2912 2943 2981 3006 3011 3031 3059 3065 3079 3093 3101 3112 3149 3157 3179 3230 3239 3267 3277 3288 3294 3297 3299 3340 3349 3368 3374 3378 3394 3405 3417 3419 3473 3499 3529 3556 3637 3737 3762 
Group02_23.txt
61 99 122 138 199 225 242 254 297 302 349 356 362 392 413 446 469 615 645 657 670 781 800 864 873 885 909 926 940 946 1031 1133 1152 1245 1298 1373 1407 1452 1458 1473 1510 1527 1569 1575 1627 1630 1634 
Group02_24.txt
8 19 56 63 144 155 276 435 483 567 629 642 699 726 734 755 762 768 857 865 914 922 957 977 988 997 1004 1085 1096 1120 1160 1181 1188 1198 1234 1263 1292 1295 1312 1414 1480 1487 1501 
Group02_25.txt
14 17 25 28 34 43 160 196 232 245 257 298 355 377 380 391 499 509 535 547 556 569 605 661 674 690 710 715 718 768 777 783 796 884 926 933 981 997 1014 1064 1088 1094 1122 1151 1303 
Group02_26.txt
16 28 50 95 123 144 178 185 201 222 243 256 267 288 318 358 373 413 469 541 590 626 642 686 694 736 748 764 784 838 861 
Group02_27.txt
1 82 86 131 145 181 240 297 304 401 413 448 482 495 500 506 588 595 600 620 627 633 638 673 733 780 818 870 879 905 915 956 966 992 998 1025 1043 1054 1080 1090 1101 1191 1235 1244 1252 1299 1310 1390 1473 1485 1528 1537 1544 1551 1575 1615 1652 1659 1683 1690 1766 1772 1779 1791 1798 1805 1811 1822 1844 
Group02_28.txt
1 26 36 136 215 235 239 248 278 290 309 318 328 334 339 356 446 497 529 549 556 565 567 596 615 629 656 669 685 699 704 728 761 786 833 859 904 934 968 986 1060 1169 1188 1198 1250 1259 1324 1353 1427 1450 1482 1530 1579 1598 1664 1679 1702 1762 1829 1872 1887 1892 1905 1912 1946 1965 2012 2031 2101 
Group02_29.txt
1 32 40 88 90 98 142 189 377 427 464 492 527 547 602 610 662 676 687 736 750 766 819 822 854 892 927 971 992 1013 1082 1094 1106 1122 1153 1177 1196 1215 1225 1274 1287 1310 
Group02_30.txt
17 57 142 160 171 179 209 272 329 363 419 450 475 553 565 575 610 638 720 736 808 822 828 835 850 917 935 972 1003 1008 1132 1184 1293 1435 1447 1457 1563 1633 1640 1725 1754 1814 1818 1832 1927 1932 2000 2020 2026 2092 2127 2133 2148 2172 2211 2229 2264 2267 2281 2305 2335 2347 2352 2386 2425 2431 2465 2496 2525 2528 2539 2580 2606 2700 2738 2798 2842 2905 2983 3042 3053 3062 3090 3110 3170 3173 3188 3228 3249 3300 3307 3347 3386 3402 3416 3432 3444 3483 3537 3555 3572 3599 3628 3694 3704 3743 3763 3776 3787 3816 3892 3951 3954 4005 4022 4044 4068 4081 4119 4144 4157 4161 4278 4283 4325 4393 4441 4460 
Group02_31.txt
5 27 41 47 65 88 216 227 241 277 322 341 437 466 501 526 555 574 608 637 647 693 727 736 739 834 844 864 876 881 888 921 973 980 1035 1050 1073 1107 1110 1119 1137 1161 1193 1216 1229 1238 1300 1312 1391 1438 1442 1472 1531 1573 1578 1609 1680 1702 1731 1741 1758 1820 1831 1839 1850 1955 2045 2067 2071 2085 2100 2127 2143 2165 2198 2248 2251 2301 2303 2310 2313 2334 2338 2391 2406 2414 2429 2431 2435 2459 2463 2481 2492 2505 2512 2528 2704 2714 2748 2789 2806 2833 2861 2908 2938 2965 2970 2975 2988 2992 
Group02_32.txt
9 12 28 43 72 76 85 151 223 228 263 267 279 400 410 506 511 569 606 617 624 654 661 743 776 787 819 942 946 958 1014 1027 1066 1116 1142 1292 1370 1437 1449 1600 1618 1649 1719 1757 1802 1916 1925 2083 2144 2181 2310 2324 2331 2343 2391 2513 2519 2529 2544 2562 2573 2626 2676 2705 2708 
Group02_33.txt
7 72 267 300 314 324 329 341 347 378 396 430 440 457 524 564 569 578 626 650 657 664 682 691 719 730 794 805 819 848 898 923 930 955 980 1005 1052 1064 1103 1134 1163 1171 1211 1277 1318 1351 1358 1400 1474 1505 1549 1551 1562 1633 1678 1693 1736 1746 1752 1759 1772 1787 1821 1850 1917 1925 1945 1984 2012 2100 2114 2136 2258 2264 2533 2562 2570 2665 2725 2778 2819 2834 2879 2921 3008 3034 3047 3050 3084 3110 3132 3137 3176 3218 3257 3325 3346 3408 3415 3478 
Group02_34.txt
34 489 769 990 1007 1016 1027 1070 1089 1092 1118 1172 1221 1227 1234 1254 1327 1353 1363 1412 1431 
Group02_35.txt
23 58 115 119 126 137 147 201 224 295 306 336 350 482 602 606 638 643 666 709 713 968 
Group02_36.txt
88 103 118 168 173 187 193 267 270 369 376 380 403 517 535 546 585 606 648 680 793 954 1233 1349 1397 1471 1524 1649 1687 1730 1762 1845 
Group02_37.txt
49 63 132 179 194 206 237 243 429 468 480 491 498 549 555 558 568 590 606 611 632 640 653 666 694 724 727 784 791 835 895 901 927 946 976 1052 1061 1090 1129 1179 1224 1229 1244 1282 1316 1320 1334 1349 1387 1400 1403 1496 1526 
Group02_38.txt
34 50 56 60 75 90 125 139 177 189 213 243 308 343 362 400 455 469 492 546 614 628 650 664 689 696 729 742 793 807 911 920 997 1066 1137 1153 1158 1192 1234 1280 1284 1585 1587 1612 1825 1897 1905 1996 2001 2019 2063 2078 2092 2105 2107 2123 2133 2169 2218 2312 2320 2340 2360 2362 2398 2424 2525 2544 2556 2559 2626 2642 2736 2791 2814 2837 2902 2918 2940 2974 3068 3092 3146 3159 3206 3299 3330 3339 3355 3363 3371 3384 3415 3454 3467 3512 3525 3543 3556 3572 3578 
Group02_39.txt
11 36 41 53 57 61 109 122 257 276 323 354 358 394 436 461 502 510 532 563 596 614 623 666 672 697 748 794 864 927 997 1033 1053 1071 1082 1091 1130 1188 1199 1211 1231 1245 1253 1263 1267 1287 1299 1304 1308 1384 1412 1470 1480 1539 1554 1589 1641 1739 
Group02_40.txt
15 28 58 129 204 306 310 360 408 433 440 491 526 539 550 621 671 703 717 773 819 886 978 1018 1024 1070 1096 1122 1129 1176 1213 1233 1263 1340 1356 1404 1432 1452 1496 1503 1550 1565 1576 1580 1583 1631 1657 1664 1679 1704 1724 1799 1810 1817 1850 1878 1898 1912 1958 1978 2022 2027 2048 2082 2110 2136 2156 2173 2242 2253 2310 2331 
Group02_41.txt
49 85 220 278 320 329 374 463 479 490 559 660 710 758 801 845 881 890 914 962 1008 1042 1080 1178 1219 1227 1235 1302 1351 1410 1459 1477 1515 1607 1612 1631 1658 
Group02_42.txt
34 198 295 314 364 440 447 463 478 501 658 723 777 783 
Group02_43.txt
2 29 42 49 59 94 103 113 163 192 220 222 243 259 284 345 444 470 561 571 614 631 672 735 769 828 848 853 916 926 938 945 947 953 962 1006 1021 1055 1081 1095 1106 1113 1133 1190 1208 1226 1236 1244 1269 1296 1315 1319 1329 1337 1349 1369 1386 1398 1407 1447 1463 1482 1512 1536 1543 1570 1598 1622 
Group02_44.txt
2 16 74 86 102 116 124 132 139 148 153 163 196 218 225 230 288 308 316 365 387 401 436 441 444 473 479 495 502 513 537 558 592 614 676 687 748 817 822 874 896 902 928 944 951 1084 1130 1147 1158 1163 1212 1222 1243 1260 1308 1332 1342 1344 1355 1411 1422 1489 1516 1553 1585 1684 
Group02_45.txt
2 35 44 59 62 68 100 138 246 380 487 501 520 548 566 616 624 641 649 692 715 726 731 777 796 806 844 858 1000 1041 1164 1268 1372 1386 1428 1499 1602 1660 1705 1736 1804 1897 1906 
Group02_46.txt
80 211 256 267 292 297 333 341 378 385 414 521 597 608 625 676 726 768 831 950 986 1115 1135 1169 1174 1205 1306 1381 1405 1459 1535 1713 1719 1816 1838 1850 1891 1905 2025 2037 2046 2182 2250 2284 2336 2349 2458 2484 2539 
Group02_47.txt
79 106 115 124 288 300 322 350 352 368 371 387 442 478 514 541 571 590 592 613 632 647 720 745 849 896 900 914 919 926 935 960 1009 1017 1036 1045 1066 1140 1160 1163 1343 1345 1357 1360 1390 1403 1422 1433 
Group02_48.txt
1 82 124 305 326 333 353 361 371 485 498 518 536 572 597 612 625 650 669 882 934 942 958 966 983 997 1019 1060 1159 1213 1277 1354 1434 1442 1500 1528 1611 1624 1681 1701 1712 1862 1875 1891 1953 1988 1990 2008 2053 2060 2069 2073 2104 2125 2140 2162 2176 2186 2392 2403 2406 2473 2508 2514 2529 2540 2555 2575 2587 2646 2650 2666 2706 2895 2899 2905 2954 
Group02_49.txt
40 72 90 253 263 327 334 338 385 409 428 469 573 609 658 695 713 775 804 814 820 861 880 927 974 1058 1112 1130 1152 1163 1176 1211 1235 1262 1272 1289 1316 1338 1387 1438 1491 1709 1806 1810 1905 1923 1972 1996 2005 2036 2045 2144 2233 2248 2293 2351 2506 2558 2568 2593 2603 2664 2678 2696 2772 2856 2987 3030 3102 3120 3131 3168 3185 3220 3233 3271 3363 3414 3436 3453 3460 3547 3555 3605 3617 3638 3656 3871 3932 3962 3982 4034 4109 4147 4154 4238 4253 4257 4269 4276 4291 4302 4350 
Group02_50.txt
40 56 262 599 713 727 842 854 861 883 893 924 934 978 993 1003 1034 1059 1152 1176 1233 1299 1337 1472 1483 1531 1533 1554 1564 1573 1604 1778 1822 1847 1876 1971 1977 1990 2046 
Group03_01.txt
80 222 228 251 309 337 406 415 
Group03_02.txt
18 53 82 103 142 150 161 182 286 321 349 371 386 391 404 439 489 495 504 540 620 633 642 699 701 713 756 768 797 
Group03_03.txt
22 44 50 144 203 284 565 642 694 741 751 791 799 814 862 900 924 938 987 1009 1015 1058 1088 1096 1137 1141 1148 1178 1260 1277 1284 1289 1292 1308 
Group03_04.txt
17 40 151 172 324 425 427 539 554 603 610 650 711 719 730 816 836 907 982 998 1003 1080 1132 1159 1233 1246 1278 1288 1325 1387 1423 1433 1512 1600 1626 1658 1743 1805 1812 2011 2102 2142 2149 2189 2199 2259 
Group03_05.txt
74 99 102 137 225 237 257 266 374 483 508 517 560 578 583 703 753 842 962 1017 
Group03_06.txt
24 28 130 145 163 198 300 307 318 341 388 412 485 529 591 707 799 834 858 870 939 967 982 1081 1106 1240 1244 1255 1259 1382 1465 1474 1539 1546 1552 1704 1736 1745 1876 1947 2052 2058 2074 2108 2135 2178 2187 2268 2282 2316 2347 2368 2392 2419 2437 2478 2490 2552 2578 2612 2684 2748 
Group03_07.txt
8 80 94 127 178 203 225 297 299 346 388 417 429 474 492 522 524 533 535 571 683 740 839 844 922 935 958 972 985 1044 1091 1120 1212 1216 1225 1252 1269 1276 1308 1412 1453 1471 1486 1564 1581 1597 1609 1659 1736 1738 1757 1796 1808 1836 1847 1882 1892 1894 1915 1971 2034 2036 2071 2080 2098 2264 2283 2287 2322 2377 2380 2391 2411 2435 2446 2450 2454 2494 2512 2514 2527 2535 2564 2567 2590 2646 2650 2686 2712 
Group03_08.txt
47 66 336 352 379 390 473 537 541 558 565 580 603 641 659 756 803 817 825 865 
Group03_09.txt
40 72 86 89 153 157 168 218 225 257 389 473 495 526 534 564 588 611 696 710 837 865 910 954 968 1033 1071 
Group03_10.txt
136 149 212 346 379 396 443 468 516 648 653 701 775 853 865 872 899 954 
Group03_11.txt
6 34 58 215 239 244 273 340 517 546 655 671 732 786 930 966 972 983 
Group03_12.txt
61 71 164 202 242 324 344 363 406 434 462 515 575 586 733 749 915 993 1014 1094 1167 1190 1291 1318 
Group03_13.txt
51 156 242 246 269 293 295 373 394 396 445 447 464 582 592 633 681 733 769 830 854 951 1034 1073 1086 1094 1100 1102 1109 1115 1122 1128 1144 1160 1186 1216 1223 1260 1287 1327 1344 1366 1384 1398 1412 1424 1456 1490 1492 1499 1505 
Group03_14.txt
16 49 219 283 293 302 364 442 517 565 576 675 692 814 896 899 1003 1109 1146 
Group03_15.txt
133 191 401 414 422 446 456 478 545 557 561 572 579 604 659 757 
Group03_16.txt
20 64 71 73 184 186 219 300 442 462 474 486 494 519 574 616 630 639 645 715 717 795 827 853 906 
Group03_17.txt
154 214 232 275 296 340 391 452 461 472 536 639 696 733 
Group03_18.txt
56 145 168 217 341 353 417 437 511 578 602 742 758 855 924 1001 1015 1067 1074 1091 1133 1154 
Group03_19.txt
22 120 206 265 357 405 445 637 644 655 668 838 879 902 907 
Group03_20.txt
15 21 96 105 133 138 180 188 191 208 232 261 312 336 345 401 470 487 495 505 606 613 705 731 739 753 766 872 889 891 957 961 971 998 
Group03_21.txt
55 172 174 231 272 303 312 395 435 452 602 643 678 726 732 747 831 888 926 965 969 971 992 1057 1070 1194 1290 1315 1325 1406 1430 1432 1496 1517 1533 1540 1585 1619 1628 1653 1664 1690 1711 1714 1720 1771 1793 1811 1869 1886 1965 1995 2029 2033 2048 
Group03_22.txt
84 143 183 244 261 348 377 443 493 505 572 625 658 678 751 763 774 811 822 845 852 984 990 1097 1106 
Group03_23.txt
164 171 228 276 312 334 438 517 544 549 621 668 707 710 718 762 
Group03_24.txt
86 95 110 143 248 251 256 258 265 272 279 286 309 383 539 548 570 578 583 590 655 682 685 687 708 723 745 750 766 815 849 865 890 950 994 1042 1061 1103 1136 1151 1220 1230 1312 1325 1327 1351 1368 1394 1436 1448 1462 1525 1546 1555 1559 1565 1586 1597 1621 1646 1689 1692 1709 1741 1760 1797 1804 1825 1844 1860 1862 
Group03_25.txt
39 111 152 245 287 332 378 385 391 393 434 475 562 582 701 709 756 763 767 770 800 
Group03_26.txt
15 64 74 87 99 139 149 192 273 329 358 360 362 378 385 387 401 482 494 539 554 561 601 642 685 763 787 816 1001 1116 1119 1132 1269 1275 1326 1341 1349 1352 1355 1416 1464 1617 1636 
Group03_27.txt
24 103 141 160 191 220 237 245 281 307 322 384 388 394 421 443 483 488 530 592 595 622 671 683 703 747 885 894 910 966 982 992 1103 1146 1152 1176 1202 1233 1237 1251 1322 1395 1409 1428 1431 1506 1562 1599 1805 1810 1824 1832 1838 1844 1855 1868 1877 1913 
Group03_28.txt
55 116 238 258 274 302 347 385 452 482 615 669 773 809 863 892 899 913 
Group03_29.txt
4 13 17 23 100 107 110 191 195 206 214 239 242 262 269 302 367 523 673 683 835 942 955 974 996 1006 1036 1072 1117 1119 1133 1175 1182 1234 1313 1360 1380 1389 1396 1408 1456 1496 1532 1547 1575 1580 1587 1610 1633 1636 1658 1709 1717 1821 1829 1844 1849 1903 1994 2176 
Group03_30.txt
53 176 211 230 326 376 402 422 481 493 528 593 596 621 635 640 678 769 794 804 830 877 994 1011 1025 1031 1075 1127 1162 1177 1244 1328 1338 1370 1379 1385 1416 1477 1501 1562 1577 1583 1588 1595 1604 
Group03_31.txt
5 11 48 96 106 126 185 187 194 201 245 265 334 348 359 417 500 515 523 527 533 576 583 593 644 649 688 696 703 744 797 810 837 859 874 920 926 978 999 1016 1054 1086 1124 1141 1149 1152 1164 1177 1213 1225 1243 1251 1270 1317 1338 1427 1431 1450 1462 1471 1523 1545 1554 1588 1598 1605 1615 1617 1680 1760 1774 1806 1826 1877 1911 1935 1955 1968 2047 2053 2070 2112 2118 2132 2178 2213 2218 2221 2361 2370 2399 2417 2434 2483 2560 2563 2574 2587 2602 2606 2613 2643 2689 2749 2771 2833 2842 2876 2890 2899 2916 
Group03_32.txt
54 84 177 420 464 502 537 565 683 743 765 781 794 832 852 946 1003 1007 1027 1050 1069 1111 1156 1189 1195 1219 1241 1367 1477 
Group03_33.txt
51 58 90 110 141 267 402 406 430 488 490 511 521 555 592 641 660 681 696 742 749 831 865 877 894 911 1002 1004 1015 1023 1026 1033 1055 1066 1135 1149 1187 1265 1281 1386 1406 
Group03_34.txt
5 28 36 50 60 72 182 274 277 283 309 332 335 339 347 352 362 414 433 445 525 588 633 676 699 723 726 751 792 824 828 838 869 877 948 962 1004 1050 1106 1113 1131 1200 1257 1286 1355 1371 1398 1410 1475 1499 1558 1599 1659 1664 1706 1787 1958 1973 1979 2048 2065 2080 2087 2125 2196 2206 2239 2298 2317 2332 2368 2373 2457 2481 2493 2496 2519 2543 2549 2557 2562 2636 2743 2766 2899 
Group03_35.txt
3 20 149 161 197 239 313 333 345 394 427 485 573 581 585 679 796 811 821 844 882 893 897 904 971 987 1021 1062 1071 1141 1167 1205 1222 1240 1245 1273 
Group03_36.txt
99 114 132 213 239 250 395 405 530 558 611 658 699 709 728 763 793 817 834 839 876 885 942 977 1024 1075 1118 1220 1286 1312 1316 1392 1467 1482 1524 1598 1611 1651 1700 
Group03_37.txt
13 41 137 215 236 263 271 342 373 395 591 603 671 683 689 757 887 910 937 1013 1076 1089 1119 1188 1215 1283 1328 1343 1382 1395 1400 1446 1472 1510 1530 1553 1587 1629 1634 1681 1686 1713 1827 1839 1863 1872 1898 1906 1910 1931 1964 2019 2033 2044 2111 2129 2255 2259 2300 2310 2313 2356 2386 2392 
Group03_38.txt
21 119 127 136 138 143 157 167 172 199 215 231 248 275 322 346 374 382 423 439 460 463 521 557 604 621 631 633 635 643 652 721 771 848 863 910 920 932 936 960 1060 1066 
Group03_39.txt
37 67 160 403 447 485 520 548 666 726 748 764 777 815 835 
Group03_40.txt
30 37 69 89 120 246 381 385 409 467 469 490 500 534 571 620 639 660 675 721 728 810 844 856 873 890 981 983 994 1002 1005 1012 1034 1045 1114 1128 1166 
Group03_41.txt
46 51 72 84 100 118 125 135 202 224 226 257 290 292 
Group03_42.txt
4 81 88 91 172 176 187 195 220 223 243 253 286 351 507 663 673 825 935 948 967 989 999 1033 1069 1114 1116 1130 1193 1200 1252 1331 1378 1398 1407 1414 1426 1474 1514 1553 1568 1596 1601 1608 1631 1659 1662 1684 1735 
Group03_43.txt
4 10 33 58 223 245 251 258 263 339 374 397 420 450 501 510 580 605 639 691 696 
Group03_44.txt
16 64 68 85 119 132 143 150 207 250 292 336 340 444 523 537 566 679 716 724 745 753 845 857 900 903 967 986 1103 1148 1156 1197 1240 1252 1382 1409 1450 1481 
Group03_45.txt
29 63 67 91 93 130 179 299 338 340 363 373 448 472 489 496 516 
Group03_46.txt
18 58 102 118 168 172 192 367 424 442 462 497 531 541 544 590 
Group03_47.txt
97 113 141 190 351 408 437 476 601 633 661 672 712 747 814 818 853 898 
Group03_48.txt
6 81 127 133 320 358 364 432 499 501 516 535 594 623 747 854 881 886 911 936 
Group03_49.txt
17 53 63 72 80 120 154 178 229 243 258 309 376 405 415 434 447 470 517 550 556 567 589 596 637 727 765 774 875 898 905 929 
Group03_50.txt
16 40 43 110 120 180 241 309 358 420 533 571 629 723 812 832 952 963 1015 1031 1071 1128 1173 1212 1230 1277 1311 1338 1369 1382 1428 1432 1465 1468 1497 1502 1511 1548 1550 1581 1588 
Group04_01.txt
15 40 108 144 221 226 269 291 307 311 317 401 419 468 535 541 546 577 609 636 644 657 715 806 
Group04_02.txt
60 70 79 110 175 197 230 265 294 420 536 566 620 629 632 652 683 
Group04_03.txt
232 243 258 303 311 347 374 376 378 406 416 470 515 583 
Group04_04.txt
55 71 123 264 288 392 403 416 501 537 
Group04_05.txt
4 31 36 74 80 110 206 243 258 326 337 387 409 420 447 452 482 503 521 526 538 543 622 
Group04_06.txt
79 141 175 179 185 208 260 361 436 503 542 548 626 661 668 671 696 769 816 888 904 
Group04_07.txt
51 127 265 268 303 351 376 391 413 418 445 495 505 550 604 656 671 818 869 877 972 1177 
Group04_08.txt
7 40 46 62 111 113 131 139 315 384 513 519 587 602 617 620 643 663 
Group04_09.txt
3 9 45 68 72 98 106 194 210 271 300 369 373 394 412 442 445 486 497 529 547 567 582 634 
Group04_10.txt
133 138 153 216 237 243 275 283 354 367 373 379 420 440 463 502 574 578 587 695 701 756 767 803 882 1085 1163 
Group04_11.txt
19 83 136 161 188 229 235 241 284 319 325 357 367 413 464 488 507 531 563 582 589 
Group04_12.txt
32 90 231 262 351 369 390 409 417 441 448 552 564 632 642 
Group04_13.txt
90 145 149 255 356 406 430 460 495 499 532 555 583 624 631 643 659 676 693 721 1025 1053 1119 1144 
Group04_14.txt
5 21 42 110 230 273 344 358 424 430 466 469 486 498 534 556 588 607 613 656 
Group04_15.txt
38 73 236 307 424 567 699 741 796 911 961 983 1015 1042 1067 1112 1132 
Group04_16.txt
7 22 26 28 47 76 84 117 135 152 155 179 255 259 271 284 370 390 479 509 511 534 549 
Group04_17.txt
26 45 53 90 108 133 234 259 304 325 345 389 404 417 469 473 487 490 518 529 609 631 645 649 708 741 743 754 778 810 848 882 902 915 1000 1011 1023 1074 1105 1119 1138 1157 1162 
Group04_18.txt
31 38 165 192 228 311 332 361 364 417 446 495 515 543 552 
Group04_19.txt
11 47 54 60 85 101 133 163 173 187 227 273 281 328 442 445 455 471 483 
Group04_20.txt
0 36 41 67 86 124 150 153 338 415 438 464 498 518 
Group04_21.txt
32 77 83 179 218 235 270 298 340 455 472 483 540 579 772 791 806 813 920 967 974 
Group04_22.txt
36 42 48 116 130 168 180 183 194 251 259 263 268 286 331 394 396 452 566 594 
Group04_23.txt
18 138 146 152 170 212 310 336 355 412 515 580 620 647 654 683 
Group04_24.txt
22 31 59 68 94 172 177 187 192 197 477 520 569 578 580 612 631 676 690 722 
Group04_25.txt
59 66 190 221 245 253 325 347 501 508 534 659 
Group04_26.txt
120 365 377 388 513 551 586 619 658 666 672 804 859 
Group04_27.txt
1 17 81 96 230 278 320 412 437 455 462 492 499 506 524 596 636 697 746 
Group04_28.txt
24 35 82 256 261 276 288 302 346 383 408 442 447 464 497 504 523 571 580 592 
Group04_29.txt
1 13 33 41 82 153 181 206 212 241 249 312 320 340 345 374 382 393 440 551 574 
Group04_30.txt
204 309 334 346 354 485 584 599 635 653 686 706 713 729 741 895 902 936 972 1035 
Group04_31.txt
74 80 85 113 161 165 192 238 247 328 365 370 436 530 564 
Group04_32.txt
2 74 97 124 156 165 178 204 217 224 250 298 397 429 502 505 521 630 651 661 841 
Group04_33.txt
12 55 138 154 206 208 255 387 399 406 429 459 534 551 599 620 690 
Group04_34.txt
27 50 58 86 137 150 180 195 203 258 513 545 547 610 620 675 692 754 774 874 912 915 953 962 
Group04_35.txt
20 55 147 178 370 381 397 415 452 457 502 
Group04_36.txt
12 60 118 239 314 368 404 443 465 515 611 630 745 751 754 761 773 793 811 
Group04_37.txt
30 66 186 266 269 279 317 377 386 509 
Group04_38.txt
22 103 108 177 184 289 300 318 322 365 382 398 413 418 464 471 475 481 493 521 580 
Group04_39.txt
12 72 80 93 96 117 172 229 239 267 285 308 325 344 409 551 555 558 561 569 597 604 638 686 728 736 781 800 872 889 896 952 967 974 986 
Group04_40.txt
63 75 109 163 168 187 221 237 253 275 316 352 371 414 426 432 457 463 487 498 555 561 580 596 
Group04_41.txt
20 154 172 187 230 258 306 374 440 534 638 679 694 719 806 829 867 869 940 976 1012 1078 1151 1168 
Group04_42.txt
46 61 86 90 109 140 180 199 232 346 369 384 408 420 427 452 460 472 481 507 535 554 569 591 
Group04_43.txt
8 54 140 146 159 177 184 268 288 318 324 337 340 414 437 452 479 512 620 651 659 677 702 711 762 784 
Group04_44.txt
173 193 202 302 331 467 497 516 562 576 619 684 
Group04_45.txt
17 85 218 359 384 389 398 416 
Group04_46.txt
18 40 94 134 161 191 213 247 324 351 414 441 504 537 568 602 615 619 631 653 681 708 761 775 861 877 948 959 1008 1073 1092 1134 1139 1160 1178 1188 
Group04_47.txt
38 60 81 105 153 160 172 207 307 456 471 481 505 536 570 615 623 654 
Group04_48.txt
75 130 184 191 247 252 283 293 357 372 377 407 469 514 521 530 540 
Group04_49.txt
54 66 117 129 140 172 180 199 206 254 285 300 384 416 495 497 538 569 
Group04_50.txt
37 88 96 145 277 350 398 408 531 590 615 683 
Group05_01.txt
8 40 107 112 133 137 145 
Group05_02.txt
1 26 95 101 186 202 237 287 290 314 318 391 401 411 473 478 499 505 510 551 555 586 655 667 695 697 740 754 774 803 832 845 866 897 935 955 957 998 1018 1021 1034 1091 1112 1152 1166 1176 1196 1252 1275 
Group05_03.txt
48 75 142 161 175 290 343 355 
Group05_04.txt
4 26 86 94 180 274 293 325 398 446 456 470 476 489 507 513 592 645 667 676 698 756 762 764 777 817 861 880 901 905 911 921 962 1022 1080 
Group05_05.txt
2 26 38 70 75 198 237 245 274 287 361 370 381 409 421 458 
Group05_06.txt
36 52 63 81 88 145 198 201 222 276 286 297 336 344 347 362 414 423 429 474 485 545 578 588 594 680 706 716 719 732 738 755 796 810 898 921 942 998 1030 1069 1107 1109 
Group05_07.txt
36 58 94 131 240 249 384 395 441 455 473 481 
Group05_08.txt
10 43 100 125 132 187 228 235 295 321 358 
Group05_09.txt
3 17 27 58 136 149 162 175 217 245 259 263 314 354 367 422 453 460 490 510 522 535 540 587 610 620 629 678 687 710 717 728 764 802 823 827 855 863 872 950 
Group05_10.txt
5 27 169 273 304 339 382 397 411 419 427 484 552 557 622 647 661 
Group05_11.txt
32 77 103 126 168 282 292 332 340 369 397 433 446 469 494 545 
Group05_12.txt
115 129 
Group05_13.txt
53 59 71 81 108 173 199 211 249 255 281 319 345 369 386 402 428 442 454 515 539 553 582 594 598 717 729 736 744 760 778 818 874 887 901 962 982 1022 1024 1070 1130 1135 1139 1176 
Group05_14.txt
36 48 57 62 74 76 93 102 133 140 207 268 278 293 351 377 395 465 506 628 657 680 731 742 773 778 818 860 863 873 963 972 990 1003 
Group05_15.txt
46 57 74 97 135 164 185 198 220 231 257 285 351 362 430 462 480 485 524 547 554 556 616 627 630 634 
Group05_16.txt
7 19 37 102 132 160 173 178 229 243 258 280 283 298 311 360 363 437 440 442 463 467 548 576 634 664 780 918 929 931 960 970 992 
Group05_17.txt
35 64 77 80 92 101 107 138 147 155 159 164 178 282 368 370 389 427 432 435 437 494 528 568 579 605 634 728 853 861 904 918 928 994 1018 1073 1098 1113 
Group05_18.txt
14 32 53 122 160 170 218 270 285 296 325 370 399 406 439 475 501 526 541 553 570 674 693 713 745 880 898 904 916 1026 1038 
Group05_19.txt
35 56 73 82 90 94 136 216 224 251 255 280 289 319 503 534 546 551 560 571 643 647 657 801 
Group05_20.txt
26 34 87 159 177 188 229 233 247 271 337 372 401 416 456 506 565 576 586 593 639 667 708 724 729 766 781 809 833 884 901 903 954 960 1014 1049 
Group05_21.txt
10 41 200 215 239 279 328 446 517 528 565 577 620 623 636 689 786 796 826 867 872 
Group05_22.txt
59 75 113 213 258 271 290 330 413 431 513 528 536 578 
Group05_23.txt
82 102 174 209 221 230 247 310 338 357 403 421 433 481 555 582 607 628 650 666 725 766 782 784 818 844 851 860 862 882 920 935 948 1043 1082 1135 1217 1274 1284 1370 1436 
Group05_24.txt
7 41 104 165 179 183 235 315 324 352 413 454 466 479 487 504 514 607 
Group05_25.txt
7 75 108 189 279 301 304 313 407 433 444 453 463 521 655 723 760 774 874 880 997 1020 1059 1095 1112 1157 1159 
Group05_26.txt
33 49 100 130 155 179 186 225 246 311 327 366 387 448 461 481 502 521 552 587 611 743 756 759 797 833 841 847 869 877 901 
Group05_27.txt
73 136 154 210 223 256 293 378 395 403 409 424 433 440 453 464 486 501 526 572 715 730 750 842 857 860 881 898 900 943 993 1005 1012 1026 1028 1054 1155 1203 1239 1248 1272 1334 1410 1435 1464 
Group05_28.txt
1 35 73 91 96 143 198 235 251 259 273 289 294 318 392 446 459 472 507 580 583 
Group05_29.txt
54 77 98 115 142 164 174 222 263 287 306 347 395 406 427 434 447 471 
Group05_30.txt
1 37 106 121 156 227 317 326 401 405 414 419 542 556 638 646 707 841 848 889 912 
Group05_31.txt
63 206 294 325 
Group05_32.txt
4 24 28 47 67 89 111 146 171 185 194 237 326 339 357 381 412 438 446 464 485 545 577 706 765 781 825 
Group05_33.txt
8 20 113 141 
Group05_34.txt
1 5 18 50 57 64 98 141 192 195 213 268 288 
Group05_35.txt
36 59 67 97 103 142 185 234 309 333 340 356 362 428 508 512 
Group05_36.txt
129 171 
Group05_37.txt
71 82 
Group05_38.txt
45 49 68 74 110 174 191 199 206 240 256 310 314 340 356 363 391 398 
Group05_39.txt
15 30 64 68 73 132 215 219 226 269 282 
Group05_40.txt
32 36 76 99 109 225 296 340 375 496 
Group05_41.txt
58 62 73 83 143 177 185 241 255 257 295 309 314 321 353 361 379 447 
Group05_42.txt
65 69 83 100 108 114 123 145 157 164 202 268 277 
Group05_43.txt
127 155 167 183 186 319 326 404 424 448 458 474 491 514 517 524 567 607 
Group05_44.txt
15 18 54 61 66 130 145 192 208 314 321 397 439 463 502 537 542 546 548 630 658 768 784 788 881 967 982 1022 1109 
Group05_45.txt
20 39 45 55 188 253 293 321 370 372 409 461 492 507 535 544 555 582 620 623 633 671 761 763 778 797 809 848 915 931 941 980 1003 1167 1190 1223 1230 1298 
Group05_46.txt
137 218 274 394 398 410 433 440 450 571 620 639 
Group05_47.txt
85 121 
Group05_48.txt
4 80 140 180 232 410 515 
Group05_49.txt
39 76 124 134 193 223 228 238 240 262 265 269 301 307 331 346 363 372 408 418 433 545 629 653 769 792 865 941 950 
Group05_50.txt
27 34 47 58 75 111 190 218 231 253 264 290 318 384 395 470 502 520 525 564 587 594 596 656 667 670 674 
Group06_01.txt
150 156 176 190 204 208 210 265 350 368 438 
Group06_02.txt
20 54 75 117 198 207 404 460 510 521 568 583 658 668 744 760 782 791 794 
Group06_03.txt
5 244 254 269 280 288 317 382 453 525 673 692 736 
Group06_04.txt
94 97 130 274 384 422 466 541 545 595 685 695 715 734 762 
Group06_05.txt
23 36 74 130 138 304 447 463 550 675 
Group06_06.txt
25 45 58 75 94 111 125 202 233 281 294 302 306 322 356 379 395 459 474 528 552 603 622 635 682 742 762 782 784 824 
Group06_07.txt
8 29 61 67 72 94 101 111 160 323 327 377 381 388 423 456 503 507 524 533 577 580 614 
Group06_08.txt
17 25 58 148 178 187 211 268 360 393 438 464 498 509 
Group06_09.txt
88 197 211 254 272 288 358 432 617 625 
Group06_10.txt
39 212 303 321 328 331 359 389 398 406 444 557 574 578 588 599 610 650 663 669 679 721 726 755 772 
Group06_11.txt
273 358 372 406 530 674 697 706 715 798 802 813 828 838 
Group06_12.txt
45 87 124 138 244 271 281 386 409 467 507 518 
Group06_13.txt
10 22 55 67 102 118 129 144 176 213 222 271 278 285 295 348 419 450 462 483 492 513 531 569 607 637 683 
Group06_14.txt
37 65 71 116 157 228 280 312 328 339 352 366 410 425 433 458 520 529 563 574 577 594 597 610 632 665 674 
Group06_15.txt
15 58 109 187 212 231 244 258 268 385 497 511 520 559 595 598 611 618 624 745 823 862 866 
Group06_16.txt
47 108 112 128 145 149 167 206 228 352 360 394 409 431 437 457 491 552 592 646 756 772 788 847 872 944 953 996 1010 1058 1080 1130 
Group06_17.txt
145 157 219 242 276 323 401 430 433 481 522 527 542 548 643 652 718 777 907 921 936 953 980 983 1017 1027 1029 1066 1078 
Group06_18.txt
207 218 429 459 483 539 598 700 760 771 789 
Group06_19.txt
28 108 123 138 145 158 178 212 248 371 374 390 449 474 482 520 533 567 619 634 650 721 728 746 
Group06_20.txt
86 143 173 180 260 268 273 325 339 346 403 405 423 516 543 663 680 690 724 
Group06_21.txt
41 48 79 96 110 135 163 177 210 295 326 360 373 410 418 456 470 488 571 627 640 677 707 797 
Group06_22.txt
31 53 132 384 402 410 469 481 499 573 609 
Group06_23.txt
2 8 64 182 189 221 269 287 300 336 345 355 419 466 497 536 598 630 687 692 715 725 749 799 814 870 896 
Group06_24.txt
28 65 67 116 165 168 192 254 329 396 398 428 461 487 507 543 547 
Group06_25.txt
232 278 310 315 408 449 511 561 579 612 663 
Group06_26.txt
7 60 63 66 93 157 159 239 264 280 318 347 383 417 436 515 536 675 
Group06_27.txt
83 93 110 117 134 213 216 229 248 258 267 287 291 325 338 349 403 437 485 501 533 
Group06_28.txt
14 26 52 67 71 114 126 179 201 229 238 261 286 396 423 437 484 506 513 528 626 634 645 667 725 758 
Group06_29.txt
15 106 287 297 335 345 443 593 600 602 624 654 685 
Group06_30.txt
4 98 113 129 184 245 255 290 295 330 367 403 465 503 558 
Group06_31.txt
145 157 219 242 276 323 401 430 433 481 522 527 542 548 643 652 718 777 907 921 936 953 980 983 1017 1027 1029 1066 1078 
Group06_32.txt
94 113 156 174 199 223 251 264 289 369 375 413 580 600 615 706 725 
Group06_33.txt
1 83 117 141 164 199 207 251 280 287 301 308 315 353 360 367 372 484 491 518 531 534 539 542 588 655 661 719 737 743 790 817 840 856 
Group06_34.txt
39 160 210 220 254 286 295 306 424 433 458 505 514 526 
Group06_35.txt
49 69 295 439 479 485 493 
Group06_36.txt
51 89 128 167 175 218 257 322 442 449 483 537 583 621 666 686 
Group06_37.txt
13 63 70 88 110 133 165 167 171 181 191 214 279 328 392 395 423 438 463 478 
Group06_38.txt
9 80 109 191 412 420 488 491 560 611 677 688 697 772 
Group06_39.txt
317 356 384 435 460 
Group06_40.txt
10 32 51 59 68 85 167 209 237 268 285 288 299 346 361 386 407 415 430 457 496 
Group06_41.txt
3 20 56 74 106 159 182 252 272 279 305 312 334 472 503 547 
Group06_42.txt
3 22 64 78 116 181 213 252 290 372 378 395 447 520 
Group06_43.txt
16 50 86 102 106 133 157 163 244 269 314 336 401 445 548 583 638 671 689 
Group06_44.txt
37 108 136 157 217 221 232 241 265 303 336 392 412 433 465 475 518 522 543 587 705 736 818 844 869 873 883 
Group06_45.txt
4 22 58 79 111 131 133 169 235 257 279 283 295 363 367 384 393 400 447 450 529 541 561 595 
Group06_46.txt
21 62 77 105 119 140 231 264 308 381 393 416 450 475 485 487 543 560 645 660 675 695 737 
Group06_47.txt
14 67 122 148 163 171 245 265 275 289 296 348 359 379 444 488 535 595 603 607 627 645 650 
Group06_48.txt
26 38 133 138 160 182 198 208 234 239 268 410 440 472 474 479 506 525 550 586 
Group06_49.txt
20 35 47 53 65 78 103 115 154 161 174 180 194 210 240 263 311 377 394 406 410 438 447 
Group06_50.txt
7 30 44 50 81 153 193 216 223 254 304 385 395 408 424 492 497 501 510 520 530 568 577 
Group07_01.txt
29 31 48 54 62 90 101 223 251 428 444 450 455 538 619 674 755 806 833 
Group07_02.txt
42 50 72 90 103 127 228 246 375 404 432 527 716 776 783 821 
Group07_03.txt
18 47 82 117 211 226 235 278 298 404 450 463 528 541 561 586 643 652 701 721 767 932 1048 1079 1088 1094 1165 1194 1228 1299 1323 1374 1470 1484 1492 1520 1527 1544 1553 1664 1708 1764 1838 1921 1930 1949 1957 1987 2047 2061 2065 2088 2092 2098 2116 2149 2220 2238 2241 2352 2446 2506 2519 2536 2542 2562 2578 2613 2618 2642 2651 2663 2682 2708 2717 2738 2777 2812 2815 
Group07_04.txt
14 34 97 106 128 221 256 285 298 403 415 426 434 439 461 513 542 589 784 797 816 832 839 842 855 877 889 912 959 981 1008 1057 1096 1164 1214 1250 1265 
Group07_05.txt
44 60 79 140 247 257 279 293 301 312 322 378 381 511 519 530 538 591 619 671 761 822 850 859 895 
Group07_06.txt
50 139 142 233 262 280 283 362 392 394 405 468 500 544 557 570 594 608 619 700 724 736 769 771 798 
Group07_07.txt
90 175 203 238 291 293 320 326 342 373 413 417 437 454 516 551 564 647 686 690 840 863 873 908 914 925 984 1005 1030 1080 1088 1133 1176 1206 1232 1287 1301 1318 1333 1351 1375 1404 
Group07_08.txt
9 65 104 129 184 250 260 297 322 355 360 510 549 584 620 
Group07_09.txt
3 45 86 153 162 176 215 311 326 328 362 366 393 395 455 501 525 539 543 649 659 692 699 
Group07_10.txt
47 63 72 117 178 218 262 289 348 380 410 460 473 477 487 501 519 531 562 606 610 612 617 635 644 
Group07_11.txt
12 55 152 226 265 297 311 315 358 499 596 608 
Group07_12.txt
12 176 228 237 383 414 436 481 506 606 626 688 729 733 761 805 936 956 997 999 1135 
Group07_13.txt
4 43 86 158 176 201 221 354 364 386 429 468 500 606 623 648 675 
Group07_14.txt
84 90 176 197 201 231 295 352 396 409 412 463 493 515 522 
Group07_15.txt
5 48 66 106 145 155 162 164 274 329 362 376 399 407 409 436 462 469 490 497 508 514 533 542 559 601 
Group07_16.txt
70 82 116 179 188 216 243 257 310 321 422 520 551 580 584 590 607 642 688 745 804 
Group07_17.txt
6 31 35 65 71 95 106 166 232 318 321 396 408 471 505 528 553 561 570 576 587 
Group07_18.txt
44 167 189 203 205 252 271 345 349 352 396 501 589 611 637 716 761 770 787 797 810 856 930 948 967 978 996 1110 1159 1199 1270 1285 1312 1355 1408 
Group07_19.txt
27 121 144 179 231 234 343 423 447 498 536 538 554 556 665 692 768 770 831 871 945 962 
Group07_20.txt
33 100 108 118 131 145 257 265 283 306 351 388 475 491 
Group07_21.txt
17 72 79 157 243 266 272 344 373 376 410 418 485 558 712 747 821 868 890 936 
Group07_22.txt
29 67 152 156 341 422 471 475 481 496 499 525 563 565 574 579 581 594 686 705 711 746 
Group07_23.txt
84 87 213 260 307 392 406 436 442 467 529 
Group07_24.txt
148 172 206 245 260 356 382 522 524 557 561 626 635 653 686 724 756 993 1034 1053 1067 1088 1099 1147 1154 1216 1255 1298 1300 1398 1533 1556 1560 1651 1706 1711 1794 2000 2026 2081 
Group07_25.txt
1 112 163 237 240 261 282 288 316 440 487 494 500 556 
Group07_26.txt
86 113 139 151 243 289 319 321 331 354 457 467 534 540 546 556 646 699 709 724 
Group07_27.txt
47 90 101 115 451 
Group07_28.txt
9 39 99 124 150 181 291 307 358 389 404 431 468 500 549 551 
Group07_29.txt
121 161 192 242 308 355 366 391 409 419 430 473 502 527 540 
Group07_30.txt
33 75 165 261 271 311 337 346 374 381 406 538 644 657 700 703 777 823 866 884 903 941 951 955 974 
Group07_31.txt
70 83 135 169 176 222 347 386 542 556 615 633 649 652 663 737 742 753 809 825 851 885 951 978 1010 1024 1044 1093 1104 1161 1264 1267 1277 1344 1375 1381 1397 1410 1416 1438 1451 1465 1468 1527 1549 1555 1564 1566 1630 1677 1690 1756 1762 1773 1776 1813 1821 1840 1871 1915 1930 1958 
Group07_32.txt
74 133 173 226 267 276 297 356 361 434 442 
Group07_33.txt
67 79 198 200 221 229 256 286 307 337 362 369 381 566 585 592 597 610 619 630 703 714 720 
Group07_34.txt
106 122 218 249 266 288 294 319 330 366 382 423 430 455 465 490 502 509 563 603 616 623 630 633 658 
Group07_35.txt
3 60 76 113 141 196 199 206 220 227 245 273 307 330 339 346 364 377 415 450 460 470 472 482 488 495 523 534 539 549 567 
Group07_36.txt
7 36 42 88 93 110 120 122 146 164 184 192 218 262 272 329 342 372 592 630 640 642 650 710 726 735 752 762 834 862 869 932 948 975 1032 1066 1077 1122 1205 1242 1264 1266 1306 1319 1369 1381 1385 
Group07_37.txt
43 60 135 184 195 208 211 255 273 296 309 382 401 403 409 412 428 452 499 525 530 545 573 597 601 748 785 817 836 844 853 984 1017 1091 1114 1134 1172 1210 1238 1281 1296 1315 1436 1439 1445 1474 1489 1538 1592 1605 1700 1716 1726 1730 1772 
Group07_38.txt
34 53 76 92 112 121 130 139 171 245 257 268 274 378 393 431 475 484 510 594 603 637 653 689 693 705 709 721 729 743 751 762 775 787 794 803 825 859 871 878 902 909 983 1021 1064 1086 1211 1239 1252 1283 1288 1293 1305 1331 1351 1358 1360 1367 1388 1408 1410 1413 1419 1426 1433 1477 1479 1493 1612 1628 1643 1654 1659 1677 1689 1742 1771 1846 1892 1904 1912 1940 1979 
Group07_39.txt
118 144 195 227 252 263 266 285 293 317 323 438 516 548 571 631 
Group07_40.txt
44 62 127 169 196 239 258 320 359 441 454 456 463 465 527 536 564 589 624 694 742 749 773 777 792 805 
Group07_41.txt
54 166 174 179 185 240 263 287 322 333 404 406 450 471 481 505 523 525 556 602 607 615 626 638 640 
Group07_42.txt
6 51 136 161 228 232 249 330 521 558 576 612 635 664 687 702 709 720 729 737 
Group07_43.txt
68 76 110 138 157 169 188 213 247 253 280 287 308 438 470 509 
Group07_44.txt
13 30 120 145 155 158 183 210 264 288 296 316 324 327 419 425 481 528 545 618 627 634 654 665 674 715 744 783 792 821 840 
Group07_45.txt
37 83 116 118 131 142 149 154 159 191 253 380 423 465 507 522 
Group07_46.txt
64 246 259 297 302 365 398 443 514 597 619 637 666 754 
Group07_47.txt
10 42 56 99 158 169 176 198 202 287 319 370 374 396 480 493 509 515 522 553 589 656 683 692 712 
Group07_48.txt
10 29 111 139 171 250 294 320 325 358 365 396 416 429 434 530 545 563 608 735 823 828 840 880 891 908 1012 1015 1034 1044 1055 1072 1087 1150 1187 1190 
Group07_49.txt
6 64 97 111 120 161 224 233 243 401 409 434 441 488 490 707 740 765 962 974 981 1000 1043 1114 1360 1492 1546 1594 1670 1800 1900 1942 1973 1991 2037 2102 2106 2148 2183 2262 2346 2387 2438 2521 2524 2537 2558 2624 2631 2633 2690 
Group07_50.txt
44 66 88 145 220 263 272 377 508 513 568 638 641 647 657 660 
Group08_01.txt
30 78 96 136 160 221 234 260 280 316 343 363 376 399 402 406 457 467 477 482 515 577 599 653 712 
Group08_02.txt
145 148 320 346 360 398 432 439 455 478 486 497 534 556 560 566 583 588 607 610 
Group08_03.txt
16 20 81 91 119 129 164 212 222 264 275 292 305 422 429 452 513 561 611 
Group08_04.txt
170 199 222 236 360 398 431 467 495 568 598 643 668 670 690 
Group08_05.txt
143 211 229 255 270 303 371 395 424 
Group08_06.txt
183 262 431 487 545 580 589 716 836 854 877 893 1123 1135 1146 
Group08_07.txt
79 152 403 415 
Group08_08.txt
6 162 169 184 236 321 343 
Group08_09.txt
10 106 149 211 239 273 283 288 309 311 328 346 435 447 499 518 542 558 579 639 647 661 698 722 739 766 768 
Group08_10.txt
14 35 54 75 129 177 195 235 259 320 333 359 379 415 442 462 475 498 501 505 556 566 576 581 614 676 698 752 811 
Group08_11.txt
1 7 19 25 54 60 113 118 125 133 174 181 231 276 315 504 552 572 653 701 725 753 787 802 
Group08_12.txt
52 105 205 216 258 313 356 378 462 551 572 593 607 657 687 718 727 741 767 770 856 871 874 877 923 
Group08_13.txt
26 102 274 483 608 646 679 688 703 832 840 918 925 947 960 1024 1050 1066 1101 
Group08_14.txt
36 68 138 214 236 243 249 286 321 563 590 600 
Group08_15.txt
1 40 51 60 108 119 128 203 241 314 323 327 336 345 411 471 494 516 531 556 572 579 627 692 702 750 767 780 787 830 850 
Group08_16.txt
17 43 109 167 182 283 313 346 384 395 505 516 530 539 544 610 659 689 698 776 780 814 828 858 933 957 985 993 1129 1176 1179 1240 1245 1278 1306 1314 1317 1372 1496 1517 1536 1593 1604 1656 
Group08_17.txt
310 316 393 421 440 466 482 565 620 632 657 671 674 726 777 792 982 1007 1136 1160 1200 
Group08_18.txt
111 121 124 349 511 543 589 612 662 676 723 
Group08_19.txt
3 73 141 216 252 262 267 276 289 360 399 419 467 488 502 507 512 606 746 754 770 818 830 
Group08_20.txt
185 216 225 243 270 295 374 407 463 502 505 535 563 577 609 651 697 772 801 803 810 937 948 981 1041 1080 1108 1116 1174 1222 1272 1274 1446 1454 1518 
Group08_21.txt
159 197 223 237 307 334 360 376 391 439 543 549 580 636 655 
Group08_22.txt
7 175 237 279 389 431 434 467 488 520 530 550 570 638 643 705 715 783 794 
Group08_23.txt
170 199 222 236 360 398 431 467 495 568 598 644 669 671 691 
Group08_24.txt
166 191 199 203 267 325 366 380 417 428 430 441 551 554 585 608 613 657 717 722 781 830 888 931 972 994 1027 1074 1087 
Group08_25.txt
30 56 94 146 161 179 217 251 277 296 326 389 432 457 507 548 574 595 610 630 636 657 686 705 730 732 743 787 832 837 851 861 938 1016 1048 1052 1081 1221 1232 1336 1348 
Group08_26.txt
89 95 107 147 156 174 
Group08_27.txt
33 62 99 158 235 292 315 385 388 391 
Group08_28.txt
61 92 201 254 266 371 386 501 549 623 634 647 697 719 722 725 773 
Group08_29.txt
112 179 199 220 266 272 296 302 346 400 424 472 492 542 578 645 662 699 709 712 741 764 786 818 822 839 841 861 875 933 949 1017 1033 1070 1101 1117 1218 1320 1477 1523 
Group08_30.txt
81 88 134 158 180 227 287 303 308 373 423 476 500 618 647 669 706 799 836 854 860 917 951 955 986 989 1005 1039 1075 1120 1146 1169 1180 1192 1204 1220 1230 1265 1275 1283 1316 1450 1477 1487 1491 1507 1526 1529 1536 1549 1555 1567 1600 1632 
Group08_31.txt
24 27 70 74 83 103 149 151 165 196 199 222 240 296 314 318 419 502 556 623 668 686 689 720 722 728 761 778 809 874 883 915 921 963 971 976 985 
Group08_32.txt
3 32 108 119 161 
Group08_33.txt
1 21 57 89 151 176 213 253 
Group08_34.txt
43 66 83 95 102 110 113 136 172 189 198 201 221 242 246 279 295 306 340 351 368 376 414 444 490 
Group08_35.txt
77 122 130 292 296 337 345 350 357 374 
Group08_36.txt
95 107 130 152 204 330 344 
Group08_37.txt
40 53 89 104 160 217 259 
Group08_38.txt
51 106 129 135 156 181 227 309 
Group08_39.txt
64 75 102 121 149 173 224 242 326 343 384 420 469 501 
Group08_40.txt
51 63 164 199 276 375 403 429 437 448 515 
Group08_41.txt
2 40 91 117 130 136 187 235 246 255 266 284 286 326 
Group08_42.txt
221 257 301 
Group08_43.txt
82 123 128 201 274 344 395 412 450 552 616 625 650 668 
Group08_44.txt
79 247 
Group08_45.txt
4 19 39 65 71 88 126 139 150 159 165 257 266 306 314 
Group08_46.txt
5 26 41 45 80 89 165 172 177 202 211 219 224 239 252 
Group08_47.txt
9 79 92 105 117 168 177 192 195 204 210 225 249 266 303 312 323 372 380 388 416 432 497 503 
Group08_48.txt
2 26 35 68 115 144 159 177 189 206 264 279 314 329 340 366 372 381 393 463 471 
Group08_49.txt
30 40 104 209 213 226 250 262 267 286 293 
Group08_50.txt
9 31 89 159 164 237 272 301 332 381 391 436 457 489 553 580 601 
Group09_01.txt
149 184 237 278 289 368 386 400 436 445 501 510 517 565 576 609 629 
Group09_02.txt
4 52 90 221 290 500 503 
Group09_03.txt
4 66 167 258 327 360 366 454 541 561 
Group09_04.txt
32 85 98 105 129 137 175 255 262 282 301 361 551 553 559 574 
Group09_05.txt
73 106 230 232 279 291 308 318 337 346 404 409 440 448 512 516 551 559 575 651 665 709 732 779 844 853 867 874 883 900 908 910 987 
Group09_06.txt
31 58 64 171 176 222 297 493 
Group09_07.txt
88 109 137 155 175 231 255 274 279 332 347 389 410 430 456 462 494 496 527 530 552 561 605 618 668 727 812 818 872 900 956 
Group09_08.txt
65 159 229 271 301 317 333 342 382 412 452 464 509 525 533 
Group09_09.txt
11 140 157 335 350 373 385 393 432 493 522 555 608 612 617 632 679 768 884 931 964 
Group09_10.txt
155 205 248 489 496 519 538 616 650 710 774 
Group09_11.txt
155 198 264 281 331 360 375 413 430 436 465 540 558 613 624 
Group09_12.txt
117 156 162 193 222 225 288 375 451 
Group09_13.txt
17 30 55 171 206 237 260 263 363 374 410 416 425 447 499 594 613 616 
Group09_14.txt
35 55 200 253 349 525 541 545 594 668 701 711 739 778 823 851 
Group09_15.txt
68 82 161 253 297 378 491 516 
Group09_16.txt
150 184 205 243 257 291 337 387 432 445 502 
Group09_17.txt
25 40 71 100 107 116 153 161 202 222 304 309 341 371 423 538 542 578 604 683 700 706 713 731 745 794 
Group09_18.txt
5 19 101 132 166 179 304 376 422 433 439 452 500 503 629 
Group09_19.txt
31 57 73 89 125 283 346 348 438 484 494 513 527 
Group09_20.txt
26 140 145 178 278 299 430 480 524 535 586 590 
Group09_21.txt
49 92 180 224 269 316 416 426 515 520 555 592 651 690 718 730 755 779 793 820 829 845 860 989 998 1060 1108 1152 1161 
Group09_22.txt
8 27 45 113 242 285 358 372 438 444 480 483 500 512 549 571 603 622 628 671 
Group09_23.txt
5 22 88 116 124 196 203 212 237 268 287 354 380 420 521 540 640 
Group09_24.txt
102 144 203 259 289 331 349 388 414 438 511 552 568 597 
Group09_25.txt
110 176 191 228 250 283 322 332 346 363 382 394 402 409 426 467 478 511 
Group09_26.txt
78 90 104 107 118 166 209 216 244 331 336 364 396 422 476 481 487 569 577 614 622 723 738 764 768 808 855 924 943 967 977 996 1062 1091 1122 1170 1175 1206 1220 1295 
Group09_27.txt
25 69 135 238 256 341 421 446 
Group09_28.txt
40 80 86 88 141 149 189 328 332 365 442 449 456 460 
Group09_29.txt
4 12 14 50 90 114 145 163 272 287 289 323 326 331 357 360 400 481 491 527 579 583 596 
Group09_30.txt
31 74 131 230 281 308 331 384 400 559 562 581 591 603 608 623 625 635 643 648 
Group09_31.txt
156 228 241 338 359 369 392 409 445 462 486 494 513 
Group09_32.txt
100 106 191 206 272 291 316 336 420 431 449 460 464 514 
Group09_33.txt
49 102 158 260 366 372 440 464 517 
Group09_34.txt
182 216 234 252 301 318 353 426 444 537 
Group09_35.txt
18 53 67 77 95 132 202 212 224 267 279 424 496 529 554 710 745 762 
Group09_36.txt
165 181 212 352 357 485 555 
Group09_37.txt
62 77 108 160 219 299 316 325 362 410 478 669 683 788 867 941 950 963 1018 1040 1198 1209 1211 1227 1232 1263 1291 
Group09_38.txt
101 111 163 168 192 198 200 216 230 254 292 295 323 342 350 370 386 407 438 488 531 595 
Group09_39.txt
8 82 163 195 202 293 325 359 499 520 536 546 551 556 560 568 595 599 607 615 631 674 685 717 
Group09_40.txt
46 107 200 253 293 298 362 410 438 449 471 485 545 614 624 637 671 675 693 700 718 
Group09_41.txt
1 8 32 197 229 241 244 274 290 303 313 364 377 386 391 410 423 472 484 549 564 
Group09_42.txt
18 153 184 204 302 371 389 403 436 446 500 558 609 
Group09_43.txt
18 37 130 135 144 151 180 208 246 283 356 396 402 451 481 526 584 595 612 623 632 666 
Group09_44.txt
55 147 161 199 238 413 494 
Group09_45.txt
131 194 296 324 339 416 511 674 
Group09_46.txt
79 100 109 158 166 201 242 302 325 360 396 531 545 566 594 605 627 
Group09_47.txt
145 157 227 304 350 393 415 425 518 524 550 579 
Group09_48.txt
41 50 60 150 172 345 354 362 437 456 465 515 595 606 662 677 739 747 
Group09_49.txt
71 133 144 193 221 236 274 358 378 418 434 439 445 472 477 536 606 614 628 642 679 690 701 757 835 845 894 925 
Group09_50.txt
76 83 115 130 134 139 144 247 254 339 356 423 450 519 594 
Group10_01.txt
40 149 161 231 237 251 301 384 414 428 466 469 500 503 573 583 649 655 675 728 745 
Group10_02.txt
28 71 74 113 178 218 235 270 285 324 330 359 414 436 459 476 
Group10_03.txt
4 17 63 96 143 219 258 287 301 326 333 404 463 478 530 559 628 653 672 683 702 811 815 853 868 879 888 907 918 936 950 
Group10_04.txt
24 48 67 102 131 146 157 176 185 201 241 330 336 363 439 443 450 484 556 575 
Group10_05.txt
36 48 91 129 150 161 187 207 215 235 269 297 327 340 363 450 455 464 506 520 540 550 560 566 577 585 593 612 617 627 657 667 692 723 731 756 765 779 782 801 809 824 842 876 890 896 910 933 959 
Group10_06.txt
5 52 67 98 110 125 156 180 291 347 418 452 462 479 491 529 548 593 627 654 664 687 691 702 706 
Group10_07.txt
56 104 181 236 363 372 393 400 524 542 551 568 579 
Group10_08.txt
6 22 45 83 93 104 114 130 142 204 289 299 355 423 455 541 567 576 586 599 614 624 646 658 674 705 
Group10_09.txt
2 38 71 79 96 107 134 179 194 205 207 244 260 309 328 330 337 347 390 417 442 557 674 729 740 804 827 836 845 855 857 876 879 912 917 961 974 992 1020 
Group10_10.txt
40 64 85 90 98 115 125 160 183 230 269 307 333 399 414 427 438 468 472 510 533 559 566 602 669 690 771 793 799 898 973 988 
Group10_11.txt
130 133 168 246 274 298 321 383 431 455 483 530 629 644 748 766 883 910 988 997 1038 1065 1122 1175 1223 1233 
Group10_12.txt
83 92 132 153 173 218 245 284 286 301 312 323 344 357 369 387 424 428 476 489 573 615 621 637 707 756 765 793 
Group10_13.txt
47 81 103 117 145 237 247 271 282 339 412 453 456 468 475 485 514 568 622 628 640 659 663 700 
Group10_14.txt
57 156 205 207 213 219 305 329 410 435 449 492 510 519 538 552 
Group10_15.txt
10 72 74 110 130 140 316 320 369 372 471 590 
Group10_16.txt
64 85 90 135 154 177 198 225 326 347 470 550 602 638 640 641 678 703 745 765 780 817 820 900 947 993 
Group10_17.txt
5 72 75 86 145 150 170 173 189 282 318 372 419 471 509 531 583 615 622 627 685 690 737 756 798 800 898 919 1047 1081 
Group10_18.txt
6 15 79 99 122 195 208 257 294 356 376 440 523 525 552 576 593 630 660 729 765 
Group10_19.txt
73 84 133 153 160 192 232 289 365 376 425 440 486 512 
Group10_20.txt
26 56 99 104 159 189 248 257 265 314 405 453 481 500 528 585 612 655 
Group10_21.txt
96 113 140 206 286 304 338 360 611 621 663 695 708 714 823 827 833 853 873 877 
Group10_22.txt
29 78 96 233 261 394 415 444 553 574 578 643 649 664 748 813 
Group10_23.txt
42 79 125 180 194 221 258 304 365 437 468 476 500 552 601 667 
Group10_24.txt
1 23 82 129 141 150 157 159 176 215 233 297 318 323 332 383 393 424 435 437 457 469 496 524 581 594 605 610 632 669 691 740 778 804 826 856 892 915 925 935 1042 1045 1058 1068 1082 1132 1163 1182 1192 1202 1253 1260 1280 
Group10_25.txt
11 22 27 31 106 120 221 286 289 296 344 376 391 395 406 409 452 487 497 510 530 552 583 598 600 628 635 683 715 730 734 745 748 791 826 836 849 869 891 922 937 939 1039 1055 1094 1101 1108 1121 1154 1159 1185 1204 
Group10_26.txt
28 71 74 113 178 218 235 270 285 324 330 359 414 436 459 476 
Group10_27.txt
12 167 201 334 387 395 401 467 500 626 781 785 801 833 839 857 870 875 982 998 
Group10_28.txt
12 51 64 130 187 189 198 267 307 324 331 344 369 381 456 478 492 532 553 572 603 616 633 642 663 691 699 710 734 843 862 889 900 941 944 953 963 979 986 1059 
Group10_29.txt
50 73 78 133 157 192 196 198 202 219 295 313 391 421 429 440 451 488 492 504 528 662 681 775 782 784 793 805 829 914 925 
Group10_30.txt
5 28 85 113 115 123 125 135 141 173 183 203 213 236 278 296 322 334 356 372 398 401 409 422 438 487 
Group10_31.txt
17 45 79 110 119 134 137 171 232 252 266 292 301 319 361 377 425 472 509 566 579 656 
Group10_32.txt
8 10 53 195 252 288 292 334 512 520 558 684 718 738 
Group10_33.txt
35 52 64 151 176 230 249 310 402 524 548 579 622 670 777 804 824 842 890 927 943 946 980 1028 1035 1072 1191 1224 1241 1257 1313 1379 1572 1598 1679 1708 
Group10_34.txt
40 119 135 186 223 267 314 398 
Group10_35.txt
33 51 79 211 240 258 267 396 427 480 517 541 554 570 578 599 625 642 702 732 746 749 752 760 923 934 951 980 986 994 1138 1314 1355 1372 1375 1383 1401 1420 1448 1524 1540 1617 1624 1660 1700 1712 
Group10_36.txt
26 64 88 98 213 247 255 291 305 328 339 397 405 455 482 491 498 540 556 566 588 610 635 655 663 679 726 802 835 886 890 
Group10_37.txt
18 23 58 66 89 133 139 183 189 199 213 228 285 325 334 348 368 387 391 425 439 450 485 515 540 557 574 588 660 689 724 
Group10_38.txt
8 21 32 39 56 108 128 177 252 309 313 352 395 459 562 588 648 683 786 797 909 979 1001 1004 1034 1049 1074 1077 1094 1100 1117 1137 1181 1215 
Group10_39.txt
38 54 61 64 169 256 268 282 300 329 347 350 355 370 391 398 487 494 514 554 611 643 659 722 775 799 825 841 844 887 915 918 924 928 930 955 
Group10_40.txt
28 130 155 162 182 191 228 316 387 400 410 457 473 545 561 570 678 
Group10_41.txt
13 78 105 127 143 215 229 262 279 290 292 363 384 419 458 460 483 491 513 536 546 559 589 597 
Group10_42.txt
84 99 133 161 222 269 271 304 307 347 367 376 423 506 558 568 573 631 642 683 693 705 
Group10_43.txt
31 44 90 107 162 213 221 250 256 304 354 408 507 554 606 672 699 729 737 854 899 910 959 975 1008 1054 1113 1118 1121 1127 
Group10_44.txt
39 69 129 140 143 162 170 179 212 243 321 430 450 479 484 564 614 621 663 668 688 747 752 779 826 
Group10_45.txt
76 86 144 189 284 315 333 350 445 632 649 673 686 
Group10_46.txt
28 61 75 84 111 126 172 178 197 246 257 260 281 287 289 297 336 343 346 414 470 483 492 523 534 537 
Group10_47.txt
78 123 175 251 279 308 316 323 330 343 350 368 373 423 441 448 467 476 479 520 523 532 535 550 578 605 666 678 692 704 727 752 796 798 871 908 942 956 967 995 1048 
Group10_48.txt
111 165 200 217 234 322 330 340 378 391 432 438 442 456 470 487 513 551 557 569 570 586 618 697 717 
Group10_49.txt
114 121 192 212 224 367 485 490 502 514 520 561 609 709 741 789 797 804 
Group10_50.txt
7 34 78 141 199 246 271 310 338 396 401 440 444 471 481 
Group11-01.txt
4 74 82 112 162 181 278 283 464 545 561 614 637 651 653 661 797 806 
Group11-02.txt
96 192 202 240 289 343 405 419 479 482 537 539 547 618 663 671 690 734 755 801 837 856 876 883 893 907 941 961 969 973 1029 1039 1053 1084 1100 1143 1157 1197 1208 1213 1231 1239 1247 
Group11-03.txt
29 89 105 165 170 245 286 315 330 364 448 458 474 493 513 554 623 638 657 696 699 716 
Group11-04.txt
23 93 248 256 278 355 407 415 435 495 504 519 559 616 629 643 650 675 712 753 893 
Group11-05.txt
15 100 150 167 173 243 267 280 399 403 484 545 577 675 683 692 716 823 854 859 898 908 913 940 972 1079 1096 1178 1210 1447 1463 1583 1590 1613 1617 1735 1801 1862 1870 1958 1980 2054 2069 2073 2144 2153 2155 2174 2204 2235 2242 2285 2335 2352 
Group11-06.txt
2 30 71 97 120 132 168 176 244 261 268 307 344 348 387 407 451 481 
Group11-07.txt
12 26 44 96 118 158 197 204 263 278 290 306 327 333 345 350 472 479 490 505 507 527 529 550 560 569 582 655 660 675 683 
Group11-08.txt
41 86 149 263 308 339 390 406 433 440 502 582 593 
Group11-09.txt
3 18 29 83 93 101 113 121 131 157 182 231 318 334 394 420 
Group11-10.txt
24 35 53 81 84 187 200 267 292 323 343 377 403 422 470 498 505 516 522 537 552 571 
Group11-11.txt
69 98 163 178 190 219 276 329 332 403 434 505 532 543 
Group11-12.txt
3 135 164 175 351 366 419 452 494 545 559 579 637 643 673 689 716 730 736 
Group11-13.txt
13 15 54 115 168 173 262 281 459 526 555 597 612 616 636 659 681 715 
Group11-14.txt
61 67 107 114 150 202 247 249 260 290 325 431 486 504 590 597 613 661 696 733 741 758 782 835 858 887 899 912 984 1018 1021 1032 1041 1053 1073 1113 1120 1134 1174 
Group11-15.txt
48 89 95 150 169 187 210 219 261 365 380 386 402 451 545 621 710 717 725 738 838 901 940 942 971 1007 1027 1033 1085 1132 1190 1192 1209 1229 1262 1272 1289 1338 1349 1352 1374 1429 1448 1495 1505 1546 1555 1612 1628 1705 1718 1720 1819 1833 1838 1850 1901 1930 1944 1965 2009 2088 2097 2133 2144 2153 2176 2185 2195 2221 2246 2267 2352 2377 2410 2416 2485 2495 
Group11-16.txt
3 9 70 125 137 215 249 275 294 326 353 361 419 507 553 580 665 750 771 807 1040 1057 1085 1111 1121 1149 1162 1219 1223 1237 1240 1266 1272 1336 1355 1359 1435 1453 1523 1536 1594 1737 1753 1758 1773 1843 1845 1856 1940 2164 2198 2218 2231 2304 2351 2441 2450 2506 2566 2572 2674 2716 2736 2796 2799 2805 2817 2857 2881 2908 2922 2947 2949 2970 2976 3002 3014 3020 3041 3056 3063 3099 3128 3134 3138 3170 3188 3201 3209 3212 3281 3287 3290 
Group11-17.txt
127 164 169 216 256 261 329 354 387 429 466 656 662 715 732 744 747 749 770 791 794 
Group11-18.txt
74 83 107 116 326 406 463 517 524 534 539 625 642 655 663 
Group11-19.txt
45 55 79 151 204 216 228 285 316 334 362 369 403 454 475 477 495 566 586 595 616 620 655 661 663 
Group11-20.txt
13 49 110 131 167 257 273 285 341 424 458 489 528 542 585 658 667 688 742 746 755 787 798 814 828 865 895 931 939 971 980 1020 1027 1030 1095 1105 1123 1144 1195 1204 1263 1280 1285 1301 1320 1336 
Group11-21.txt
85 102 166 176 181 211 219 246 254 283 327 361 363 477 491 515 527 534 543 554 574 634 689 700 732 744 825 842 867 879 893 
Group11-22.txt
27 72 148 307 316 323 379 411 432 443 459 481 506 549 557 559 580 611 655 800 855 868 932 949 
Group11-23.txt
8 17 32 75 77 139 367 441 445 486 542 577 687 692 787 816 
Group11-24.txt
34 91 196 233 244 255 348 358 404 422 436 543 570 605 628 715 842 856 895 947 966 1057 1132 1139 1160 1201 1210 1225 1229 1243 1257 1315 1355 1371 1380 1419 1448 1455 1462 1561 1571 1579 1634 1661 1731 1741 1778 1782 1910 1973 1993 2052 2085 2148 2177 2192 2259 2268 2286 2476 2514 2523 2557 2581 2589 2593 2621 2637 
Group11-25.txt
67 117 260 346 374 383 421 456 468 476 482 494 548 557 612 658 686 697 
Group11-26.txt
23 92 145 171 173 177 197 234 238 279 302 320 
Group11-27.txt
23 66 76 112 184 190 230 
Group11-28.txt
17 20 23 39 65 69 93 106 120 128 153 171 197 204 212 215 233 254 260 276 289 321 402 414 436 449 496 501 511 544 566 575 683 730 760 787 818 841 848 868 894 927 943 962 997 1006 1014 1026 1040 
Group11-29.txt
2 6 33 37 81 161 197 230 250 262 373 392 399 528 575 633 652 681 714 730 749 784 793 801 813 827 
Group11-30.txt
51 70 132 156 174 203 213 216 287 311 316 328 344 408 466 475 496 557 590 606 625 660 669 677 689 703 
Group11-31.txt
193 209 217 232 239 299 327 347 388 436 438 470 480 507 527 585 599 608 
Group11-32.txt
18 37 122 138 179 199 205 224 254 292 365 373 394 397 475 481 541 600 638 703 713 730 763 779 798 833 842 850 862 876 
Group11-33.txt
41 100 103 158 237 261 294 371 582 596 601 634 678 704 711 730 735 753 766 784 789 799 811 838 854 968 1054 
Group11-34.txt
14 25 43 50 56 101 153 206 220 228 229 256 259 325 343 360 363 366 386 394 422 
Group11-35.txt
62 67 133 153 158 166 215 225 243 276 302 356 449 453 
Group11-36.txt
3 26 34 37 65 85 101 126 163 182 190 213 390 408 
Group11-37.txt
7 19 25 45 88 100 105 119 123 171 179 184 194 196 204 210 219 224 235 255 396 414 422 440 464 467 479 491 553 575 616 668 701 728 831 835 
Group11-38.txt
26 89 92 100 121 135 145 165 238 258 262 268 316 352 426 479 508 565 650 703 722 724 750 847 
Group11-39.txt
50 126 190 201 238 271 356 375 385 436 447 479 482 485 502 555 613 634 681 700 
Group11-40.txt
1 17 80 98 220 358 419 504 511 531 576 605 611 625 629 641 686 705 
Group11-41.txt
3 36 58 88 95 132 171 197 223 232 245 256 283 309 312 326 341 459 
Group11-42.txt
10 23 54 58 86 97 212 239 245 252 257 320 414 426 451 477 504 531 537 589 
Group11-43.txt
21 38 114 141 192 197 233 250 312 336 340 360 362 
Group11-44.txt
197 235 249 332 344 354 403 405 553 585 626 693 731 781 829 858 
Group11-45.txt
2 16 74 79 95 133 135 160 167 181 184 204 228 294 306 327 355 366 411 450 526 535 609 624 635 694 727 762 873 880 979 1091 1113 1169 1181 1267 1297 1325 
Group11-46.txt
58 66 110 178 206 267 317 330 513 558 681 685 724 871 889 919 1016 1049 1066 1278 1297 1352 1399 1406 1486 
Group11-47.txt
26 77 97 124 128 160 193 204 209 227 244 270 280 311 347 406 417 450 470 481 511 531 536 564 602 616 628 667 670 689 757 807 843 872 875 
Group11-48.txt
39 64 74 134 151 161 180 192 195 200 230 237 263 272 304 325 406 460 573 597 639 651 654 668 676 704 833 844 857 859 870 
Group11-49.txt
57 91 138 193 247 272 303 329 452 567 582 596 
Group11-50.txt
21 67 113 126 135 165 181 222 257 278 334 373 375 431 472 527 539 559 611 619 636 701 724 737 750 752 772 825 834 871 890 903 926 951 971 
Group12_01.txt
73 126 152 166 204 315 324 327 331 333 418 437 441 510 554 587 595 623 642 671 702 735 743 771 790 839 848 851 855 857 1052 1133 1144 1181 1222 1252 1338 1390 1443 1465 1473 1539 1559 
Group12_02.txt
18 39 75 93 137 146 168 185 217 228 233 290 307 317 326 368 429 440 530 549 584 608 679 729 742 747 765 828 856 913 929 968 992 1025 1037 1062 1083 1232 1294 1298 1327 1332 1338 1371 1392 1418 1483 1501 1523 1536 1582 1632 1666 1719 1728 1761 1765 1773 1793 1819 1825 1934 1994 2066 
Group12_03.txt
5 10 17 21 50 108 116 205 271 287 291 294 302 345 352 394 540 589 732 752 799 851 858 868 907 937 979 1049 1085 1127 1150 1179 1279 1350 1353 1406 1414 1458 
Group12_04.txt
135 159 182 186 205 393 404 426 441 446 461 488 496 510 555 561 569 608 643 647 692 723 728 769 812 816 824 839 845 885 955 958 963 973 1004 1022 1141 1185 1196 1222 1240 1286 1398 1423 1426 1447 1454 1505 1535 1557 1595 1603 1629 1809 1887 1930 1961 2030 2075 2100 2163 2202 2217 2277 2316 2359 2368 2384 2446 2467 2480 2485 2529 2534 2556 2561 2624 2648 2651 2774 2790 2852 
Group12_05.txt
43 154 181 315 317 340 359 431 540 604 623 625 
Group12_06.txt
39 93 134 160 184 187 219 235 279 290 365 390 401 405 412 420 434 454 465 499 509 517 566 595 612 645 660 765 785 815 850 920 951 966 975 995 1015 1048 1078 1081 1119 1121 1147 1168 1236 1289 1308 1321 1348 1369 1403 1440 
Group12_07.txt
19 24 178 181 199 388 700 761 853 906 952 970 974 994 1055 1062 1067 1069 1188 1260 1282 1377 
Group12_08.txt
12 54 94 248 286 319 335 436 469 480 489 516 531 545 
Group12_09.txt
11 19 72 145 243 274 315 393 402 449 470 509 529 579 624 646 716 725 742 791 795 803 833 839 870 876 902 910 929 943 946 967 1009 1025 1037 1046 1049 1057 1072 1077 1080 1108 1114 1130 1139 1158 
Group12_10.txt
21 53 92 109 131 145 175 186 264 287 426 449 476 506 579 620 641 760 782 809 878 889 
Group12_11.txt
53 63 147 153 193 219 229 235 250 306 314 324 341 346 392 398 418 535 551 574 584 643 650 656 786 828 832 836 
Group12_12.txt
53 63 147 153 193 219 229 235 250 306 314 324 341 346 392 398 418 535 551 574 584 643 650 656 786 828 832 836 
Group12_13.txt
37 51 175 187 200 242 259 270 345 408 427 444 501 549 561 588 606 667 794 818 922 932 969 973 1001 1010 1066 1090 1150 1189 1242 1244 1256 1367 1377 1609 1619 1629 1654 1690 1706 1736 1799 1809 1856 1906 1952 1990 2036 
Group12_14.txt
88 154 178 239 258 306 313 414 484 502 540 579 598 618 637 646 696 747 772 809 891 927 968 1011 1041 
Group12_15.txt
20 57 65 72 115 136 155 303 310 361 390 444 453 474 496 527 548 624 648 655 714 732 776 
Group12_16.txt
165 191 195 220 248 303 310 317 322 329 331 364 381 395 444 529 
Group12_17.txt
4 65 95 185 197 277 294 298 351 368 401 418 431 469 483 
Group12_18.txt
135 195 235 248 295 302 333 378 511 544 
Group12_19.txt
31 39 42 54 98 127 132 149 167 204 212 217 238 267 297 317 356 404 416 445 473 502 510 513 540 549 609 630 645 704 741 792 818 858 868 885 919 942 980 1000 1018 1038 1042 1096 1262 1361 
Group12_20.txt
6 46 82 119 134 149 179 188 235 310 325 397 418 474 526 546 569 585 593 598 612 
Group12_21.txt
46 75 121 175 191 256 265 293 310 328 379 531 593 690 
Group12_22.txt
66 77 79 139 185 240 284 295 297 317 320 328 331 357 386 422 471 
Group12_23.txt
64 189 219 222 243 295 390 394 463 572 
Group12_24.txt
1 11 33 44 68 126 145 182 193 226 277 301 310 330 360 379 414 425 463 508 520 541 583 596 683 693 696 704 711 725 749 785 812 841 875 888 
Group12_25.txt
80 174 200 265 288 308 320 323 332 357 387 404 456 502 526 600 620 639 723 725 
Group12_26.txt
3 80 151 193 238 247 323 370 432 452 473 476 486 510 516 560 568 573 600 607 636 640 782 793 852 875 921 935 977 1079 1101 1142 1171 1193 1238 1253 1254 1266 1280 1293 1307 1324 1358 1371 1388 1398 1404 1488 1498 1508 1592 1598 1603 1611 1628 
Group12_27.txt
182 224 274 312 319 331 335 371 383 417 472 477 496 539 
Group12_28.txt
1 53 90 207 292 401 451 463 505 534 608 619 
Group12_29.txt
224 258 532 561 
Group12_30.txt
37 50 65 126 231 234 268 322 358 360 392 403 446 466 511 523 533 574 
Group12_31.txt
48 76 98 119 129 285 296 331 372 404 
Group12_32.txt
115 123 136 218 265 332 342 368 482 
Group12_33.txt
73 202 226 309 313 338 429 448 477 487 495 509 
Group12_34.txt
55 74 161 193 255 259 271 301 361 385 483 512 520 546 562 
Group12_35.txt
18 260 300 334 360 364 441 445 495 617 648 715 
Group12_36.txt
55 59 110 131 145 162 300 366 397 417 476 498 
Group12_37.txt
11 113 143 148 161 258 321 335 420 449 456 461 486 
Group12_38.txt
75 77 117 243 308 325 378 409 421 443 477 487 516 575 682 
Group12_39.txt
32 67 103 135 166 186 226 272 309 324 404 483 504 530 539 560 591 606 625 629 648 665 669 712 722 729 755 
Group12_40.txt
50 99 166 180 235 268 271 291 305 313 342 346 349 353 409 433 442 467 496 499 646 666 678 
Group12_41.txt
14 105 130 168 183 201 211 272 293 322 325 332 367 387 397 441 453 592 603 630 633 643 662 697 715 743 767 798 829 840 
Group12_42.txt
21 72 107 235 263 317 340 342 390 414 423 472 627 659 732 738 755 761 780 786 799 828 837 865 1003 1142 1145 1186 1295 1298 1485 
Group12_43.txt
18 27 30 121 125 135 184 197 218 279 284 302 304 339 400 459 461 491 526 530 553 556 571 574 584 643 722 774 818 825 852 859 
Group12_44.txt
45 123 171 204 238 302 347 377 379 385 413 431 452 501 527 544 
Group12_45.txt
11 21 54 75 104 112 194 207 277 292 333 341 367 410 450 460 588 
Group12_46.txt
27 60 126 151 196 248 335 346 492 496 531 539 572 581 596 653 673 693 701 
Group12_47.txt
202 309 397 
Group12_48.txt
47 234 249 255 260 291 661 
Group12_49.txt
28 60 93 148 291 382 384 398 490 564 644 723 757 788 822 849 970 976 1039 1081 1087 1159 1203 1230 1266 1362 1405 1408 1444 1463 1581 1588 1604 1643 1656 1680 1700 1718 1744 1748 1756 1767 1891 1924 1941 1952 1960 1971 1976 2013 2022 2030 2122 2168 2179 2185 2188 2198 2208 2251 2254 2283 2385 2482 2534 2542 2573 2592 2610 2673 2724 2733 
Group12_50.txt
3 59 95 104 109 122 150 156 174 184 188 213 217 239 259 268 299 323 328 336 513 517 554 566 
Group13_01.txt
5 33 55 58 78 82 88 258 300 366 370 453 458 480 523 548 560 578 677 698 731 740 
Group13_02.txt
3 103 106 116 136 204 230 271 400 412 446 453 497 721 774 786 953 955 1021 1026 1034 1036 1223 1295 1323 1392 1439 1448 1466 1507 1511 1532 1559 1561 1571 1604 1722 1742 1780 1791 1808 1862 1881 1885 1888 1903 1910 1934 2144 2149 2156 2181 2211 2249 2281 2299 2318 2374 2383 2390 
Group13_03.txt
38 59 160 301 317 335 384 390 416 439 496 516 524 541 576 590 645 657 
Group13_04.txt
2 7 70 108 119 122 128 143 184 210 235 287 327 356 371 373 403 499 514 569 621 627 697 729 737 765 831 873 933 1045 
Group13_05.txt
87 100 204 233 297 351 357 381 403 411 420 426 522 548 605 623 713 747 819 837 845 868 876 908 980 992 1051 1060 1068 1149 1182 1201 1229 1261 1382 1387 1404 1433 1442 1450 1481 1521 1552 1568 1577 1664 1678 1707 1807 1815 1929 1945 1998 2012 2071 2092 2102 2106 2123 2125 2136 2160 
Group13_06.txt
109 119 138 200 324 400 441 462 483 515 551 627 667 694 775 778 830 843 853 875 885 894 917 944 962 1085 1108 1127 1135 1158 1166 1205 1232 1235 1239 1252 1254 1268 1302 1375 1445 1449 1462 1464 1467 1478 1488 1501 1513 1520 1525 1609 1658 1718 1749 1777 1788 1829 1847 1876 1896 1920 1938 1947 1957 1966 2091 2096 2149 2186 2200 2205 2231 2281 2410 2459 2471 2502 2527 2597 2632 2636 2648 2656 2698 2702 2707 2715 2719 2725 2753 2768 2775 
Group13_07.txt
16 19 22 77 90 110 113 116 156 200 248 267 304 306 315 350 574 594 
Group13_08.txt
46 121 161 181 217 282 288 327 338 416 439 460 496 512 543 550 586 624 768 773 830 844 851 872 908 914 1000 1026 1175 1179 1186 1194 
Group13_09.txt
3 74 84 96 100 106 125 138 195 199 202 270 298 306 332 354 362 405 411 434 464 490 495 505 511 559 567 593 622 645 651 687 712 760 768 808 811 835 848 857 888 894 951 957 960 974 981 1070 1211 1253 1289 1342 1403 1419 1491 1501 1516 1538 1554 1578 1587 1620 1624 1648 1686 1704 1819 1824 1837 1844 1864 1915 
Group13_10.txt
5 23 77 131 144 193 254 264 272 328 357 451 502 579 616 663 675 683 696 769 790 822 831 891 
Group13_11.txt
68 146 175 191 232 239 292 315 353 388 441 481 504 540 564 570 606 636 
Group13_12.txt
16 44 128 170 191 215 256 274 293 302 337 398 493 513 520 568 626 634 654 700 751 774 
Group13_13.txt
56 60 71 76 174 
Group13_14.txt
73 115 143 284 286 322 348 360 503 606 
Group13_15.txt
6 104 125 184 201 204 306 352 450 475 485 543 594 620 656 
Group13_16.txt
5 21 33 63 72 80 93 100 105 126 176 210 259 277 295 331 
Group13_17.txt
6 17 79 85 123 152 192 195 203 227 235 277 307 313 380 386 416 435 453 486 494 498 519 532 559 617 645 648 671 
Group13_18.txt
26 116 132 143 201 226 228 232 304 316 333 389 409 480 508 521 532 624 641 817 874 961 
Group13_19.txt
54 95 108 168 189 213 235 288 328 337 339 353 380 
Group13_20.txt
27 59 66 71 108 122 170 178 208 212 233 248 253 260 307 360 391 406 439 509 519 522 548 551 600 604 614 699 703 722 737 781 
Group13_21.txt
194 210 335 355 443 489 504 519 554 564 576 644 682 689 714 736 739 967 999 1005 1009 1039 1090 1118 1122 1282 1294 1296 1321 1362 1435 1538 1550 1617 1638 1677 1690 1693 1696 1715 1771 1820 1855 
Group13_22.txt
48 222 272 326 508 587 735 785 810 836 871 885 891 920 930 933 947 950 967 988 990 1034 1054 1092 1139 1144 1154 1156 1165 1183 1216 1227 1267 1282 1331 1351 1371 1394 1413 1423 1472 1496 1577 1609 1650 1669 1725 1776 1790 1824 1848 1861 1965 2053 2057 2073 2129 2133 2142 2152 2166 2183 2189 2251 2274 2307 2327 2342 2434 2526 2546 2581 2769 2794 2915 2937 2951 2955 2966 3048 3068 3088 3100 3113 3146 3159 3170 3198 3210 3258 3274 3302 3316 3332 3356 3376 3385 3409 3422 3428 3438 3451 3482 3493 3501 3509 3525 3554 3570 3582 3586 3637 3646 3661 3665 3679 3683 3724 3756 3791 3793 3828 3892 3970 3974 3994 4035 4098 4111 4115 4133 4183 4236 4249 4274 4309 4340 4354 4367 4424 4457 4514 4525 4560 4672 4722 4746 4859 4890 4928 4968 5005 5062 5071 5097 5134 5143 5179 5244 5252 5328 5358 5372 5375 5378 5392 5396 5399 5416 5430 5452 5460 5463 5478 5492 5598 5648 5739 5750 5775 5777 5857 5890 5916 5979 6015 6021 6041 6043 6097 6124 6137 6156 6190 6197 6212 6305 6437 6465 6474 6498 6529 6569 6596 6613 6670 6676 6698 6720 6832 6855 6935 6951 6983 6999 7047 7067 7145 7177 7189 7200 7228 7238 7250 7263 7287 7295 7337 7340 7345 7408 7420 7427 7464 7466 7532 7536 7540 7581 7716 7733 7739 7761 7864 7871 7881 7884 7901 7920 7970 8105 8163 8173 8177 8190 8211 8248 8274 8337 8340 8355 8358 8384 8437 8445 8541 8560 8567 8625 8726 8756 8774 8848 8910 8965 9026 9055 9064 9133 9235 9263 9288 9307 9327 9349 9354 9481 9508 9514 9572 9590 9647 9654 9662 9676 9689 9718 9721 9770 9809 9874 9905 9949 9961 10053 10060 10068 10070 10087 10138 10166 10209 10259 10289 10314 10322 10367 10375 10404 10419 10452 10502 10519 10541 10547 10553 10571 10584 10592 10671 10677 10697 10714 10732 10771 10877 10883 10893 10985 11022 11049 11112 11176 11185 11243 11269 11273 11322 11327 11332 11379 11419 11437 11501 11509 11559 11582 11584 11599 11621 11660 11670 11737 11750 11767 11771 11786 11883 11908 11948 11982 12045 12067 12087 12098 12117 12138 12152 12158 12171 12173 12208 12210 12219 12241 12243 12253 12264 12266 12276 12331 12338 12488 12490 12514 12518 12578 12580 12623 12643 12690 12724 12729 12755 12764 12777 12782 12840 12863 12893 12944 12983 13038 13098 13260 13271 13321 13325 13368 13398 13425 13455 13517 13545 13559 13569 13622 13638 13809 13829 13920 13932 13974 13981 13985 13996 14001 14065 14107 14133 14151 14180 14190 14232 14249 14255 14328 14362 14373 14416 14487 14491 14579 14581 14628 14644 14677 14698 14724 14726 14768 14774 14786 14812 14823 14843 14868 14903 14936 15038 15067 15104 15204 15218 15351 15397 15425 15430 15435 15473 15477 15498 15547 15571 15619 15640 15721 15745 15798 15820 15867 15925 15956 16006 16035 16045 16067 16179 16182 16207 16223 16233 16247 16373 16395 16406 16442 16482 16524 16620 
Group13_23.txt
108 166 220 233 275 301 500 513 543 561 602 626 631 633 815 863 947 1055 1088 1094 1165 1187 1249 1284 1439 1473 1580 1619 1671 1695 1740 1753 1762 1826 1844 1862 1885 1896 2002 2024 2031 2058 2094 2188 2220 2265 2303 2384 2397 2417 2429 2469 2479 2487 2493 2527 2535 2557 2601 2672 2717 2727 2729 2759 2835 2860 2889 2953 3013 3045 3053 3071 3082 3101 3131 3139 3148 3178 3221 3324 3329 3395 3437 3494 3552 3563 3604 3629 3674 3783 
Group13_24.txt
10 40 84 91 99 136 143 151 199 204 209 245 360 403 454 550 581 600 621 641 659 713 718 767 776 781 813 816 827 903 907 913 923 933 945 963 988 1035 1054 1088 1098 1103 1180 1201 1257 1261 1392 1407 1430 1438 1582 1608 1623 1644 1746 1754 1761 1763 1782 1819 1839 1864 1907 1937 1943 1971 1978 2014 2019 2069 2110 2126 2146 2156 2208 2244 2270 2304 2318 2368 2436 2448 2464 2489 2508 2516 2539 2574 2586 2613 2619 2634 2702 2707 2709 2720 2723 2737 2775 2795 2798 2872 2875 2885 2901 2969 3008 3010 3022 3087 3094 3120 3214 3220 3227 3251 3272 3284 3287 3342 3417 3427 3447 3461 3488 3510 3565 3584 3618 3621 3639 3672 3716 3747 3764 3770 3774 3852 3878 3894 3929 3933 3951 3967 4074 4077 4082 4117 4194 4218 4236 4254 4271 4286 4326 4329 4336 4400 4407 4429 4448 4453 4503 4510 4591 4684 4694 4752 4766 4785 4794 4805 4839 4859 4911 4967 4971 4982 5001 5013 5019 5079 5120 5125 5128 5143 5258 5290 5316 5365 5369 5428 5459 5502 5505 5514 5547 5557 5571 5583 
Group13_25.txt
23 77 92 107 121 129 145 149 269 279 317 343 362 432 523 537 541 604 665 683 689 767 778 790 820 833 858 921 945 1048 1052 1097 1191 1195 1222 1230 1235 1242 1251 1312 1325 1328 1349 1391 1424 1446 1479 1495 1502 1512 1574 1588 1676 1703 1711 1723 1745 1750 1759 1773 1856 1876 1890 1914 1918 1987 2011 2028 2215 2219 2223 2257 2263 2272 2306 2309 2329 2353 2366 2380 2388 2391 2479 2492 2520 2545 2575 
Group13_26.txt
12 17 65 68 75 90 101 144 212 249 331 397 401 445 462 494 530 553 586 590 605 643 662 666 740 761 835 846 981 985 1005 1023 1054 1142 1214 1223 1243 1280 1323 1334 1357 1369 1397 1501 1513 1538 1601 1630 1655 1659 1709 1852 1892 1942 1966 2021 2038 2065 2092 2204 2328 2395 2450 2469 2515 2541 2628 2683 2723 2821 2827 2886 2920 2928 2991 3074 3121 3126 3149 3260 3277 3317 3449 3708 3725 3752 3786 3813 3819 3838 3896 3905 3920 3954 3966 4116 4133 4145 4171 4207 4232 4290 4338 4352 4370 4393 4436 4440 4451 4462 4474 4483 4516 4523 4636 4661 4670 4838 4847 5036 5063 5082 5092 5246 5407 5483 5530 5627 5633 5659 5717 5764 5776 5814 5959 5976 6010 6043 6083 6093 6184 6199 6203 6221 6247 6288 6294 6314 6323 6330 6337 6368 6392 6439 6461 6467 6489 6540 6565 6573 6602 6615 6628 6682 6696 6699 6724 6736 6743 6762 6819 6824 6993 7030 7054 7072 7081 7128 7192 7312 7370 7377 7427 7463 7511 7521 7532 7582 7590 7597 7649 7662 7694 7751 7787 7865 7890 7895 7905 7930 7959 7967 7979 8032 8056 8067 8196 8208 8299 8366 8372 8430 8522 8584 8603 8615 8623 8661 8663 8672 8685 8698 8798 8819 8865 8873 8886 8896 8908 8934 8937 8967 8969 8974 8990 8997 9034 9077 9097 9110 9196 9212 9313 9346 9368 9452 9498 9509 9569 9571 9580 9611 9625 9662 9737 9790 9801 9804 9822 9836 9863 9869 9878 9883 9909 9923 9935 9995 10007 10011 10016 10026 10058 10069 10077 10089 10091 10107 10112 10120 10132 10136 10144 10151 10174 10212 10261 10274 10303 10306 10338 
Group13_27.txt
11 176 226 259 262 277 297 304 332 453 482 504 519 539 573 603 630 657 665 673 680 796 809 828 841 882 893 971 974 996 1049 1070 1084 1118 1124 1183 1203 1314 1317 1345 1361 1442 1596 1632 1703 1712 1753 1768 1776 1802 1810 1840 1899 1928 1953 1999 2014 2047 2088 2177 2190 2262 2268 2291 2416 2557 2609 2631 2644 2691 2702 2708 2712 2793 2814 2842 2903 2918 2922 2961 2976 2989 2991 3003 3012 3056 3148 3197 3236 3262 3301 3390 3426 3454 3506 
Group13_28.txt
104 149 167 178 188 201 225 229 242 260 266 287 353 507 560 677 724 772 789 809 870 881 1058 1069 1222 1228 1297 1362 1377 1390 1435 1468 1488 1529 1557 1571 1576 1660 1666 1719 1721 1766 1769 1786 1804 1868 1905 1945 1964 1978 2000 2012 2040 2081 2087 2157 2192 2227 2232 2240 2242 2252 2261 2268 2275 2320 2344 2354 2439 2451 2477 2482 2498 2520 2528 2570 2601 2627 2650 2687 2696 2706 2722 2745 2756 2908 2958 3070 3097 3107 3114 3162 3196 3213 3221 3234 3261 3320 3378 
Group13_29.txt
145 228 315 382 448 456 486 515 549 709 728 735 755 760 781 784 885 894 947 963 1039 1081 1100 1125 1228 1272 1324 1344 1371 1480 1513 1627 1669 1694 1697 1752 1760 1763 1845 1875 1879 1944 1950 2055 2062 2161 2167 2176 2313 2419 2477 2504 2523 2566 2617 2628 2662 2688 2701 2729 2733 2797 2868 2919 2934 2991 3015 3057 3089 3101 3119 3213 3428 3500 3513 3657 3708 3712 3849 3865 3897 3933 3951 4009 4058 4133 4161 4164 4347 4444 4477 4485 4543 4583 4587 4621 4663 4669 4690 4725 4746 4766 4771 4783 4896 4951 4954 4970 4992 5071 5093 5105 5125 5128 5149 5251 5259 5272 5278 5308 5334 5351 5367 5425 5478 
Group13_30.txt
258 266 294 427 456 465 473 483 503 509 590 639 662 736 758 766 785 794 801 829 859 872 881 883 902 914 928 966 1023 1055 1064 1085 1091 1181 1209 1216 1273 1280 1287 1290 1308 1315 1335 1340 1376 1393 1418 1420 1455 1472 1501 1514 1527 1554 1581 1611 1693 1853 1891 1924 1930 1978 2094 2110 2131 2139 2141 2143 2158 2201 2208 2231 2241 2253 2304 2352 2370 2423 2434 2468 2537 2556 2606 2633 2646 2672 2762 2778 2794 2842 2888 2894 2906 2932 2938 2949 2986 3000 3045 3174 3177 3249 3304 3334 3410 3427 3475 3479 3538 3545 3581 3657 3665 3672 3696 3716 3923 3956 3994 4051 4070 4091 
Group13_31.txt
88 170 194 270 294 303 316 329 346 353 391 473 520 578 636 667 731 752 789 826 
Group13_32.txt
5 112 117 120 129 137 142 150 153 212 223 260 298 301 308 348 387 408 411 416 422 441 488 503 528 576 631 655 701 730 756 792 890 1016 1025 1061 1092 1118 1124 1212 1253 1260 1281 1304 1336 1346 1354 1413 1415 
Group13_33.txt
3 89 119 222 234 274 290 292 352 403 429 470 479 501 561 581 678 719 867 873 941 952 965 999 1053 1055 1057 1063 1071 1073 1075 1081 1115 1118 1131 1146 1155 1219 1332 1342 1381 1390 1402 1459 1506 1576 1623 1700 1758 1767 1814 1844 1897 1960 2028 2078 2155 2169 2201 2224 
Group13_34.txt
68 257 288 409 411 
Group13_35.txt
89 118 123 170 176 208 219 320 344 351 364 380 389 392 471 517 575 651 674 676 745 814 842 847 902 917 924 1033 1107 1126 1284 1287 1326 1357 1376 1447 1555 
Group13_36.txt
68 100 144 216 239 314 351 384 434 462 559 577 610 645 653 670 737 785 793 807 901 959 1068 1112 1202 1230 1249 1267 1289 1320 1332 1343 1347 1353 1393 1408 1419 1481 
Group13_37.txt
163 177 252 324 353 373 382 451 455 468 480 572 582 593 617 742 756 837 885 937 957 965 1018 1055 1072 1144 1148 1162 1182 1190 1338 1342 1345 1355 1376 1382 1400 1490 1539 1541 1567 1604 1628 1630 
Group13_38.txt
2 137 180 198 353 389 403 419 474 506 533 592 649 690 692 697 790 797 808 813 926 955 958 1035 1050 1076 1145 1147 1174 1197 1200 1294 1306 1323 1326 1330 1352 1452 1513 1516 1538 
Group13_39.txt
91 106 122 241 270 346 376 536 544 650 680 692 816 842 881 899 932 957 1050 1093 1152 1214 1243 1277 1312 1317 1363 1596 1652 1723 1747 1832 1866 1908 1964 2052 2102 2117 2193 2196 2249 2257 
Group13_40.txt
2 96 193 201 227 247 362 378 388 394 442 459 469 501 505 519 563 572 701 715 752 809 879 887 925 936 992 1031 1038 
Group13_41.txt
74 82 187 308 318 469 484 521 589 612 616 642 655 735 764 822 830 882 920 934 951 1035 1058 1159 1188 1201 1229 1252 1257 1323 1347 1356 1371 1385 1403 1414 1447 1593 1601 1633 1646 1667 1688 
Group13_42.txt
9 215 265 279 305 315 333 345 351 385 401 409 438 505 509 523 532 573 576 635 657 711 749 796 896 925 936 939 945 993 1019 1024 1063 1072 1098 1106 1140 1154 1176 1253 1285 1292 1339 1353 1384 1393 
Group13_43.txt
72 140 180 198 276 291 304 308 321 354 502 683 739 787 805 821 846 904 915 985 1001 1013 1029 1055 1061 1097 1111 1172 1180 1207 1250 1349 1353 1360 1372 1383 1443 1454 1479 1489 1493 1512 1591 1608 1657 1661 1666 1694 1733 1747 1767 1795 1807 
Group13_44.txt
84 87 124 149 151 169 203 251 435 469 481 541 598 636 662 722 735 768 787 819 869 904 951 970 978 981 983 988 1020 1029 1075 1086 1100 1162 1166 1233 1250 1256 1358 1366 1375 1417 1421 1500 1563 1641 1726 1764 1866 1878 1905 1908 1928 1944 1954 2002 2078 2094 2110 2113 2123 2159 2194 2229 2239 2265 2307 2321 2337 2368 2463 2497 2552 2589 2646 2652 2674 2717 2775 2787 2799 2838 2842 2852 2891 2907 2910 2926 2942 2945 2957 2969 2972 2986 3028 3148 3154 3192 3203 3220 3231 3284 3310 3330 3342 3356 3439 3447 3487 3556 3583 3632 3639 3667 3744 3746 3773 3858 3885 3904 3906 
Group13_45.txt
115 160 163 294 384 496 534 625 631 671 679 740 804 868 907 911 954 971 1031 1044 1127 1132 1136 1153 1175 1179 1202 1210 1285 1306 1355 1399 1407 1477 1494 1501 1503 1517 1524 1528 1541 1591 1641 1664 1678 
Group13_46.txt
29 34 260 292 325 389 394 602 659 786 951 997 1041 1065 1292 1304 1442 1464 1642 1681 1814 1825 1840 1851 1937 2005 2020 2022 2114 2130 2152 2239 2261 2279 2361 2411 2434 2449 
Group13_47.txt
164 181 187 213 272 331 373 381 424 448 463 472 502 546 573 606 646 680 698 735 760 820 828 836 938 948 1009 1024 1087 1097 1197 1216 1239 1248 1313 1322 1357 1370 1374 1377 1399 1408 1431 1440 1503 1567 1621 1648 1657 1666 1728 1747 
Group13_48.txt
25 204 229 340 439 507 528 589 601 610 661 678 690 695 727 774 806 989 1024 1040 1078 1133 1139 1153 1212 1221 1306 1389 1455 1481 1651 1943 1988 2053 2075 2332 2411 2603 
Group13_49.txt
93 138 189 370 380 500 580 608 635 700 726 762 975 977 1013 1029 1062 1082 1085 1171 1189 1212 1300 1361 1368 1387 1398 1411 1479 1540 1592 1607 1616 1687 1767 1819 1839 1918 1952 2000 2220 
Group13_50.txt
44 164 180 202 221 258 330 359 507 525 698 859 979 997 1013 1133 1146 1164 1273 1347 1361 1368 
Group14_01.txt
1 24 31 47 83 100 112 137 191 477 
Group14_02.txt
17 28 129 304 346 395 430 467 478 492 520 531 
Group14_03.txt
24 38 78 111 194 213 217 230 239 352 458 486 
Group14_04.txt
22 36 55 123 136 143 240 275 290 318 332 339 386 391 420 495 
Group14_05.txt
8 56 91 135 137 268 405 409 493 510 529 
Group14_06.txt
50 127 183 260 367 371 483 543 551 
Group14_07.txt
10 51 95 120 141 209 266 289 332 360 366 370 400 546 
Group14_08.txt
20 69 83 128 147 164 226 251 322 328 355 377 417 421 437 468 511 
Group14_09.txt
73 134 145 232 255 275 297 361 365 402 407 482 497 
Group14_10.txt
5 115 131 144 234 336 434 455 469 
Group14_11.txt
34 48 65 169 224 236 414 430 462 480 
Group14_12.txt
3 36 45 120 150 280 293 320 395 400 404 428 542 
Group14_13.txt
6 202 215 255 283 363 367 401 425 
Group14_14.txt
83 153 197 225 243 246 286 317 332 371 395 403 424 452 468 471 
Group14_15.txt
173 186 335 348 407 459 
Group14_16.txt
45 47 90 114 153 189 206 208 249 299 318 338 
Group14_17.txt
31 142 156 201 207 234 300 311 324 331 379 383 404 409 420 436 445 448 469 479 499 
Group14_18.txt
77 142 226 320 329 406 420 454 457 
Group14_19.txt
3 102 187 225 235 264 459 537 599 697 709 785 
Group14_20.txt
37 42 56 142 155 176 202 264 285 412 436 465 605 619 627 638 657 671 692 751 884 891 935 
Group14_21.txt
35 63 84 116 177 207 217 274 277 292 324 357 375 405 470 480 490 523 571 598 630 640 
Group14_22.txt
31 37 74 80 86 99 108 135 166 176 187 238 264 298 338 347 373 399 422 435 463 511 577 592 
Group14_23.txt
48 58 84 99 140 149 243 307 318 363 407 471 474 
Group14_24.txt
47 58 110 167 175 184 277 342 384 409 495 597 610 
Group14_25.txt
32 146 168 199 208 214 222 232 265 272 280 300 320 388 402 404 423 598 
Group14_26.txt
50 87 272 386 405 464 471 528 630 658 748 885 909 
Group14_27.txt
117 178 197 205 242 251 297 339 348 352 355 362 401 423 450 458 477 510 543 753 770 801 849 
Group14_28.txt
15 28 104 183 274 309 324 349 362 371 392 458 583 624 631 719 722 784 879 905 936 967 983 986 1006 1022 1038 1045 
Group14_29.txt
4 22 32 38 63 105 115 133 152 172 195 241 244 252 284 298 305 393 423 436 440 453 469 492 
Group14_30.txt
66 128 232 261 286 294 329 389 416 426 489 505 566 658 743 819 837 867 888 946 957 
Group14_31.txt
19 80 84 140 208 249 260 326 345 404 486 549 742 898 928 943 
Group14_32.txt
5 65 118 250 288 371 485 575 601 668 740 839 861 899 918 981 1066 1116 
Group14_33.txt
93 114 245 304 419 481 655 662 686 903 916 962 1069 1087 1094 
Group14_34.txt
37 55 58 84 112 127 172 183 193 238 241 382 390 402 441 508 520 599 619 645 686 723 727 
Group14_35.txt
70 153 189 225 258 279 286 305 314 337 351 373 444 485 569 585 600 607 613 624 630 643 711 749 835 898 911 956 973 1003 1036 1045 1066 1112 1120 1138 1219 1244 1258 1272 1294 1301 1317 1330 1358 1364 1374 1379 1390 1475 1507 1518 1550 1570 1673 1707 1720 1725 
Group14_36.txt
73 139 187 233 345 425 436 447 529 537 552 596 609 
Group14_37.txt
56 66 111 179 239 256 272 285 335 341 399 439 462 471 496 544 551 614 616 686 688 702 720 765 809 872 926 
Group14_38.txt
46 97 107 112 164 192 231 356 419 439 444 478 507 542 555 630 658 688 698 707 803 845 875 949 952 
Group14_39.txt
52 164 176 219 234 340 374 520 524 537 541 582 585 593 599 673 688 730 735 778 793 832 851 853 867 978 985 
Group14_40.txt
64 143 147 156 166 170 187 204 223 229 274 296 315 336 404 428 514 625 685 707 771 796 867 879 933 955 963 989 
Group14_41.txt
67 147 229 267 276 295 319 328 355 365 383 388 392 426 463 492 500 506 516 540 557 607 615 651 706 725 756 760 776 817 897 918 996 
Group14_42.txt
33 38 49 80 142 155 158 190 279 299 323 330 332 334 384 401 460 544 546 595 614 645 678 683 695 742 745 781 799 814 851 857 862 896 905 
Group14_43.txt
33 80 93 126 171 242 276 290 299 304 309 512 517 560 596 609 
Group14_44.txt
148 182 222 240 425 463 482 539 593 615 620 630 727 849 892 912 925 944 
Group14_45.txt
30 44 151 192 218 241 248 253 285 293 312 317 326 331 358 405 443 463 499 536 
Group14_46.txt
19 29 33 58 176 188 236 264 389 393 407 445 485 496 507 510 556 576 635 697 721 
Group14_47.txt
40 63 133 194 222 233 303 327 336 419 425 479 499 502 558 632 639 682 709 723 
Group14_48.txt
2 13 49 58 108 124 133 156 178 183 198 238 240 242 246 260 314 406 433 440 454 460 475 507 545 564 567 587 601 663 683 
Group14_49.txt
2 41 194 279 312 329 365 384 410 420 437 443 470 477 497 506 571 604 610 612 646 666 752 
Group14_50.txt
27 81 162 180 206 212 222 249 271 283 296 307 366 379 386 411 447 461 477 490 525 535 553 557 563 597 617 644 687 706 714 
