Group01_06.txt
86 
Group01_28.txt
202 
Group02_04.txt
395 
Group02_10.txt
117 
Group02_38.txt
3483 3517 3552 
Group02_46.txt
11 31 
Group03_06.txt
1491 1807 
Group03_11.txt
171 
Group03_12.txt
13 70 184 719 736 808 823 921 1193 1201 1264 1365 
Group03_26.txt
579 890 
Group03_34.txt
286 808 
Group03_35.txt
1151 
Group03_36.txt
150 196 253 300 356 374 497 606 628 666 863 892 907 1377 
Group03_37.txt
917 942 966 2110 
Group05_39.txt
19 97 127 
Group05_42.txt
41 153 
Group06_16.txt
16 
Group06_32.txt
390 
Group06_49.txt
187 237 
Group07_07.txt
274 
Group10_02.txt
68 100 379 408 458 488 
Group10_26.txt
68 100 379 408 458 488 
Group13_44.txt
32 
Group14_44.txt
908 
Group14_47.txt
171 
