Group02_18.txt
2441 2786 
Group02_19.txt
4 104 149 672 1305 1699 1846 
Group02_20.txt
8 120 311 4157 
Group02_21.txt
5 259 1480 1757 2547 
Group02_22.txt
5 3410 
Group02_23.txt
19 1292 1580 1667 
Group02_24.txt
34 
Group02_26.txt
5 
Group02_27.txt
35 167 1606 
Group02_28.txt
259 
Group02_29.txt
30 92 705 1007 1252 1315 1340 
Group02_30.txt
11 671 1672 1709 
Group02_31.txt
1584 1858 
Group02_32.txt
2425 2450 
Group02_34.txt
982 
Group02_35.txt
392 
Group02_37.txt
106 172 188 275 1109 1209 1249 1307 
Group02_38.txt
908 
Group02_40.txt
2105 
Group02_41.txt
15 668 764 
Group02_43.txt
708 
Group02_44.txt
1531 1649 1670 
Group02_45.txt
1953 
Group02_46.txt
2574 
