Group03_29.txt
1504 
Group03_42.txt
1522 
Group04_01.txt
92 175 255 378 568 625 789 856 906 917 
Group04_22.txt
222 
Group06_04.txt
48 
Group07_08.txt
303 392 
Group09_49.txt
324 
Group10_47.txt
5 43 47 101 221 355 547 595 991 
Group10_48.txt
1 15 145 
Group11-19.txt
156 186 198 
Group11-20.txt
858 990 
Group12_04.txt
208 526 599 631 718 938 1337 1893 2605 
Group12_06.txt
17 569 690 836 1030 1059 1153 
Group12_07.txt
840 
Group12_09.txt
228 858 1143 
Group12_14.txt
13 139 173 299 561 887 965 1003 
Group12_17.txt
20 101 203 359 372 451 
Group12_18.txt
3 63 99 126 494 540 
Group12_22.txt
736 777 
Group13_06.txt
81 86 
Group13_26.txt
4733 
Group13_29.txt
3252 
Group13_33.txt
277 
Group14_36.txt
109 
Group14_41.txt
30 
