Group01_12.txt
172 
Group01_25.txt
915 
Group03_13.txt
326 1201 1238 
Group03_29.txt
1365 1764 
Group03_30.txt
1176 
Group03_33.txt
834 
Group03_40.txt
813 
Group03_42.txt
1383 
Group04_11.txt
581 
Group05_14.txt
464 479 495 
Group05_32.txt
457 657 
Group05_45.txt
1112 
Group05_48.txt
25 
Group05_49.txt
544 559 575 
Group06_21.txt
613 
Group06_34.txt
229 
Group07_04.txt
432 468 
Group08_26.txt
53 
Group08_29.txt
628 1547 
Group09_11.txt
509 
Group11-05.txt
2368 
Group11-13.txt
314 
Group12_34.txt
596 603 
Group12_43.txt
44 129 
Group12_44.txt
9 124 388 
Group13_21.txt
1603 
Group13_24.txt
1715 1735 
Group13_30.txt
21 127 172 308 349 556 664 1113 1325 1386 1434 1562 1752 1777 2737 2979 3067 3099 3144 3203 3216 3244 3261 3588 
