Group01_10.txt
460 
Group02_27.txt
1084 1207 1251 1260 1274 1322 1360 1385 1401 
Group02_33.txt
1735 1816 1836 1862 1970 2214 2318 2352 2377 2478 2559 2617 2675 2739 2791 2804 3064 3077 3152 3352 
Group02_35.txt
781 858 883 
Group02_38.txt
1557 1691 1700 1751 1775 1817 1887 1891 1894 1929 1980 1992 2016 2040 2066 2132 2652 2690 2694 2705 
Group02_39.txt
900 
Group02_44.txt
1191 1198 1373 
Group02_45.txt
80 84 191 230 251 261 276 291 304 332 348 358 360 405 410 413 425 510 527 552 565 782 824 919 925 949 951 966 999 1044 1063 1083 1094 1099 1205 1222 1235 1243 1459 1498 1548 1641 1647 1675 1678 1686 1707 1779 1802 1809 1816 1826 1839 1867 1875 
Group02_46.txt
178 366 624 707 1145 1167 1622 1646 1803 1821 1845 
Group02_50.txt
1328 1345 1384 1478 1488 
Group03_12.txt
946 
Group03_48.txt
900 
Group04_15.txt
1003 1035 
Group04_29.txt
3 14 83 123 145 163 215 250 262 315 341 383 480 503 534 553 578 589 612 
Group04_30.txt
8 89 170 733 
Group04_33.txt
543 
Group04_45.txt
141 
Group06_18.txt
1 48 74 101 141 365 402 501 526 535 555 717 741 778 
Group06_32.txt
430 
Group06_35.txt
201 205 209 
Group07_03.txt
254 
Group07_49.txt
1889 
Group08_04.txt
567 
Group08_18.txt
239 
Group08_23.txt
567 
Group09_38.txt
331 
Group11-05.txt
1797 
Group11-22.txt
254 
Group12_13.txt
989 
Group12_37.txt
298 
Group13_25.txt
2567 
Group13_34.txt
24 135 
