Group01_17.txt
0 15 153 163 300 
Group01_37.txt
175 228 285 313 
Group01_42.txt
19 140 
Group02_10.txt
23 49 
Group03_03.txt
39 
Group03_05.txt
18 42 336 389 457 494 531 795 
Group03_14.txt
32 90 350 
Group03_19.txt
843 
Group03_32.txt
813 826 
Group03_39.txt
796 809 
Group03_44.txt
1183 
Group03_45.txt
267 390 
Group03_49.txt
38 412 444 553 702 
Group04_03.txt
0 16 185 509 
Group04_05.txt
0 12 150 196 394 418 545 
Group04_06.txt
8 13 227 249 286 413 445 532 617 921 
Group04_12.txt
194 206 
Group04_22.txt
221 
Group05_01.txt
18 
Group05_03.txt
71 
Group05_07.txt
80 281 448 
Group05_09.txt
506 
Group05_13.txt
14 123 219 491 509 1057 
Group05_15.txt
150 245 373 
Group05_16.txt
378 
Group05_17.txt
0 51 273 311 906 915 
Group05_20.txt
494 798 
Group05_21.txt
5 15 26 88 112 139 273 356 409 440 485 716 800 869 
Group05_25.txt
257 812 
Group05_33.txt
118 
Group05_38.txt
9 60 141 158 
Group05_40.txt
0 18 91 
Group05_50.txt
278 406 
Group06_04.txt
0 20 47 75 111 215 272 341 380 427 
Group06_20.txt
85 253 287 375 418 
Group06_21.txt
53 201 
Group07_02.txt
469 503 
Group07_31.txt
165 319 325 481 515 654 683 698 728 892 894 964 1165 1247 1790 1819 1889 
Group08_01.txt
334 404 
Group08_03.txt
0 33 71 109 150 186 202 268 356 
Group08_06.txt
2 47 64 110 127 191 230 591 646 989 
Group08_07.txt
235 281 
Group08_10.txt
433 503 
Group08_12.txt
142 261 299 1039 
Group08_13.txt
522 537 813 980 1098 
Group08_15.txt
326 
Group08_28.txt
10 45 248 308 453 478 576 604 656 781 
Group08_31.txt
8 79 234 248 341 439 519 581 695 830 923 937 
Group10_01.txt
694 
Group10_10.txt
7 12 114 480 689 
Group10_14.txt
59 134 195 278 389 405 425 
Group10_15.txt
41 84 
Group10_16.txt
937 
Group10_19.txt
185 456 
Group10_25.txt
5 74 126 175 329 373 525 545 668 712 864 884 1099 1225 1279 
Group10_41.txt
161 
Group10_50.txt
0 39 160 392 
Group11-14.txt
7 87 1216 
Group11-20.txt
12 184 
Group11-31.txt
343 
Group12_01.txt
101 296 1062 1172 1358 
Group13_01.txt
121 268 321 383 405 
Group13_04.txt
0 17 44 92 121 133 159 227 257 325 909 1014 1033 1120 
Group13_06.txt
949 971 1034 
Group13_08.txt
49 1183 
Group13_10.txt
8 17 81 102 286 308 403 428 780 813 824 889 
Group13_11.txt
151 
Group13_16.txt
186 
Group13_18.txt
0 14 38 92 108 157 171 298 361 379 457 503 543 698 907 935 951 
Group13_21.txt
1765 
Group13_26.txt
527 688 2060 2266 4630 
Group13_31.txt
620 788 
Group13_35.txt
4 163 234 1039 1123 1492 
Group13_39.txt
1 41 48 71 90 150 167 459 510 515 693 1099 1252 1326 1757 1780 1799 2074 2081 2128 2133 2148 2153 
Group13_40.txt
856 894 
Group13_42.txt
49 75 614 
Group13_45.txt
444 517 
Group13_46.txt
31 71 90 140 336 351 
Group13_48.txt
1568 1612 2547 
Group13_50.txt
403 752 799 993 1102 
Group14_08.txt
336 
Group14_21.txt
0 11 68 86 145 218 244 278 290 353 366 449 
Group14_22.txt
8 100 369 434 560 
Group14_25.txt
1 15 84 138 157 376 547 
Group14_29.txt
0 12 129 165 188 291 345 433 484 487 
Group14_30.txt
909 
