Group01_05.txt
194 
Group01_07.txt
148 389 434 
Group01_09.txt
605 
Group01_13.txt
101 
Group01_16.txt
43 
Group01_19.txt
526 
Group01_20.txt
491 
Group01_22.txt
110 
Group01_23.txt
187 
Group01_26.txt
265 
Group01_28.txt
513 
Group01_29.txt
25 801 
Group01_32.txt
47 212 671 876 987 1073 
Group01_34.txt
38 273 301 315 539 
Group01_35.txt
504 1000 1274 
Group01_39.txt
51 
Group01_40.txt
93 731 
Group01_42.txt
224 
Group01_45.txt
219 
Group01_46.txt
206 
Group01_48.txt
156 
Group02_02.txt
577 835 961 
Group02_05.txt
203 649 
Group02_06.txt
87 92 100 432 460 464 474 
Group02_07.txt
38 88 155 453 
Group02_08.txt
92 
Group02_12.txt
357 
Group02_13.txt
570 630 
Group02_16.txt
662 
Group02_17.txt
150 
Group02_18.txt
122 507 2431 2579 2624 2846 2872 2931 3033 
Group02_19.txt
1174 1542 1571 
Group02_20.txt
2103 2432 2830 2974 
Group02_22.txt
125 2730 2979 3270 3311 
Group02_23.txt
67 535 561 601 683 854 978 1175 1559 
Group02_24.txt
209 222 234 322 456 519 592 649 758 1358 
Group02_25.txt
144 150 198 239 248 252 339 525 622 625 737 
Group02_26.txt
237 269 387 406 418 471 478 510 649 653 754 810 
Group02_27.txt
519 542 651 1326 1365 
Group02_28.txt
45 66 537 1214 1834 1860 2034 
Group02_29.txt
62 531 
Group02_30.txt
288 298 433 521 877 942 978 1411 1656 1837 2201 2567 2756 3155 3284 3293 3306 3364 3397 3427 3442 3924 3984 
Group02_31.txt
2012 
Group02_32.txt
89 121 133 342 1328 
Group02_33.txt
738 822 1482 2205 3220 3239 
Group02_34.txt
258 321 511 557 577 1019 1043 1105 
Group02_35.txt
323 979 
Group02_36.txt
34 1479 
Group02_37.txt
54 747 981 1361 
Group02_38.txt
940 1088 1937 2159 2418 3393 3452 
Group02_39.txt
515 733 1103 1115 1141 1178 1696 
Group02_40.txt
1058 1164 1194 1588 1677 2077 
Group02_41.txt
196 609 1442 1650 
Group02_42.txt
147 160 252 639 709 
Group02_44.txt
46 1005 1016 1171 1175 
Group02_45.txt
437 518 802 1200 1366 1557 1689 
Group02_46.txt
460 886 933 1020 1343 2001 2420 
Group02_47.txt
153 822 
Group02_48.txt
20 296 307 481 605 954 990 1001 1041 1077 1180 1248 1346 1396 2840 
Group02_49.txt
195 485 
Group02_50.txt
115 159 297 805 1415 1424 1452 
Group03_02.txt
58 
Group03_03.txt
491 690 747 
Group03_04.txt
1775 2286 
Group03_06.txt
2495 
Group03_07.txt
40 248 2096 2120 2291 
Group03_08.txt
707 
Group03_09.txt
420 440 482 536 580 
Group03_11.txt
707 956 
Group03_12.txt
165 
Group03_13.txt
39 211 
Group03_14.txt
209 309 466 
Group03_15.txt
129 
Group03_16.txt
882 
Group03_18.txt
278 326 776 845 860 870 985 1240 
Group03_21.txt
207 
Group03_24.txt
74 193 
Group03_27.txt
508 768 
Group03_28.txt
593 
Group03_29.txt
45 1773 1878 
Group03_30.txt
162 186 191 244 
Group03_31.txt
1189 
Group03_32.txt
867 
Group03_34.txt
79 1434 1441 
Group03_35.txt
721 
Group03_36.txt
778 1221 1250 
Group03_38.txt
689 
Group03_39.txt
850 
Group03_41.txt
116 
Group03_42.txt
26 
Group03_44.txt
180 755 
Group03_48.txt
220 
Group03_49.txt
373 601 
Group03_50.txt
250 
Group04_01.txt
188 564 
Group04_04.txt
465 
Group04_06.txt
72 691 799 
Group04_07.txt
42 1098 1119 
Group04_08.txt
261 685 
Group04_10.txt
85 230 248 1159 
Group04_11.txt
24 32 61 165 427 467 516 536 
Group04_13.txt
690 830 855 
Group04_15.txt
581 1079 
Group04_17.txt
653 
Group04_18.txt
321 
Group04_19.txt
204 285 
Group04_21.txt
25 701 885 
Group04_25.txt
434 
Group04_26.txt
242 
Group04_30.txt
763 872 1007 
Group04_33.txt
284 538 717 
Group04_35.txt
506 
Group04_37.txt
10 37 301 
Group04_39.txt
107 
Group04_41.txt
243 1134 
Group04_44.txt
220 
Group04_46.txt
549 592 
Group04_49.txt
301 
Group05_01.txt
85 
Group05_02.txt
57 329 
Group05_04.txt
188 652 655 995 1087 
Group05_09.txt
553 
Group05_11.txt
270 349 416 463 
Group05_14.txt
553 
Group05_16.txt
245 
Group05_19.txt
8 
Group05_20.txt
47 1051 
Group05_21.txt
281 429 
Group05_22.txt
368 
Group05_23.txt
22 314 377 1434 
Group05_25.txt
329 
Group05_26.txt
52 
Group05_27.txt
788 872 
Group05_29.txt
243 
Group05_30.txt
830 
Group05_32.txt
313 
Group05_35.txt
252 344 
Group05_43.txt
132 
Group05_44.txt
317 469 583 
Group05_45.txt
614 
Group05_48.txt
10 
Group05_49.txt
704 
Group06_02.txt
379 706 
Group06_03.txt
139 
Group06_08.txt
232 
Group06_10.txt
376 558 
Group06_13.txt
354 
Group06_14.txt
552 
Group06_15.txt
537 
Group06_16.txt
68 84 667 893 
Group06_17.txt
971 
Group06_18.txt
146 
Group06_23.txt
858 
Group06_25.txt
364 423 
Group06_26.txt
115 
Group06_27.txt
419 
Group06_28.txt
273 
Group06_29.txt
192 228 326 521 675 
Group06_31.txt
971 
Group06_35.txt
172 326 
Group06_36.txt
530 
Group06_38.txt
350 
Group06_40.txt
144 
Group06_42.txt
8 
Group06_45.txt
224 
Group06_46.txt
220 
Group06_47.txt
614 
Group06_48.txt
351 
Group06_50.txt
155 545 
Group07_01.txt
499 875 
Group07_03.txt
352 1756 
Group07_04.txt
424 
Group07_05.txt
69 326 705 
Group07_06.txt
251 381 620 
Group07_07.txt
259 722 1386 
Group07_09.txt
124 
Group07_12.txt
372 
Group07_16.txt
275 
Group07_18.txt
955 
Group07_19.txt
772 
Group07_21.txt
102 148 739 801 859 
Group07_23.txt
429 547 
Group07_24.txt
145 1041 
Group07_28.txt
128 141 335 465 
Group07_30.txt
322 
Group07_32.txt
254 281 286 
Group07_33.txt
47 
Group07_34.txt
48 
Group07_36.txt
436 537 800 1374 
Group07_38.txt
976 
Group07_39.txt
279 
Group07_41.txt
347 
Group07_42.txt
40 83 237 569 
Group07_43.txt
430 
Group07_45.txt
431 
Group07_49.txt
1147 
Group07_50.txt
47 
Group08_03.txt
509 
Group08_04.txt
161 190 
Group08_05.txt
28 64 
Group08_09.txt
745 
Group08_12.txt
664 938 
Group08_14.txt
143 
Group08_15.txt
208 489 
Group08_16.txt
324 538 670 1333 1340 1366 
Group08_17.txt
692 905 
Group08_18.txt
414 503 
Group08_20.txt
1311 
Group08_22.txt
156 218 275 
Group08_23.txt
161 190 
Group08_24.txt
933 
Group08_26.txt
17 143 
Group08_28.txt
617 
Group08_30.txt
130 
Group08_35.txt
254 
Group08_37.txt
112 
Group08_39.txt
324 
Group08_41.txt
57 
Group08_43.txt
141 
Group08_47.txt
12 358 
Group08_48.txt
298 
Group09_02.txt
20 168 
Group09_04.txt
380 
Group09_05.txt
288 859 919 924 969 994 
Group09_06.txt
230 
Group09_09.txt
347 890 906 
Group09_12.txt
133 373 
Group09_13.txt
399 421 
Group09_14.txt
497 795 
Group09_15.txt
144 
Group09_17.txt
89 
Group09_21.txt
1150 
Group09_23.txt
369 384 408 541 
Group09_24.txt
140 211 282 464 502 554 
Group09_26.txt
605 
Group09_27.txt
452 
Group09_30.txt
474 605 
Group09_33.txt
200 245 343 472 
Group09_34.txt
202 593 
Group09_35.txt
502 
Group09_39.txt
566 
Group09_41.txt
272 442 
Group09_43.txt
327 
Group09_45.txt
245 454 
Group09_46.txt
197 650 
Group09_47.txt
196 
Group09_48.txt
163 372 
Group09_49.txt
45 440 544 666 
Group09_50.txt
445 
Group10_01.txt
221 264 
Group10_02.txt
366 
Group10_03.txt
481 
Group10_04.txt
317 346 397 424 560 
Group10_05.txt
781 
Group10_06.txt
47 
Group10_08.txt
24 124 151 
Group10_09.txt
965 
Group10_11.txt
701 770 
Group10_13.txt
395 
Group10_15.txt
282 504 
Group10_16.txt
463 954 
Group10_17.txt
764 952 
Group10_19.txt
194 219 
Group10_21.txt
278 380 
Group10_22.txt
226 253 329 
Group10_26.txt
366 
Group10_27.txt
230 248 863 
Group10_29.txt
331 404 835 
Group10_31.txt
510 
Group10_32.txt
609 
Group10_33.txt
91 116 1611 
Group10_34.txt
519 
Group10_35.txt
311 1173 1416 1623 
Group10_36.txt
515 885 
Group10_37.txt
792 
Group10_38.txt
655 
Group10_39.txt
572 836 
Group10_40.txt
636 
Group10_43.txt
322 
Group10_44.txt
255 
Group10_47.txt
332 590 594 
Group11-02.txt
688 
Group11-03.txt
402 
Group11-04.txt
358 384 
Group11-05.txt
509 762 787 1353 2269 2349 
Group11-08.txt
96 129 
Group11-09.txt
402 
Group11-14.txt
514 
Group11-15.txt
877 1450 
Group11-16.txt
1662 
Group11-19.txt
276 393 659 
Group11-21.txt
510 680 
Group11-22.txt
603 
Group11-25.txt
590 
Group11-28.txt
352 864 
Group11-29.txt
235 486 
Group11-38.txt
584 
Group11-39.txt
583 
Group11-41.txt
237 257 394 399 404 416 
Group11-42.txt
155 
Group11-43.txt
181 
Group11-44.txt
71 171 
Group11-45.txt
425 571 
Group11-46.txt
688 697 1148 1223 1459 
Group11-48.txt
32 514 558 
Group11-49.txt
446 
Group11-50.txt
349 465 510 765 
Group12_01.txt
626 774 1092 
Group12_03.txt
687 859 1111 
Group12_04.txt
1326 2593 
Group12_08.txt
441 
Group12_09.txt
162 408 
Group12_13.txt
138 1141 1175 1408 1468 1739 1847 
Group12_15.txt
211 337 614 
Group12_16.txt
414 490 
Group12_25.txt
123 
Group12_26.txt
498 
Group12_29.txt
9 373 487 
Group12_30.txt
585 
Group12_31.txt
391 
Group12_33.txt
445 
Group12_34.txt
6 26 98 183 
Group12_36.txt
179 387 
Group12_38.txt
653 
Group12_39.txt
553 657 
Group12_43.txt
550 
Group12_44.txt
74 279 311 
Group12_45.txt
37 154 
Group12_48.txt
19 128 142 
Group12_49.txt
322 714 1544 
Group12_50.txt
138 152 308 
Group13_02.txt
61 172 468 1247 1357 
Group13_03.txt
106 
Group13_05.txt
2001 
Group13_08.txt
1018 
Group13_09.txt
529 979 1899 
Group13_10.txt
15 100 350 608 650 
Group13_14.txt
103 435 482 
Group13_15.txt
445 
Group13_16.txt
55 113 
Group13_18.txt
415 
Group13_22.txt
127 555 715 979 2948 3460 3797 3821 3955 4421 4569 4598 4782 4853 4962 5255 5380 5712 5785 5851 5902 6500 8520 9154 9205 9226 9255 9798 10136 10172 10768 10907 10998 11246 11353 14411 14496 14539 14652 15325 15383 
Group13_24.txt
257 2117 3760 4813 5527 
Group13_25.txt
491 1028 1925 
Group13_26.txt
626 1091 3092 3185 4328 5635 5754 6458 8511 8527 8636 8657 9795 
Group13_27.txt
72 1300 2945 
Group13_28.txt
3052 3088 3094 
Group13_29.txt
906 1661 2011 2794 4883 4904 4930 5203 
Group13_30.txt
238 275 390 2767 2910 3387 3978 
Group13_32.txt
939 1288 1409 
Group13_33.txt
86 
Group13_35.txt
892 1177 
Group13_36.txt
169 809 846 854 
Group13_37.txt
299 
Group13_38.txt
509 
Group13_40.txt
260 326 
Group13_41.txt
189 269 810 1032 1243 1343 1394 
Group13_42.txt
1206 
Group13_43.txt
485 1082 1269 1301 
Group13_44.txt
515 574 2754 
Group13_48.txt
2030 2093 
Group13_49.txt
930 987 1741 1888 
Group13_50.txt
1104 
Group14_02.txt
118 
Group14_04.txt
356 
Group14_06.txt
472 474 490 
Group14_07.txt
228 521 
Group14_13.txt
28 
Group14_16.txt
87 352 
Group14_20.txt
676 
Group14_22.txt
493 
Group14_24.txt
190 510 574 578 607 
Group14_25.txt
381 
Group14_27.txt
389 
Group14_28.txt
87 162 439 
Group14_29.txt
39 
Group14_30.txt
500 859 
Group14_31.txt
16 539 
Group14_32.txt
722 1016 
Group14_33.txt
547 
Group14_38.txt
759 
Group14_39.txt
301 
Group14_42.txt
292 557 
Group14_43.txt
69 
Group14_44.txt
918 921 
Group14_46.txt
100 208 
Group14_47.txt
255 
Group14_50.txt
459 
