Group01_19.txt
85 122 210 230 311 349 397 
Group01_30.txt
307 
Group03_30.txt
1599 
Group03_31.txt
532 
Group03_38.txt
7 54 98 160 187 211 226 239 274 318 454 464 485 498 537 546 552 628 738 778 
Group03_46.txt
1 17 302 379 412 470 555 579 
Group03_50.txt
268 
Group04_42.txt
0 11 30 92 108 124 170 190 266 357 454 463 489 553 
Group05_10.txt
124 668 
Group07_18.txt
64 237 272 301 476 612 617 669 1133 
Group08_02.txt
1 21 72 234 268 393 429 441 448 510 532 565 
Group08_29.txt
605 1127 1163 1537 
Group08_47.txt
10 85 108 162 198 227 270 344 370 417 442 
Group10_03.txt
0 12 39 124 243 360 411 460 502 518 792 960 
Group10_23.txt
0 146 166 244 283 357 381 424 466 493 568 618 
