Group01_06.txt
534 
Group01_17.txt
149 
Group01_20.txt
471 684 
Group01_34.txt
7 30 48 88 148 172 194 206 227 262 326 356 416 455 546 618 690 692 705 
Group01_39.txt
595 
Group01_49.txt
125 
Group02_11.txt
219 
Group02_15.txt
341 
Group05_27.txt
836 
Group05_34.txt
153 
Group05_48.txt
393 
Group06_02.txt
109 777 
Group06_23.txt
38 
Group08_30.txt
1303 
Group09_47.txt
177 
Group09_50.txt
157 
Group10_27.txt
92 
Group10_30.txt
18 61 
Group10_32.txt
386 688 
Group10_33.txt
703 
Group10_37.txt
115 202 
Group10_39.txt
26 45 59 158 258 265 396 478 529 560 623 640 706 719 
Group10_42.txt
168 388 
Group10_44.txt
292 611 
Group10_45.txt
344 
Group10_46.txt
478 
Group10_47.txt
359 
Group10_48.txt
455 
Group10_49.txt
280 698 
Group11-02.txt
126 527 550 643 844 
Group11-08.txt
4 
Group11-10.txt
151 451 
Group11-16.txt
2600 
Group11-17.txt
177 
Group11-28.txt
411 883 
Group11-36.txt
0 
Group11-39.txt
103 
Group11-45.txt
939 
Group12_02.txt
809 1990 
Group12_04.txt
603 
Group12_07.txt
1119 1144 
Group12_09.txt
656 
Group12_13.txt
327 359 1124 1265 1438 
Group12_15.txt
78 
Group12_19.txt
59 
Group12_35.txt
555 611 
Group12_44.txt
233 426 537 552 572 
Group13_15.txt
64 533 
Group13_22.txt
53 98 123 1125 1307 1444 1720 1772 1814 1854 1863 1879 2311 2332 2957 3206 3520 5140 5188 5497 5590 8580 
Group13_29.txt
54 57 731 1066 1519 3727 4172 4963 5246 5389 
Group13_36.txt
321 1172 
Group13_37.txt
127 229 239 521 1209 1402 1524 
Group13_41.txt
409 
Group13_48.txt
1676 
