Group02_02.txt
289 
Group03_03.txt
21 159 217 513 
Group03_10.txt
64 80 103 204 238 291 295 378 393 405 483 502 539 592 661 710 738 822 850 962 1013 
Group03_16.txt
29 152 214 449 702 
Group03_20.txt
279 828 
Group03_21.txt
998 
Group03_22.txt
258 301 484 
Group03_24.txt
97 
Group03_28.txt
794 835 
Group03_31.txt
2002 
Group04_15.txt
61 163 688 703 793 844 935 1026 1056 1146 1184 1209 
Group05_20.txt
896 
Group05_37.txt
99 
Group06_09.txt
67 538 
Group07_10.txt
40 
Group07_45.txt
307 
Group09_03.txt
14 265 324 342 363 450 
Group09_26.txt
1162 
Group09_29.txt
499 509 
Group09_43.txt
672 
Group10_11.txt
679 
Group10_12.txt
586 
Group13_05.txt
1173 
Group13_13.txt
205 
Group13_26.txt
9 
Group13_49.txt
1417 1424 
Group14_34.txt
144 
