Group01_03.txt
630 797 808 
Group01_06.txt
559 596 602 633 821 1107 
Group01_07.txt
319 
Group01_08.txt
354 408 913 
Group01_09.txt
64 98 451 537 612 687 
Group01_10.txt
409 
Group01_11.txt
224 234 937 966 
Group01_12.txt
345 549 712 
Group01_14.txt
65 178 286 471 
Group01_15.txt
55 
Group01_17.txt
233 349 
Group01_18.txt
135 248 
Group01_19.txt
699 
Group01_20.txt
162 275 
Group01_21.txt
286 375 
Group01_23.txt
581 
Group01_27.txt
138 195 
Group01_28.txt
302 397 
Group01_29.txt
142 
Group01_31.txt
443 
Group01_33.txt
189 349 
Group01_34.txt
711 
Group01_35.txt
98 227 824 
Group01_37.txt
184 414 
Group01_38.txt
284 373 
Group01_39.txt
40 307 
Group01_40.txt
106 233 
Group01_41.txt
23 
Group01_42.txt
470 
Group01_43.txt
302 
Group01_44.txt
179 201 438 
Group01_45.txt
459 
Group01_46.txt
69 
Group01_48.txt
8 142 274 
Group01_49.txt
192 295 570 588 
Group01_50.txt
396 
Group02_01.txt
291 507 
Group02_02.txt
995 
Group02_03.txt
576 704 903 
Group02_04.txt
745 
Group02_05.txt
564 
Group02_07.txt
16 45 160 206 303 323 337 519 546 804 
Group02_08.txt
349 380 
Group02_09.txt
517 
Group02_10.txt
690 833 
Group02_11.txt
151 163 
Group02_13.txt
548 
Group02_14.txt
37 94 175 
Group02_15.txt
268 504 
Group02_16.txt
341 
Group02_17.txt
124 735 
Group02_18.txt
268 1165 2096 2264 2713 2820 3136 
Group02_19.txt
70 766 882 1050 
Group02_20.txt
686 2817 
Group02_21.txt
1277 1315 2059 2460 2826 
Group02_22.txt
10 42 179 713 856 1339 1800 2291 2488 2501 2542 2604 3279 3481 3496 3540 
Group02_24.txt
259 706 1118 1201 1366 1411 1466 
Group02_25.txt
620 944 1163 1253 
Group02_26.txt
220 
Group02_27.txt
451 
Group02_28.txt
569 607 617 736 1109 1653 1980 2118 
Group02_29.txt
845 863 890 
Group02_30.txt
46 1122 1232 1305 
Group02_31.txt
226 340 607 752 833 1125 2325 
Group02_34.txt
1088 
Group02_36.txt
375 1632 
Group02_38.txt
1510 3067 3094 3383 3434 3574 
Group02_39.txt
226 
Group02_40.txt
21 231 1828 2237 2316 
Group02_41.txt
328 
Group02_43.txt
370 1185 1593 
Group02_44.txt
92 672 683 708 1233 
Group02_45.txt
1732 
Group02_48.txt
1874 1890 
Group02_49.txt
402 1971 4053 4349 
Group02_50.txt
2026 
Group03_01.txt
221 279 493 
Group03_02.txt
254 547 698 771 
Group03_03.txt
622 946 
Group03_04.txt
80 125 144 417 589 729 777 1595 2188 2198 
Group03_05.txt
397 1020 
Group03_06.txt
504 
Group03_07.txt
960 2408 
Group03_08.txt
567 
Group03_11.txt
429 
Group03_12.txt
742 
Group03_13.txt
691 870 
Group03_14.txt
1167 
Group03_15.txt
366 544 
Group03_16.txt
688 
Group03_17.txt
225 580 670 
Group03_18.txt
680 
Group03_20.txt
23 193 686 738 949 976 
Group03_21.txt
825 1094 1920 
Group03_22.txt
910 1149 
Group03_23.txt
65 274 
Group03_24.txt
45 214 288 418 630 957 1095 1127 1576 
Group03_25.txt
466 
Group03_26.txt
511 1097 1099 1123 1136 1328 
Group03_27.txt
6 358 1662 
Group03_28.txt
141 587 678 709 
Group03_29.txt
128 1174 1507 1577 1586 1604 1619 1726 1945 2019 
Group03_30.txt
692 
Group03_32.txt
887 905 1426 1443 
Group03_34.txt
85 1133 1264 2012 2115 2406 
Group03_35.txt
986 1257 
Group03_36.txt
1297 
Group03_37.txt
306 1822 1871 
Group03_38.txt
353 
Group03_39.txt
870 888 
Group03_41.txt
305 
Group03_42.txt
109 1192 1528 1598 1607 1625 1640 
Group03_43.txt
132 
Group03_44.txt
72 93 1301 
Group03_45.txt
42 207 483 518 
Group03_47.txt
199 
Group03_49.txt
238 476 
Group03_50.txt
1033 1282 
Group04_01.txt
107 520 534 706 805 
Group04_06.txt
722 
Group04_07.txt
92 
Group04_08.txt
314 
Group04_10.txt
639 
Group04_11.txt
262 340 584 
Group04_12.txt
411 
Group04_13.txt
92 210 1011 
Group04_14.txt
340 
Group04_16.txt
315 
Group04_17.txt
608 
Group04_19.txt
172 473 
Group04_21.txt
522 539 
Group04_22.txt
333 
Group04_23.txt
499 646 
Group04_27.txt
420 
Group04_28.txt
308 345 
Group04_30.txt
80 161 404 1037 
Group04_36.txt
21 293 
Group04_37.txt
41 
Group04_38.txt
17 195 233 473 
Group04_39.txt
969 
Group04_40.txt
354 563 583 
Group04_41.txt
72 104 802 816 959 1011 1022 1121 
Group04_42.txt
111 
Group04_43.txt
417 440 
Group04_44.txt
6 246 438 
Group04_46.txt
277 
Group04_47.txt
614 
Group04_49.txt
53 116 
Group04_50.txt
95 
Group05_02.txt
43 410 923 
Group05_03.txt
47 
Group05_04.txt
93 933 1082 
Group05_05.txt
145 
Group05_08.txt
51 
Group05_09.txt
477 
Group05_13.txt
405 659 1204 
Group05_14.txt
73 101 214 
Group05_15.txt
142 
Group05_16.txt
343 972 
Group05_18.txt
728 
Group05_19.txt
30 599 649 695 
Group05_20.txt
279 487 818 
Group05_22.txt
77 179 393 543 
Group05_23.txt
480 870 1175 
Group05_24.txt
584 
Group05_25.txt
473 662 
Group05_26.txt
758 
Group05_28.txt
265 336 
Group05_30.txt
64 
Group05_35.txt
138 
Group05_36.txt
134 
Group05_39.txt
13 94 228 262 
Group05_40.txt
113 
Group05_43.txt
398 
Group05_44.txt
65 412 880 997 
Group05_45.txt
607 845 
Group05_48.txt
492 
Group05_49.txt
21 200 237 306 
Group05_50.txt
197 
Group06_04.txt
475 
Group06_05.txt
643 725 
Group06_09.txt
507 
Group06_10.txt
274 
Group06_11.txt
144 
Group06_12.txt
232 
Group06_13.txt
228 
Group06_14.txt
696 
Group06_15.txt
312 864 
Group06_16.txt
815 874 
Group06_17.txt
790 
Group06_18.txt
633 
Group06_20.txt
407 665 723 
Group06_21.txt
112 275 812 
Group06_22.txt
91 98 169 197 
Group06_23.txt
331 650 
Group06_24.txt
199 
Group06_26.txt
363 
Group06_27.txt
366 
Group06_28.txt
583 
Group06_31.txt
790 
Group06_36.txt
39 
Group06_38.txt
475 
Group06_39.txt
184 376 483 
Group06_41.txt
84 
Group06_45.txt
504 
Group06_47.txt
581 
Group06_50.txt
513 
Group07_02.txt
178 284 547 735 
Group07_03.txt
17 869 1588 1781 1870 1932 
Group07_04.txt
519 561 1069 1076 
Group07_05.txt
43 84 182 349 423 879 940 
Group07_06.txt
572 576 707 
Group07_07.txt
89 174 237 300 684 798 1350 
Group07_08.txt
144 151 306 332 472 
Group07_09.txt
683 
Group07_11.txt
3 46 378 
Group07_12.txt
406 
Group07_13.txt
175 353 
Group07_15.txt
271 
Group07_17.txt
105 229 247 
Group07_18.txt
459 474 686 1242 1249 
Group07_19.txt
280 639 
Group07_21.txt
121 614 
Group07_22.txt
845 
Group07_23.txt
163 509 
Group07_24.txt
85 648 773 1231 1394 1742 2050 
Group07_25.txt
411 
Group07_26.txt
168 172 747 762 
Group07_28.txt
53 548 
Group07_29.txt
390 
Group07_30.txt
355 
Group07_31.txt
442 717 838 981 1046 
Group07_33.txt
304 538 
Group07_34.txt
272 523 644 
Group07_35.txt
335 498 
Group07_36.txt
261 942 
Group07_37.txt
1033 1080 1268 
Group07_38.txt
78 237 805 818 822 
Group07_39.txt
44 449 555 576 
Group07_40.txt
646 
Group07_41.txt
242 252 612 
Group07_42.txt
631 740 
Group07_43.txt
282 
Group07_44.txt
843 
Group07_45.txt
152 195 216 247 373 436 
Group07_46.txt
516 601 730 
Group07_47.txt
4 40 435 
Group07_48.txt
615 638 
Group07_49.txt
63 216 275 632 887 961 1168 1545 1689 
Group08_01.txt
34 
Group08_02.txt
89 130 242 
Group08_04.txt
122 768 
Group08_05.txt
335 354 
Group08_06.txt
253 1157 
Group08_08.txt
161 
Group08_09.txt
327 741 
Group08_10.txt
133 
Group08_11.txt
727 777 
Group08_13.txt
1055 
Group08_14.txt
562 599 
Group08_15.txt
272 
Group08_16.txt
205 212 443 551 669 757 848 1303 1640 1673 
Group08_17.txt
909 
Group08_19.txt
565 
Group08_20.txt
312 383 415 1433 
Group08_21.txt
181 
Group08_23.txt
122 769 
Group08_24.txt
419 553 702 1049 
Group08_25.txt
3 11 37 132 276 1202 
Group08_27.txt
228 
Group08_28.txt
180 
Group08_29.txt
145 372 388 404 471 608 817 1253 
Group08_30.txt
207 1007 1479 
Group08_31.txt
667 848 
Group08_32.txt
84 160 
Group08_34.txt
7 30 229 297 478 
Group08_35.txt
2 63 347 361 
Group08_36.txt
272 291 310 
Group08_37.txt
266 
Group08_40.txt
274 421 
Group08_43.txt
110 
Group08_44.txt
81 
Group08_45.txt
93 
Group08_47.txt
43 482 505 
Group08_48.txt
158 188 313 328 339 371 380 
Group08_50.txt
59 131 
Group09_02.txt
400 
Group09_06.txt
193 398 
Group09_09.txt
156 652 
Group09_11.txt
79 196 215 583 
Group09_15.txt
61 
Group09_17.txt
58 219 566 
Group09_18.txt
165 438 499 
Group09_20.txt
474 
Group09_21.txt
128 254 
Group09_22.txt
354 
Group09_23.txt
539 579 
Group09_24.txt
333 
Group09_26.txt
408 812 915 
Group09_29.txt
517 
Group09_30.txt
37 561 
Group09_32.txt
239 
Group09_34.txt
443 
Group09_35.txt
480 764 
Group09_36.txt
314 
Group09_37.txt
626 1226 
Group09_39.txt
22 
Group09_40.txt
653 
Group09_42.txt
580 
Group09_43.txt
248 
Group09_45.txt
27 323 577 
Group09_46.txt
1 301 350 
Group09_47.txt
466 
Group09_49.txt
644 
Group10_01.txt
253 594 
Group10_03.txt
89 303 409 
Group10_04.txt
271 
Group10_05.txt
26 275 
Group10_06.txt
182 583 
Group10_09.txt
793 840 998 1032 
Group10_13.txt
203 309 
Group10_14.txt
448 
Group10_15.txt
548 682 
Group10_16.txt
475 
Group10_17.txt
567 
Group10_20.txt
254 352 
Group10_21.txt
181 
Group10_22.txt
780 
Group10_23.txt
93 
Group10_24.txt
14 385 523 755 866 1168 1274 1285 
Group10_27.txt
304 
Group10_28.txt
129 915 
Group10_30.txt
56 
Group10_31.txt
140 174 297 358 514 600 637 
Group10_32.txt
76 215 
Group10_33.txt
212 1034 
Group10_34.txt
379 
Group10_35.txt
403 748 796 1178 
Group10_37.txt
251 333 550 600 
Group10_38.txt
397 
Group10_39.txt
610 
Group10_40.txt
299 
Group10_41.txt
541 
Group10_43.txt
113 198 365 374 460 647 658 808 888 1148 
Group10_44.txt
522 828 
Group10_45.txt
651 
Group10_46.txt
338 
Group10_47.txt
1023 
Group10_49.txt
131 
Group11-01.txt
81 563 569 
Group11-03.txt
180 
Group11-04.txt
482 
Group11-05.txt
679 
Group11-08.txt
453 
Group11-09.txt
368 
Group11-10.txt
541 
Group11-12.txt
235 382 438 
Group11-13.txt
695 
Group11-14.txt
5 156 415 435 1066 
Group11-15.txt
130 264 1620 2355 
Group11-16.txt
263 303 372 1161 1271 1412 2544 3193 3200 
Group11-17.txt
181 225 726 
Group11-19.txt
27 628 
Group11-20.txt
504 1136 1139 1197 1206 1303 1326 
Group11-21.txt
229 
Group11-22.txt
116 322 
Group11-24.txt
54 147 162 182 296 385 391 425 1046 1145 1560 1791 1801 1843 2457 2469 2499 
Group11-25.txt
191 348 400 
Group11-27.txt
75 100 
Group11-28.txt
433 921 
Group11-29.txt
4 35 632 708 
Group11-30.txt
286 343 584 
Group11-31.txt
443 
Group11-32.txt
334 757 
Group11-33.txt
342 437 571 
Group11-34.txt
52 76 362 
Group11-35.txt
135 
Group11-37.txt
795 
Group11-38.txt
57 240 
Group11-39.txt
145 680 
Group11-40.txt
355 685 
Group11-43.txt
286 311 
Group11-44.txt
136 401 535 
Group11-45.txt
169 392 512 788 
Group11-46.txt
997 
Group11-47.txt
759 845 
Group11-50.txt
475 938 
Group12_02.txt
842 996 
Group12_03.txt
498 597 634 867 1361 
Group12_04.txt
1960 
Group12_05.txt
69 106 247 387 672 
Group12_06.txt
32 221 628 647 1280 
Group12_07.txt
18 1105 1116 1138 
Group12_08.txt
342 472 
Group12_09.txt
453 502 
Group12_10.txt
556 570 
Group12_13.txt
1277 1738 1830 
Group12_14.txt
345 658 677 949 
Group12_16.txt
418 
Group12_17.txt
174 332 
Group12_18.txt
319 
Group12_19.txt
564 887 
Group12_20.txt
19 97 123 314 
Group12_21.txt
382 
Group12_22.txt
182 
Group12_23.txt
216 449 
Group12_26.txt
207 599 620 
Group12_27.txt
49 250 
Group12_28.txt
469 
Group12_29.txt
87 141 179 
Group12_30.txt
553 
Group12_32.txt
114 
Group12_33.txt
372 
Group12_35.txt
20 40 151 229 
Group12_36.txt
412 475 
Group12_37.txt
444 
Group12_38.txt
116 182 226 
Group12_39.txt
547 613 
Group12_41.txt
458 
Group12_42.txt
422 836 1240 1320 
Group12_46.txt
213 281 285 434 646 
Group12_47.txt
210 248 280 
Group12_49.txt
676 1292 1769 1778 2051 2071 2572 2690 
Group12_50.txt
125 176 394 426 443 487 
Group13_02.txt
2165 
Group13_04.txt
1187 
Group13_05.txt
656 1560 
Group13_06.txt
105 402 589 1084 1564 1575 1583 2724 
Group13_07.txt
228 318 
Group13_08.txt
55 
Group13_09.txt
105 127 639 1318 1512 
Group13_12.txt
217 705 
Group13_14.txt
631 
Group13_18.txt
671 
Group13_19.txt
97 
Group13_20.txt
808 
Group13_21.txt
573 2097 
Group13_22.txt
2021 2171 2222 3283 4191 4492 4573 4590 4755 4875 5114 5191 5369 5795 5835 6219 6247 6420 6452 6993 7140 7289 8578 10352 10920 11085 12310 12652 13122 13163 13262 13558 14506 14534 14601 14711 15049 15128 15167 15198 15962 16575 16617 
Group13_23.txt
499 559 1005 1441 1585 1921 2182 2314 2347 2764 3694 
Group13_24.txt
710 1090 1223 1401 1996 2171 2294 2328 3151 3781 4528 5585 
Group13_25.txt
387 1005 1239 2456 
Group13_26.txt
618 965 1248 1592 1625 2061 4681 4863 5081 5301 5413 6154 6838 6876 6899 7011 7975 8383 8482 8514 8829 
Group13_27.txt
255 276 1773 1973 2017 
Group13_28.txt
182 338 655 1944 2341 3069 3190 
Group13_29.txt
1124 2024 2190 3824 4052 4149 
Group13_30.txt
146 183 357 644 731 777 864 880 927 1442 1599 1674 1820 1888 2351 2485 2704 2731 2945 3306 3687 3715 3808 3837 3858 
Group13_32.txt
795 968 1002 
Group13_33.txt
14 168 255 343 464 569 875 916 1658 1817 1921 
Group13_35.txt
565 
Group13_36.txt
13 128 200 322 371 424 547 1004 1013 1090 1137 1329 
Group13_37.txt
920 
Group13_39.txt
956 1111 1207 1220 1565 
Group13_40.txt
859 
Group13_41.txt
402 530 611 726 784 1648 
Group13_42.txt
1386 
Group13_43.txt
1495 1506 1737 
Group13_44.txt
213 320 424 1324 1365 1378 2055 2643 2700 3574 
Group13_45.txt
112 132 312 465 1252 1531 
Group13_46.txt
1956 
Group13_47.txt
732 799 1034 1692 
Group13_48.txt
221 2643 
Group13_49.txt
1380 
Group14_01.txt
414 
Group14_02.txt
314 
Group14_03.txt
154 
Group14_04.txt
263 271 
Group14_05.txt
479 
Group14_06.txt
59 280 
Group14_07.txt
291 
Group14_08.txt
118 
Group14_09.txt
490 
Group14_10.txt
114 
Group14_11.txt
223 461 
Group14_15.txt
110 289 429 
Group14_16.txt
116 
Group14_17.txt
444 
Group14_18.txt
12 225 
Group14_19.txt
283 501 
Group14_20.txt
684 893 
Group14_21.txt
435 
Group14_22.txt
301 
Group14_23.txt
348 365 
Group14_24.txt
42 
Group14_25.txt
362 
Group14_26.txt
222 312 681 794 911 
Group14_27.txt
43 476 
Group14_30.txt
312 723 
Group14_31.txt
815 856 
Group14_32.txt
411 498 
Group14_34.txt
477 
Group14_35.txt
501 731 1060 1189 
Group14_36.txt
423 527 539 
Group14_37.txt
403 457 501 521 
Group14_38.txt
376 519 908 
Group14_39.txt
595 604 
Group14_40.txt
347 600 786 954 
Group14_41.txt
186 370 995 
Group14_42.txt
348 520 541 597 
Group14_43.txt
55 
Group14_44.txt
139 881 975 
Group14_45.txt
240 287 
Group14_46.txt
506 778 
Group14_47.txt
160 429 638 
Group14_48.txt
402 
Group14_49.txt
77 648 
Group14_50.txt
267 
