Group01_01.txt
56 
Group01_04.txt
246 
Group01_06.txt
153 1202 
Group01_07.txt
620 628 
Group01_08.txt
1170 
Group01_09.txt
782 
Group01_15.txt
46 
Group01_16.txt
261 
Group01_17.txt
92 185 268 287 
Group01_19.txt
482 719 
Group01_21.txt
329 
Group01_23.txt
118 556 
Group01_24.txt
246 
Group01_25.txt
15 179 261 275 333 363 412 1116 
Group01_28.txt
484 
Group01_30.txt
147 196 321 512 548 
Group01_31.txt
28 
Group01_33.txt
268 
Group01_35.txt
109 138 347 388 674 
Group01_37.txt
22 
Group01_38.txt
327 
Group01_39.txt
393 
Group01_41.txt
259 
Group01_42.txt
229 407 
Group01_44.txt
106 
Group01_46.txt
204 336 521 
Group01_48.txt
63 152 207 216 227 338 468 
Group01_49.txt
257 
Group02_01.txt
321 
Group02_03.txt
872 930 
Group02_04.txt
50 397 596 
Group02_05.txt
373 436 
Group02_06.txt
3 241 769 900 
Group02_07.txt
803 
Group02_09.txt
741 
Group02_10.txt
98 225 335 379 433 
Group02_11.txt
252 759 
Group02_12.txt
349 764 
Group02_13.txt
21 689 691 824 
Group02_17.txt
435 657 
Group02_18.txt
162 1080 2524 2550 
Group02_20.txt
937 
Group02_23.txt
644 1017 
Group02_24.txt
1272 1481 
Group02_25.txt
529 
Group02_27.txt
158 169 1543 1620 1843 
Group02_28.txt
445 698 727 2024 
Group02_29.txt
141 1087 1099 
Group02_30.txt
1107 1919 2563 3313 3436 
Group02_32.txt
138 262 1295 1778 2454 
Group02_33.txt
847 954 1170 1276 2327 3256 
Group02_36.txt
292 1112 1725 
Group02_38.txt
2348 
Group02_39.txt
27 1510 
Group02_40.txt
620 1077 1390 
Group02_41.txt
533 1585 
Group02_43.txt
918 
Group02_44.txt
675 1431 1488 
Group02_47.txt
105 
Group02_48.txt
517 1212 1441 1754 1805 2562 
Group02_49.txt
235 876 2476 2530 
Group02_50.txt
450 810 
Group03_01.txt
310 
Group03_02.txt
382 520 707 
Group03_03.txt
80 579 673 1241 1253 1278 
Group03_04.txt
73 497 1668 
Group03_05.txt
823 860 989 
Group03_06.txt
212 
Group03_09.txt
351 634 
Group03_10.txt
39 825 858 
Group03_11.txt
893 
Group03_14.txt
789 941 1019 1126 1258 
Group03_16.txt
727 
Group03_18.txt
771 
Group03_20.txt
959 
Group03_21.txt
1770 
Group03_25.txt
328 427 667 
Group03_27.txt
576 1430 
Group03_29.txt
369 1359 
Group03_30.txt
836 
Group03_32.txt
359 
Group03_33.txt
281 418 563 957 1054 
Group03_34.txt
1559 2322 2458 
Group03_35.txt
1241 
Group03_36.txt
234 527 617 734 798 904 919 1716 
Group03_38.txt
245 723 
Group03_39.txt
342 
Group03_40.txt
260 397 542 936 1033 
Group03_42.txt
353 1377 
Group03_44.txt
76 213 461 806 1004 
Group04_01.txt
448 598 
Group04_02.txt
13 
Group04_03.txt
43 68 529 566 
Group04_04.txt
184 309 510 
Group04_05.txt
346 
Group04_06.txt
324 354 416 438 487 540 574 692 
Group04_07.txt
167 1128 
Group04_09.txt
10 64 75 96 251 647 655 658 
Group04_10.txt
97 131 675 
Group04_11.txt
544 
Group04_19.txt
33 
Group04_20.txt
187 
Group04_22.txt
395 
Group04_24.txt
577 671 
Group04_26.txt
0 14 315 760 
Group04_28.txt
568 588 
Group04_31.txt
25 
Group04_33.txt
677 
Group04_35.txt
359 
Group04_36.txt
99 
Group04_37.txt
33 
Group04_38.txt
173 
Group04_39.txt
809 
Group04_43.txt
41 485 532 
Group04_44.txt
697 
Group04_45.txt
334 
Group04_46.txt
291 705 
Group04_47.txt
434 672 
Group04_48.txt
200 307 
Group04_50.txt
616 
Group05_01.txt
74 97 166 
Group05_03.txt
68 245 
Group05_04.txt
160 200 367 412 622 660 1113 
Group05_05.txt
6 11 227 
Group05_07.txt
65 107 313 412 514 
Group05_08.txt
3 23 377 
Group05_09.txt
508 
Group05_10.txt
338 
Group05_12.txt
116 
Group05_13.txt
29 201 244 305 774 816 848 889 897 924 976 
Group05_14.txt
216 935 993 1007 
Group05_15.txt
2 23 42 70 110 208 234 253 311 335 439 475 560 
Group05_17.txt
94 123 352 429 439 682 980 1045 1079 
Group05_18.txt
182 329 798 
Group05_19.txt
9 
Group05_20.txt
302 406 
Group05_22.txt
331 
Group05_23.txt
166 
Group05_25.txt
26 81 172 272 318 339 477 736 827 882 
Group05_26.txt
224 
Group05_27.txt
191 350 544 877 939 1339 1371 
Group05_30.txt
9 91 135 170 195 260 286 360 438 908 
Group05_31.txt
107 
Group05_32.txt
212 452 
Group05_33.txt
21 
Group05_34.txt
9 33 132 151 202 
Group05_36.txt
5 17 
Group05_38.txt
71 136 243 266 
Group05_40.txt
3 23 50 63 94 169 275 490 
Group05_42.txt
27 
Group05_43.txt
142 
Group05_45.txt
396 
Group05_46.txt
169 
Group05_48.txt
12 176 197 246 327 374 466 511 
Group05_49.txt
202 913 
Group05_50.txt
2 18 43 71 134 241 267 286 344 368 479 515 600 
Group06_01.txt
199 440 
Group06_04.txt
499 
Group06_06.txt
201 
Group06_09.txt
210 
Group06_17.txt
554 
Group06_20.txt
232 614 
Group06_21.txt
0 
Group06_22.txt
1 210 218 
Group06_25.txt
556 
Group06_28.txt
736 
Group06_31.txt
554 
Group06_32.txt
88 173 
Group06_36.txt
102 
Group06_42.txt
12 
Group06_47.txt
162 
Group06_48.txt
409 
Group07_01.txt
215 320 782 
Group07_02.txt
688 
Group07_03.txt
737 827 1134 1366 2041 2794 
Group07_04.txt
512 
Group07_05.txt
518 602 650 794 
Group07_06.txt
434 
Group07_08.txt
36 566 
Group07_15.txt
475 
Group07_16.txt
676 
Group07_18.txt
106 191 295 
Group07_24.txt
286 
Group07_30.txt
288 541 691 
Group07_31.txt
171 218 618 
Group07_33.txt
429 
Group07_34.txt
25 158 400 497 526 
Group07_35.txt
313 
Group07_36.txt
371 478 
Group07_37.txt
500 547 1309 1435 
Group07_40.txt
146 496 
Group07_42.txt
198 450 
Group07_45.txt
525 
Group07_47.txt
9 
Group07_48.txt
261 
Group07_49.txt
741 1291 
Group07_50.txt
562 
Group08_02.txt
447 
Group08_03.txt
486 
Group08_04.txt
492 
Group08_06.txt
636 767 814 879 1012 
Group08_07.txt
119 248 342 
Group08_11.txt
563 
Group08_13.txt
2 575 664 751 790 835 873 911 1048 
Group08_15.txt
641 
Group08_16.txt
1232 
Group08_17.txt
819 
Group08_21.txt
508 
Group08_22.txt
364 
Group08_23.txt
492 
Group08_24.txt
909 938 
Group08_25.txt
248 274 306 1008 
Group08_28.txt
8 82 122 179 272 433 544 631 727 
Group08_29.txt
425 1069 1079 
Group08_30.txt
295 310 550 1206 1223 1252 1295 1297 1321 1348 1396 1454 1610 1633 
Group08_31.txt
3 25 40 68 197 224 393 411 516 533 818 866 895 979 
Group08_41.txt
86 247 307 
Group08_43.txt
240 
Group08_46.txt
255 
Group08_49.txt
0 32 70 108 211 238 264 
Group08_50.txt
576 
Group09_03.txt
52 105 168 196 259 270 456 
Group09_04.txt
545 
Group09_05.txt
0 15 58 95 435 550 734 
Group09_14.txt
669 
Group09_16.txt
290 
Group09_17.txt
429 
Group09_19.txt
344 
Group09_20.txt
360 
Group09_24.txt
583 
Group09_26.txt
115 241 254 418 923 1294 
Group09_28.txt
3 59 
Group09_29.txt
341 535 
Group09_32.txt
448 581 
Group09_33.txt
259 
Group09_34.txt
385 
Group09_35.txt
326 
Group09_36.txt
280 
Group09_39.txt
547 592 
Group09_42.txt
608 
Group09_43.txt
64 
Group09_45.txt
504 
Group09_47.txt
174 438 
Group09_48.txt
106 215 714 
Group10_01.txt
16 714 
Group10_03.txt
566 614 839 878 
Group10_04.txt
92 
Group10_06.txt
232 
Group10_08.txt
15 
Group10_10.txt
24 265 381 755 773 
Group10_11.txt
223 1232 
Group10_12.txt
58 332 356 
Group10_13.txt
652 
Group10_14.txt
144 
Group10_15.txt
490 598 603 630 668 677 
Group10_16.txt
6 179 716 720 
Group10_17.txt
490 
Group10_18.txt
749 794 
Group10_21.txt
26 
Group10_22.txt
456 
Group10_23.txt
54 632 661 
Group10_28.txt
43 
Group10_31.txt
61 94 139 151 218 277 495 534 
Group10_33.txt
38 255 365 680 1227 1555 
Group10_34.txt
351 
Group10_35.txt
119 
Group10_36.txt
270 371 439 665 
Group10_38.txt
100 241 
Group10_41.txt
6 17 53 418 
Group10_42.txt
69 392 
Group10_44.txt
551 
Group10_45.txt
20 62 
Group10_49.txt
418 
Group10_50.txt
14 
Group11-02.txt
421 803 
Group11-03.txt
453 
Group11-05.txt
385 424 
Group11-07.txt
336 
Group11-13.txt
182 294 
Group11-14.txt
315 522 1194 
Group11-15.txt
159 1943 
Group11-16.txt
411 468 1870 
Group11-17.txt
331 638 642 687 
Group11-18.txt
253 435 495 
Group11-19.txt
359 
Group11-20.txt
208 243 1047 
Group11-22.txt
361 
Group11-23.txt
722 
Group11-24.txt
2041 
Group11-28.txt
612 638 
Group11-31.txt
13 91 
Group11-39.txt
144 221 430 497 540 569 
Group11-41.txt
97 
Group11-42.txt
479 
Group11-46.txt
538 
Group11-47.txt
243 261 
Group11-50.txt
869 1000 
Group12_01.txt
2 75 512 1131 1408 1593 
Group12_02.txt
621 2040 2113 
Group12_03.txt
1472 
Group12_04.txt
1143 1589 2849 2866 2876 
Group12_05.txt
688 
Group12_06.txt
396 1259 1405 1449 
Group12_07.txt
23 97 1402 1407 
Group12_08.txt
632 
Group12_09.txt
472 912 924 1038 1076 1166 
Group12_10.txt
816 897 
Group12_11.txt
891 
Group12_12.txt
921 933 
Group12_13.txt
696 1198 1371 2079 
Group12_14.txt
1052 
Group12_15.txt
690 784 
Group12_16.txt
539 
Group12_17.txt
519 
Group12_18.txt
554 
Group12_19.txt
351 355 368 867 1390 
Group12_20.txt
621 
Group12_21.txt
339 756 
Group12_22.txt
804 
Group12_23.txt
618 
Group12_24.txt
901 
Group12_25.txt
733 
Group12_26.txt
685 1546 
Group12_27.txt
551 
Group12_28.txt
602 674 
Group12_29.txt
657 
Group12_30.txt
532 631 
Group12_31.txt
547 
Group12_32.txt
510 
Group12_33.txt
527 
Group12_34.txt
616 
Group12_35.txt
759 
Group12_36.txt
517 
Group12_37.txt
551 
Group12_38.txt
380 721 
Group12_39.txt
853 
Group12_40.txt
687 
Group12_41.txt
20 111 188 207 243 870 
Group12_42.txt
66 310 408 532 725 822 1249 1563 
Group12_43.txt
922 
Group12_44.txt
582 
Group12_45.txt
536 603 
Group12_46.txt
559 758 
Group12_47.txt
339 503 
Group12_48.txt
669 
Group12_49.txt
2216 2626 2762 
Group13_01.txt
7 22 163 203 442 464 696 
Group13_02.txt
1249 1359 2335 
Group13_05.txt
1266 2167 
Group13_06.txt
1573 
Group13_08.txt
362 365 832 
Group13_10.txt
453 726 
Group13_11.txt
24 275 
Group13_12.txt
146 278 
Group13_13.txt
195 
Group13_15.txt
15 226 289 340 377 381 438 454 578 617 
Group13_16.txt
3 32 190 
Group13_17.txt
25 409 651 
Group13_18.txt
4 112 184 420 567 575 587 
Group13_19.txt
1 31 120 180 193 222 322 471 
Group13_21.txt
445 1745 1755 1830 
Group13_22.txt
43 446 466 524 576 633 720 814 1141 1448 1584 1882 2425 2980 2994 6616 6637 7342 8845 8865 8887 8929 9578 10132 10152 10174 11446 11456 11490 14071 16597 
Group13_23.txt
2930 3796 
Group13_24.txt
93 145 423 467 3570 
Group13_25.txt
21 43 345 364 371 480 923 1241 1775 
Group13_26.txt
342 657 1383 1608 1799 3408 4669 4846 5624 5629 5639 6180 6604 7114 7230 7256 7403 7418 8395 8498 
Group13_27.txt
136 168 413 436 499 571 644 652 684 780 1919 2022 2152 2422 3047 3069 
Group13_30.txt
757 
Group13_31.txt
18 113 225 248 437 634 716 751 765 
Group13_32.txt
250 410 599 753 764 1063 
Group13_33.txt
1183 1923 
Group13_35.txt
19 419 444 543 551 1271 
Group13_36.txt
417 461 489 500 818 
Group13_37.txt
1426 1594 1670 1676 
Group13_38.txt
931 
Group13_39.txt
58 2195 
Group13_40.txt
82 140 275 772 
Group13_41.txt
1454 
Group13_42.txt
224 895 
Group13_44.txt
1011 1030 2927 2987 
Group13_45.txt
462 552 569 627 756 1658 
Group13_46.txt
1172 2203 
Group13_47.txt
426 1484 
Group13_48.txt
23 326 2018 2596 2608 
Group13_49.txt
2 13 89 123 243 366 443 544 603 663 757 1153 1204 1437 1447 1662 1671 1703 1765 1879 2028 2102 2186 2213 
Group13_50.txt
1024 
Group14_03.txt
95 356 
Group14_05.txt
23 
Group14_10.txt
329 
Group14_12.txt
192 
Group14_19.txt
467 483 
Group14_20.txt
902 
Group14_22.txt
115 
Group14_24.txt
88 
Group14_28.txt
363 
Group14_30.txt
633 655 
Group14_33.txt
735 
Group14_46.txt
31 
