Group02_18.txt
986 
Group02_20.txt
2768 2769 
Group02_23.txt
1101 1122 1145 1160 1199 1216 1229 
Group02_27.txt
683 692 713 717 721 
Group02_31.txt
176 177 512 
Group02_35.txt
591 
Group02_45.txt
1279 1301 1317 1331 1341 1351 1407 
Group02_49.txt
162 168 213 441 458 1159 1251 1819 2188 2282 2283 2303 2304 2305 2306 2764 2789 
Group03_05.txt
951 
Group03_22.txt
217 279 414 552 692 1038 
Group03_25.txt
224 
Group03_30.txt
901 
Group03_37.txt
492 511 1023 1107 1142 1381 1406 1518 1541 
Group04_14.txt
252 
Group04_21.txt
315 
Group05_05.txt
488 
Group05_46.txt
67 
Group09_22.txt
264 
Group10_35.txt
1691 
Group10_37.txt
388 
Group11-29.txt
664 
Group12_03.txt
647 707 750 
Group12_22.txt
165 
Group12_50.txt
243 506 
Group13_08.txt
361 659 860 
Group13_23.txt
262 
Group13_46.txt
491 1589 
Group13_50.txt
491 493 
Group14_03.txt
466 
Group14_22.txt
527 
