Group01_01.txt
448 
Group02_18.txt
69 79 571 951 
Group02_19.txt
807 1412 
Group02_20.txt
2767 3777 
Group02_21.txt
1515 2835 
Group02_22.txt
1602 1612 2900 
Group02_23.txt
246 855 
Group02_25.txt
601 
Group02_26.txt
68 
Group02_28.txt
463 
Group02_29.txt
513 933 
Group02_30.txt
2326 2545 
Group02_31.txt
175 426 656 1890 
Group02_32.txt
178 
Group02_33.txt
225 909 919 938 959 1068 1098 1145 1221 
Group02_36.txt
858 1676 
Group02_38.txt
241 473 498 646 2023 2944 3074 
Group02_39.txt
1107 1110 1241 1327 1484 
Group02_40.txt
427 698 
Group02_41.txt
236 331 1247 1258 
Group02_42.txt
316 593 
Group02_44.txt
883 1006 1048 1203 1227 1339 1379 1403 1461 1470 1559 
Group02_45.txt
464 
Group02_47.txt
130 141 982 
Group02_48.txt
554 1039 1080 1348 2359 
Group04_09.txt
428 
Group04_28.txt
313 
Group04_42.txt
557 574 
Group05_25.txt
1208 
Group05_36.txt
65 
Group06_13.txt
191 
Group06_35.txt
394 421 
Group07_03.txt
458 
Group07_21.txt
695 
Group07_37.txt
1608 
Group08_01.txt
180 679 754 
Group08_10.txt
279 778 853 
Group09_28.txt
199 
Group09_48.txt
446 620 
Group10_03.txt
810 
Group10_09.txt
324 
Group11-25.txt
530 
Group11-34.txt
28 163 
Group11-38.txt
603 
Group11-46.txt
936 
Group12_04.txt
1431 2343 2656 2664 2672 2681 
Group13_35.txt
73 
Group13_38.txt
1168 
Group13_48.txt
469 1608 
