Group01_04.txt
331 
Group01_10.txt
834 
Group01_20.txt
198 
Group01_24.txt
324 
Group01_25.txt
926 
Group01_33.txt
764 807 
Group01_36.txt
497 622 
Group02_18.txt
65 75 1171 
Group02_19.txt
410 697 918 1256 
Group02_20.txt
2442 3318 3402 3755 
Group02_21.txt
2333 
Group02_22.txt
539 2808 2825 
Group02_23.txt
326 1357 1392 
Group02_24.txt
622 637 892 904 1029 1275 1376 
Group02_27.txt
1701 1708 
Group02_29.txt
294 519 
Group02_30.txt
1879 2261 2651 
Group02_31.txt
483 583 725 874 978 1101 2181 2193 
Group02_33.txt
1648 
Group02_36.txt
332 
Group02_38.txt
230 283 1243 1920 1946 1961 1987 2009 2035 2679 2739 2813 2822 2932 2958 2998 3016 3029 3048 3060 3128 3179 3205 3210 
Group02_39.txt
1135 1157 1271 1277 1634 1645 1689 
Group02_40.txt
45 62 79 82 98 124 132 172 208 494 513 543 686 1259 1314 1421 1438 1459 1499 1553 1568 2053 
Group02_41.txt
536 674 926 1156 
Group02_43.txt
1229 1389 
Group02_44.txt
1247 1254 1326 
Group02_45.txt
99 516 587 594 647 863 1791 
Group02_46.txt
590 1442 1450 1899 1980 2101 2452 
Group02_48.txt
265 576 654 788 839 864 1315 1323 
Group02_49.txt
64 840 855 1926 2687 2729 2914 2935 3352 
Group02_50.txt
1596 
Group03_15.txt
625 
Group03_30.txt
520 1207 
Group03_31.txt
983 1293 1482 1883 
Group03_32.txt
56 
Group03_33.txt
708 752 768 807 1363 
Group03_39.txt
39 
Group03_40.txt
687 731 747 786 
Group03_44.txt
273 301 1235 
Group03_50.txt
969 988 
Group04_29.txt
118 
Group04_31.txt
369 
Group04_32.txt
798 
Group04_39.txt
946 
Group05_04.txt
874 
Group05_06.txt
558 
Group05_20.txt
184 
Group05_22.txt
98 
Group06_35.txt
382 389 407 424 
Group06_42.txt
313 
Group08_04.txt
240 
Group08_23.txt
240 
Group08_36.txt
270 298 319 
Group08_48.txt
319 399 490 
Group09_09.txt
414 
Group09_28.txt
194 209 
Group10_11.txt
94 106 553 
Group10_33.txt
802 
Group11-07.txt
394 619 637 664 677 
Group11-09.txt
477 
Group11-38.txt
184 559 562 
Group11-40.txt
338 
Group11-41.txt
366 
Group12_23.txt
17 
Group12_26.txt
848 958 968 
Group12_31.txt
508 
Group13_08.txt
641 772 
Group13_22.txt
8596 12613 12801 12880 12914 
Group13_27.txt
351 
Group14_10.txt
167 
Group14_42.txt
104 475 826 890 
Group14_46.txt
526 
