Group03_13.txt
145 333 452 481 605 
Group03_44.txt
804 
Group04_48.txt
322 
Group08_26.txt
175 
Group08_27.txt
20 86 109 190 
Group08_28.txt
157 159 538 
Group08_29.txt
596 649 734 788 803 1122 1180 1302 1457 1527 
Group08_30.txt
1 286 336 359 537 608 772 823 965 1198 1235 1273 1354 1367 1397 1488 1530 1578 1624 
Group08_31.txt
6 39 71 211 339 554 651 912 
Group08_32.txt
179 
Group08_34.txt
12 35 49 121 452 462 
Group08_35.txt
10 51 94 201 
Group08_36.txt
173 187 248 
Group08_38.txt
36 292 
Group08_44.txt
25 65 112 168 190 227 
Group08_45.txt
0 49 156 177 208 228 282 
Group08_46.txt
56 70 
Group08_47.txt
349 408 
Group08_48.txt
232 
Group14_06.txt
20 
