Group01_30.txt
7 477 553 762 
Group01_39.txt
81 
Group03_04.txt
672 
Group03_07.txt
360 458 478 496 565 1764 1933 1974 1992 2022 2465 2624 
Group03_14.txt
743 
Group03_19.txt
553 
Group03_21.txt
406 472 492 577 
Group03_22.txt
742 826 904 
Group03_25.txt
32 252 437 454 604 711 740 769 
Group03_26.txt
160 448 832 
Group03_44.txt
113 126 200 379 463 478 521 1009 1345 
Group03_45.txt
215 
Group04_04.txt
238 
Group04_06.txt
239 536 551 555 559 
Group04_10.txt
960 
Group04_15.txt
746 
Group04_24.txt
210 613 
Group05_27.txt
2 35 236 885 
Group05_38.txt
233 
Group05_44.txt
522 714 1121 
Group07_22.txt
416 
Group07_31.txt
577 1503 
Group07_38.txt
624 
Group08_07.txt
365 
Group08_13.txt
272 896 
Group08_16.txt
1452 
Group08_17.txt
8 
Group08_25.txt
4 
Group08_29.txt
332 340 
Group08_40.txt
104 
Group09_08.txt
166 236 393 405 448 
Group09_11.txt
428 
Group09_13.txt
209 
Group09_49.txt
13 229 273 294 538 848 863 934 
Group10_01.txt
361 495 
Group10_17.txt
874 
Group10_22.txt
658 
Group10_33.txt
90 379 1211 1222 
Group10_34.txt
423 
Group11-05.txt
2224 
Group11-20.txt
944 
Group11-30.txt
374 
Group12_07.txt
1337 1365 1371 
Group12_13.txt
126 362 651 1443 
Group12_37.txt
2 
Group12_42.txt
32 103 147 152 212 240 450 481 488 570 609 614 641 646 668 1097 1448 1473 1504 
Group13_22.txt
1358 
Group13_24.txt
268 342 427 1160 1183 1831 2338 3553 
Group13_26.txt
1342 1787 9987 
Group13_27.txt
1782 2072 2257 
Group13_30.txt
2624 
Group13_31.txt
776 
Group13_32.txt
1138 
Group13_40.txt
73 
Group13_44.txt
2771 2805 
Group13_45.txt
184 
Group13_46.txt
1618 
Group13_48.txt
356 729 735 748 830 837 
Group14_04.txt
70 
Group14_14.txt
488 
Group14_30.txt
41 162 
Group14_35.txt
767 
Group14_38.txt
468 
Group14_39.txt
168 
