Group01_01.txt
94 128 257 
Group01_02.txt
76 93 128 139 
Group01_04.txt
234 396 
Group01_05.txt
332 
Group01_06.txt
169 330 
Group01_07.txt
410 
Group01_08.txt
174 618 648 801 818 828 832 909 1052 
Group01_09.txt
373 
Group01_10.txt
273 420 509 570 986 
Group01_11.txt
907 
Group01_12.txt
301 445 
Group01_13.txt
58 69 152 
Group01_14.txt
299 484 
Group01_15.txt
194 208 217 319 
Group01_16.txt
266 300 318 
Group01_19.txt
163 368 575 597 
Group01_20.txt
44 65 318 
Group01_21.txt
471 
Group01_23.txt
43 208 
Group01_24.txt
234 389 
Group01_25.txt
804 839 1036 
Group01_26.txt
148 
Group01_27.txt
82 163 229 287 345 
Group01_29.txt
132 194 201 323 439 552 659 674 687 
Group01_30.txt
143 166 212 263 292 337 367 409 478 480 543 581 630 
Group01_32.txt
279 287 353 1068 1214 
Group01_35.txt
467 669 
Group01_36.txt
201 238 291 354 370 378 438 558 
Group01_37.txt
295 326 369 
Group01_38.txt
468 
Group01_39.txt
82 143 
Group01_40.txt
738 
Group01_41.txt
67 453 
Group01_42.txt
20 67 75 312 
Group01_44.txt
288 297 431 
Group01_45.txt
66 106 
Group01_46.txt
265 
Group01_47.txt
132 
Group01_49.txt
509 
Group01_50.txt
7 305 342 
Group02_01.txt
696 
Group02_02.txt
81 102 397 632 668 
Group02_06.txt
356 597 
Group02_07.txt
451 
Group02_08.txt
60 
Group02_09.txt
608 
Group02_10.txt
52 295 344 
Group02_11.txt
341 
Group02_13.txt
592 
Group02_14.txt
503 609 670 732 
Group02_15.txt
175 323 
Group02_16.txt
71 84 375 385 491 515 522 
Group02_18.txt
2621 2633 2679 
Group02_19.txt
1672 
Group02_22.txt
111 1479 1732 1753 2405 2663 
Group02_27.txt
1353 
Group02_28.txt
261 
Group02_30.txt
2852 3192 4115 4373 
Group02_31.txt
785 944 1560 2119 2169 
Group02_33.txt
2150 2170 2434 2763 
Group02_37.txt
1365 1380 1406 
Group02_38.txt
1307 1583 2441 
Group02_39.txt
703 1296 
Group02_40.txt
574 
Group02_41.txt
1175 
Group02_42.txt
468 477 
Group02_49.txt
547 972 3867 4316 
Group02_50.txt
1836 
Group03_02.txt
290 437 673 682 687 692 
Group03_04.txt
169 320 332 511 566 1333 1351 1695 1832 
Group03_05.txt
220 364 641 
Group03_06.txt
771 798 1848 2121 2140 2148 2162 2250 2288 2629 
Group03_07.txt
72 86 309 427 749 906 1089 1126 1137 1166 1381 1475 1677 1727 1760 1801 1954 2209 2261 2375 2501 2529 2645 2680 
Group03_08.txt
168 422 698 
Group03_09.txt
291 317 337 939 
Group03_11.txt
96 225 503 
Group03_12.txt
223 244 247 279 317 398 443 721 870 1002 1043 1165 1337 
Group03_13.txt
45 72 83 110 347 674 731 940 948 
Group03_14.txt
42 107 714 777 862 890 930 
Group03_15.txt
103 120 147 161 589 
Group03_16.txt
44 182 194 279 370 503 508 536 
Group03_18.txt
110 143 307 562 619 641 1109 
Group03_19.txt
708 
Group03_20.txt
429 
Group03_21.txt
223 243 261 328 364 412 534 564 580 745 785 842 963 989 1031 1065 1148 1203 1222 1246 1377 1401 1477 1530 1836 1864 
Group03_22.txt
49 156 283 353 435 529 695 870 
Group03_24.txt
67 80 102 109 141 307 323 406 666 732 800 842 876 1048 1212 1235 1277 1298 1362 1428 1453 1651 1731 1739 1785 1888 
Group03_25.txt
108 461 
Group03_26.txt
295 422 429 434 438 451 469 487 515 587 721 778 791 796 873 945 950 972 976 989 999 1023 1044 1172 1238 1265 1311 1319 
Group03_27.txt
8 14 35 46 49 199 252 382 455 528 628 764 798 812 915 988 1080 1112 1144 1168 1236 1246 1266 1336 1371 1390 1500 1723 1904 1925 
Group03_28.txt
63 113 131 314 465 496 876 
Group03_29.txt
378 945 1013 1596 
Group03_30.txt
84 315 332 910 1536 1554 
Group03_31.txt
337 975 1223 1315 2378 2850 
Group03_32.txt
29 811 1345 1438 
Group03_33.txt
43 62 66 125 232 322 335 397 447 581 590 892 1084 1156 1218 1255 
Group03_34.txt
1856 1862 
Group03_35.txt
402 414 499 552 655 816 926 930 955 969 1009 1050 1139 1293 
Group03_36.txt
207 754 800 830 1150 1177 1238 1292 1404 1413 1428 
Group03_37.txt
207 227 252 289 297 350 379 412 438 583 593 794 801 1109 1251 1421 1661 1695 1791 1884 2105 
Group03_38.txt
380 396 482 519 968 
Group03_39.txt
12 794 
Group03_40.txt
22 41 45 104 211 301 314 376 426 560 569 871 1063 1135 
Group03_42.txt
362 938 1006 1617 
Group03_43.txt
129 
Group03_44.txt
14 
Group03_46.txt
188 313 354 
Group03_47.txt
67 153 163 178 189 239 304 333 414 491 532 592 665 851 883 1078 
Group03_48.txt
177 
Group03_49.txt
23 51 220 642 890 
Group03_50.txt
217 234 333 356 1390 
Group04_01.txt
102 184 305 363 398 425 590 630 
Group04_02.txt
88 269 291 416 449 456 
Group04_04.txt
53 67 138 143 316 
Group04_05.txt
161 174 296 372 
Group04_06.txt
231 710 714 793 894 902 
Group04_07.txt
21 34 156 314 332 347 473 478 508 652 706 750 939 1135 1215 
Group04_08.txt
23 168 175 334 381 439 456 624 
Group04_09.txt
164 364 564 
Group04_10.txt
50 71 127 777 785 790 854 
Group04_11.txt
572 
Group04_12.txt
51 145 168 246 260 428 439 507 610 615 645 
Group04_13.txt
110 119 194 208 227 241 252 283 385 428 434 445 504 550 739 783 826 927 
Group04_14.txt
453 
Group04_15.txt
533 604 808 868 
Group04_16.txt
258 
Group04_18.txt
154 167 289 463 
Group04_19.txt
108 151 402 
Group04_20.txt
192 267 
Group04_21.txt
56 65 76 90 105 157 162 184 201 223 228 247 259 281 363 451 466 478 507 647 783 858 926 
Group04_22.txt
18 97 109 210 266 282 312 323 392 417 423 426 448 464 542 
Group04_23.txt
134 175 266 279 287 346 634 
Group04_24.txt
348 659 
Group04_25.txt
41 140 196 335 581 588 595 647 679 
Group04_26.txt
100 
Group04_27.txt
35 54 91 94 99 109 129 165 174 185 272 284 295 304 388 425 661 672 
Group04_28.txt
65 181 
Group04_30.txt
963 
Group04_31.txt
307 442 
Group04_33.txt
129 479 513 
Group04_35.txt
176 303 329 337 478 
Group04_36.txt
586 
Group04_37.txt
226 
Group04_39.txt
25 156 776 
Group04_42.txt
341 435 440 
Group04_43.txt
27 
Group04_44.txt
286 315 
Group04_46.txt
361 369 379 383 398 417 509 
Group04_47.txt
212 244 626 
Group04_48.txt
343 
Group04_50.txt
307 
Group05_01.txt
64 119 
Group05_02.txt
750 810 
Group05_03.txt
34 210 
Group05_04.txt
13 59 92 588 691 800 883 892 898 1051 1118 
Group05_05.txt
167 454 
Group05_06.txt
77 1140 
Group05_07.txt
215 
Group05_09.txt
31 168 325 
Group05_10.txt
202 
Group05_11.txt
108 
Group05_13.txt
1179 1245 
Group05_15.txt
290 325 
Group05_17.txt
54 562 652 664 
Group05_18.txt
228 602 967 
Group05_20.txt
24 66 308 918 
Group05_22.txt
218 269 565 577 
Group05_23.txt
60 67 83 195 1039 1385 1446 
Group05_24.txt
135 151 
Group05_25.txt
385 
Group05_27.txt
321 324 337 578 644 1267 1433 
Group05_29.txt
321 403 445 
Group05_30.txt
164 624 816 919 
Group05_34.txt
284 
Group05_39.txt
306 
Group05_41.txt
11 331 
Group05_43.txt
24 
Group05_44.txt
355 437 500 666 675 766 1079 1090 
Group05_45.txt
350 358 807 841 862 871 879 1181 1226 1266 
Group05_46.txt
174 335 409 470 
Group05_48.txt
278 
Group05_49.txt
344 
Group05_50.txt
323 358 
Group06_02.txt
18 388 801 
Group06_03.txt
549 718 
Group06_04.txt
40 197 
Group06_05.txt
235 523 549 
Group06_06.txt
497 568 
Group06_07.txt
277 574 
Group06_08.txt
114 230 265 
Group06_10.txt
598 710 
Group06_11.txt
244 266 271 508 528 610 
Group06_12.txt
122 417 
Group06_14.txt
338 383 446 732 
Group06_15.txt
70 190 733 856 
Group06_16.txt
154 312 585 733 858 937 1128 1147 
Group06_17.txt
27 382 495 507 602 641 800 1008 
Group06_18.txt
528 784 
Group06_19.txt
143 388 480 553 583 706 719 
Group06_20.txt
113 185 
Group06_21.txt
318 390 765 
Group06_22.txt
67 73 80 
Group06_23.txt
139 291 741 844 851 
Group06_24.txt
219 279 512 535 
Group06_25.txt
390 418 482 536 
Group06_26.txt
389 605 
Group06_27.txt
107 285 
Group06_28.txt
145 478 
Group06_29.txt
269 378 
Group06_31.txt
27 382 495 507 602 641 800 1008 
Group06_32.txt
373 
Group06_33.txt
659 760 
Group06_35.txt
111 121 
Group06_36.txt
139 312 391 
Group06_37.txt
333 
Group06_38.txt
641 
Group06_39.txt
258 
Group06_41.txt
533 
Group06_43.txt
387 
Group06_45.txt
391 
Group06_46.txt
629 
Group06_47.txt
549 
Group06_48.txt
84 
Group06_50.txt
601 
Group07_02.txt
365 408 453 458 560 588 592 646 651 663 
Group07_03.txt
135 147 163 199 319 372 380 431 461 497 551 553 556 584 594 649 671 686 699 710 835 924 958 979 983 1065 1127 1200 1280 1356 1453 1699 1782 1785 1793 1798 1826 1887 1928 1980 2058 2132 2180 2277 2317 2338 2357 2364 2401 2420 2510 2515 2610 2713 2773 
Group07_05.txt
38 220 228 428 452 613 654 
Group07_06.txt
260 498 532 541 
Group07_07.txt
145 236 258 479 502 725 743 760 828 1074 1158 
Group07_08.txt
43 51 62 75 91 145 221 248 267 272 281 287 347 394 409 495 541 545 608 612 
Group07_09.txt
220 227 245 281 283 287 307 355 476 523 587 597 657 
Group07_10.txt
363 403 492 
Group07_11.txt
139 156 174 177 204 241 481 485 521 
Group07_12.txt
620 839 913 
Group07_13.txt
211 248 256 283 392 422 473 517 528 602 
Group07_14.txt
72 157 167 254 371 388 472 477 500 531 
Group07_15.txt
144 174 
Group07_16.txt
93 111 562 
Group07_17.txt
173 201 298 537 
Group07_18.txt
88 93 96 335 342 366 578 601 660 711 727 965 984 994 1025 1035 1044 1048 1277 1369 1392 
Group07_19.txt
335 380 426 473 546 646 663 744 808 817 824 863 899 
Group07_20.txt
56 
Group07_21.txt
62 96 555 755 789 795 
Group07_22.txt
319 387 444 448 661 692 819 829 
Group07_23.txt
101 118 252 265 270 294 
Group07_24.txt
360 376 399 469 590 604 613 665 694 991 1032 1192 1349 1371 1419 1747 
Group07_26.txt
301 329 624 716 731 741 
Group07_29.txt
51 273 282 303 377 
Group07_30.txt
335 388 454 521 637 790 898 
Group07_31.txt
361 684 1008 1065 1159 1202 1215 1261 1308 1401 1418 1956 
Group07_32.txt
408 424 455 462 485 496 
Group07_33.txt
13 77 154 254 270 280 357 528 590 595 603 655 
Group07_34.txt
71 86 189 211 283 
Group07_35.txt
132 282 391 
Group07_36.txt
141 240 292 336 349 356 568 609 687 1010 1139 1323 
Group07_37.txt
52 91 592 609 712 911 920 952 1228 1320 1408 1411 1430 1678 1697 1703 1711 
Group07_38.txt
5 45 87 310 635 642 671 701 728 1029 1052 1069 
Group07_39.txt
60 458 468 487 539 569 
Group07_40.txt
261 267 378 
Group07_41.txt
44 183 250 270 277 285 417 441 462 553 
Group07_42.txt
148 222 264 305 513 555 
Group07_43.txt
65 92 296 317 377 394 462 496 
Group07_44.txt
143 162 168 212 417 536 
Group07_45.txt
7 29 93 221 229 234 328 351 355 385 393 442 
Group07_46.txt
135 162 548 610 758 
Group07_47.txt
167 182 459 472 496 541 
Group07_48.txt
63 
Group07_49.txt
263 
Group07_50.txt
184 613 616 
Group08_01.txt
498 534 641 705 
Group08_02.txt
143 183 250 381 452 
Group08_03.txt
175 239 245 253 273 286 302 396 401 466 
Group08_04.txt
335 401 584 697 741 748 
Group08_05.txt
253 384 
Group08_06.txt
221 1037 
Group08_07.txt
94 260 
Group08_08.txt
130 
Group08_09.txt
244 
Group08_10.txt
597 633 740 804 
Group08_11.txt
401 810 
Group08_12.txt
638 1035 
Group08_13.txt
51 127 290 320 380 556 794 1099 
Group08_14.txt
364 
Group08_15.txt
275 448 569 
Group08_16.txt
123 256 967 1090 1611 
Group08_17.txt
782 
Group08_18.txt
155 207 220 231 
Group08_19.txt
250 397 534 548 612 621 714 724 744 790 839 
Group08_20.txt
162 356 373 397 745 793 804 816 897 908 930 1045 1052 1138 1170 1190 1234 1353 
Group08_21.txt
200 272 460 
Group08_22.txt
134 167 196 229 259 337 385 402 465 512 577 625 656 661 668 680 686 732 887 
Group08_23.txt
335 401 584 698 742 749 
Group08_25.txt
92 1209 1251 
Group08_26.txt
68 93 
Group08_27.txt
21 56 104 256 
Group08_28.txt
404 
Group08_29.txt
290 1128 
Group08_30.txt
132 269 274 301 365 495 896 
Group08_31.txt
249 427 441 
Group08_32.txt
30 114 
Group08_33.txt
159 
Group08_34.txt
366 
Group08_36.txt
278 300 
Group08_37.txt
188 
Group08_38.txt
112 
Group08_39.txt
235 
Group08_40.txt
162 
Group08_41.txt
78 
Group08_42.txt
180 192 239 254 272 329 
Group08_43.txt
116 216 313 338 363 378 447 
Group08_46.txt
140 163 
Group08_47.txt
450 
Group09_01.txt
116 
Group09_02.txt
164 270 
Group09_03.txt
90 421 
Group09_04.txt
359 
Group09_05.txt
229 537 569 585 
Group09_06.txt
198 272 463 468 
Group09_07.txt
52 62 477 514 616 
Group09_08.txt
32 361 419 476 537 569 
Group09_09.txt
70 110 134 183 245 300 368 401 483 488 508 520 533 553 591 684 693 701 729 739 762 838 882 958 
Group09_10.txt
597 816 
Group09_11.txt
60 99 178 399 410 581 633 
Group09_12.txt
39 50 96 125 140 267 285 325 410 459 468 529 
Group09_13.txt
43 79 201 279 385 491 533 553 
Group09_14.txt
34 
Group09_15.txt
222 458 
Group09_17.txt
98 369 450 466 488 
Group09_18.txt
162 238 386 403 426 468 477 490 495 498 601 624 
Group09_19.txt
229 249 444 507 
Group09_21.txt
158 1080 
Group09_22.txt
467 
Group09_23.txt
257 284 323 332 577 
Group09_24.txt
225 412 614 
Group09_25.txt
78 212 215 235 247 390 465 
Group09_27.txt
182 315 338 
Group09_29.txt
88 369 
Group09_30.txt
65 86 182 545 
Group09_31.txt
3 54 198 249 289 326 334 357 498 509 542 
Group09_32.txt
16 94 166 218 252 298 306 383 567 
Group09_33.txt
290 524 
Group09_34.txt
544 
Group09_35.txt
2 13 159 343 440 458 492 539 
Group09_36.txt
12 52 126 147 183 322 347 369 430 
Group09_37.txt
350 454 564 808 959 1008 1070 1185 
Group09_38.txt
14 179 228 447 470 
Group09_39.txt
336 
Group09_40.txt
415 537 634 726 779 
Group09_42.txt
70 337 
Group09_43.txt
365 401 502 
Group09_44.txt
60 98 285 426 449 491 
Group09_45.txt
262 444 
Group09_46.txt
226 647 
Group09_47.txt
80 223 242 258 274 340 533 604 
Group09_48.txt
132 236 360 512 548 768 
Group09_49.txt
63 92 191 256 336 347 370 407 541 565 744 764 928 
Group09_50.txt
221 
Group10_01.txt
60 97 202 323 
Group10_05.txt
33 516 
Group10_07.txt
308 
Group10_08.txt
588 
Group10_09.txt
608 
Group10_10.txt
96 
Group10_12.txt
18 
Group10_13.txt
101 111 201 235 251 278 289 354 517 
Group10_15.txt
108 114 509 
Group10_17.txt
347 643 
Group10_18.txt
97 280 406 434 453 483 538 709 
Group10_19.txt
9 165 257 
Group10_20.txt
82 
Group10_21.txt
16 39 70 337 384 394 754 
Group10_22.txt
613 641 
Group10_23.txt
215 233 449 594 
Group10_25.txt
152 240 1280 
Group10_27.txt
10 18 39 162 722 1052 1056 
Group10_28.txt
260 394 
Group10_29.txt
93 286 339 603 
Group10_32.txt
387 438 704 
Group10_33.txt
50 188 203 224 289 551 572 604 661 675 706 741 768 798 880 918 969 1023 1048 1136 1148 1229 1251 1397 1457 1560 1625 1670 1684 
Group10_34.txt
12 95 103 125 230 377 
Group10_36.txt
45 56 
Group10_37.txt
237 407 413 463 504 
Group10_38.txt
224 281 608 
Group10_39.txt
31 223 456 506 544 635 874 996 
Group10_40.txt
31 99 144 167 258 363 372 416 491 498 515 533 645 657 
Group10_41.txt
57 88 138 162 277 289 
Group10_42.txt
2 117 169 274 393 468 542 549 566 623 656 
Group10_43.txt
26 41 71 94 155 159 175 330 336 373 585 631 692 760 779 803 807 826 956 1006 1048 1072 1082 
Group10_44.txt
138 159 344 388 416 601 
Group10_46.txt
65 391 395 465 560 
Group10_47.txt
291 390 464 696 901 1006 1013 
Group10_48.txt
66 107 132 162 241 286 329 448 502 711 
Group10_49.txt
34 69 77 111 119 166 247 309 543 575 634 659 
Group10_50.txt
118 
Group11-01.txt
476 589 685 703 756 
Group11-02.txt
477 530 902 
Group11-03.txt
18 130 193 204 379 552 
Group11-04.txt
128 159 169 202 348 371 396 433 515 661 702 722 740 761 803 829 840 853 
Group11-05.txt
141 181 185 416 536 768 1032 1093 1114 
Group11-06.txt
91 141 208 225 240 334 470 
Group11-07.txt
370 406 539 557 572 697 
Group11-08.txt
153 261 360 498 578 
Group11-10.txt
492 
Group11-11.txt
141 239 
Group11-12.txt
537 
Group11-13.txt
473 496 
Group11-14.txt
89 166 404 462 559 
Group11-15.txt
25 184 195 251 255 396 477 645 670 677 694 703 794 801 805 852 1110 1127 1201 1222 1233 1239 1249 1286 1319 1364 1412 1426 1437 1455 1469 1779 1796 1986 2019 2038 2067 2078 2092 2121 2166 2217 2231 2309 2312 
Group11-16.txt
14 165 183 197 206 246 387 453 636 746 1097 1119 1207 1270 1443 1485 1503 1526 1572 1605 1671 1712 1768 1829 1959 1987 2491 2499 2586 2618 2666 2695 2702 2941 2966 3199 
Group11-17.txt
87 104 555 
Group11-18.txt
244 647 
Group11-19.txt
53 92 131 167 311 326 380 473 517 
Group11-20.txt
29 42 61 248 263 554 841 854 1039 1149 1354 
Group11-21.txt
107 149 163 179 188 313 434 663 687 801 
Group11-22.txt
457 609 
Group11-23.txt
41 93 112 254 
Group11-24.txt
153 242 250 328 815 1023 1608 1896 2031 2039 2049 2056 2063 2076 2083 2205 2212 2225 2232 2243 
Group11-25.txt
41 391 522 
Group11-26.txt
69 144 176 
Group11-28.txt
164 391 412 666 
Group11-29.txt
99 222 354 
Group11-30.txt
152 164 278 
Group11-31.txt
135 175 282 548 
Group11-32.txt
153 240 549 642 
Group11-33.txt
323 360 431 461 505 862 939 961 
Group11-34.txt
177 309 382 
Group11-35.txt
49 249 274 337 345 
Group11-36.txt
110 344 
Group11-37.txt
182 356 388 508 542 651 696 
Group11-38.txt
486 524 575 646 
Group11-39.txt
327 
Group11-40.txt
72 
Group11-41.txt
409 429 473 
Group11-42.txt
250 268 
Group11-44.txt
261 318 373 413 423 433 589 
Group11-45.txt
141 304 322 352 383 428 481 497 521 524 533 588 601 616 643 670 1331 
Group11-46.txt
48 62 107 115 172 228 243 255 275 283 290 305 381 386 393 415 425 436 464 625 766 794 801 1029 
Group11-47.txt
43 170 207 225 263 464 469 574 612 841 
Group11-48.txt
178 256 289 344 383 446 453 456 477 491 691 
Group11-49.txt
66 89 489 602 
Group11-50.txt
470 548 
Group12_01.txt
49 164 184 278 322 362 366 404 448 477 481 491 500 827 846 886 890 1321 1348 1373 1400 1428 1455 1494 1552 
Group12_02.txt
882 1138 1195 1205 1279 1364 1432 1443 1743 1835 1867 
Group12_04.txt
179 248 374 745 778 786 808 830 910 952 1015 1073 1115 1493 1512 1545 1572 1586 1619 1698 1709 1733 1748 1879 1926 1949 1986 2025 2087 2134 2293 2401 2436 2698 2713 
Group12_05.txt
96 202 258 417 429 469 554 561 578 656 681 
Group12_06.txt
99 151 174 1068 
Group12_07.txt
365 376 382 386 430 434 648 683 698 715 741 784 1277 1287 1292 1304 
Group12_08.txt
24 51 91 140 199 239 528 585 
Group12_09.txt
78 94 138 368 467 474 501 583 600 630 676 691 
Group12_10.txt
293 380 447 490 575 685 692 780 836 844 873 
Group12_11.txt
6 28 51 71 128 144 188 214 239 301 311 322 364 467 582 608 661 723 779 
Group12_12.txt
6 28 51 71 128 144 188 214 239 301 311 322 364 467 582 608 661 723 779 
Group12_13.txt
35 136 170 251 268 296 423 559 646 694 711 738 768 774 812 822 831 869 873 949 1028 1039 1064 1110 1157 1162 1205 1313 1324 1375 1399 1430 1445 1475 1553 1647 1697 1724 1760 1805 1985 1993 2049 2062 
Group12_14.txt
9 40 55 93 142 162 204 325 360 369 374 437 442 522 533 587 606 626 652 661 728 744 754 761 782 839 941 966 980 1015 1032 1037 
Group12_15.txt
505 560 666 
Group12_16.txt
44 49 131 158 189 218 352 440 476 
Group12_17.txt
266 315 322 345 
Group12_18.txt
24 45 144 170 176 199 308 317 358 392 445 467 
Group12_19.txt
974 985 1012 1024 1204 1217 1239 1358 1365 1378 
Group12_20.txt
36 127 167 199 263 287 318 332 405 425 452 456 463 481 493 502 
Group12_21.txt
66 204 216 278 282 333 350 387 538 547 610 617 668 707 714 722 727 
Group12_22.txt
129 180 209 382 401 413 456 780 
Group12_23.txt
235 
Group12_24.txt
53 158 177 496 559 735 
Group12_25.txt
155 222 302 345 398 462 518 548 578 592 685 694 
Group12_26.txt
55 145 162 227 362 438 633 919 988 1024 1099 1140 1291 1413 1423 1442 1503 1511 1524 
Group12_27.txt
47 153 179 211 510 
Group12_29.txt
6 19 37 64 162 222 284 392 461 474 527 587 619 
Group12_30.txt
172 200 307 330 333 374 551 557 
Group12_31.txt
214 
Group12_32.txt
178 240 322 325 425 449 
Group12_33.txt
30 92 124 219 268 380 464 470 475 
Group12_34.txt
111 370 447 552 556 
Group12_35.txt
68 131 173 380 520 537 564 593 738 747 
Group12_36.txt
269 287 
Group12_38.txt
57 69 250 268 368 
Group12_40.txt
240 246 253 260 488 512 518 
Group12_41.txt
47 58 84 262 284 506 545 585 741 765 861 
Group12_42.txt
55 338 435 483 555 599 631 743 843 961 1001 1046 1105 1147 1232 1300 1312 1408 1414 
Group12_43.txt
60 72 140 189 297 582 706 
Group12_45.txt
149 316 
Group12_46.txt
580 607 
Group12_47.txt
91 143 
Group12_48.txt
121 415 459 476 526 555 618 
Group12_49.txt
66 72 210 219 253 269 319 540 683 878 1072 1221 1318 1329 1337 1397 1421 1433 1447 1483 1498 1542 1762 1840 1854 1949 2006 2042 2120 2151 
Group12_50.txt
310 537 
Group13_01.txt
468 556 
Group13_02.txt
50 99 120 316 346 351 436 483 491 502 567 612 629 650 705 755 796 840 867 1018 1079 1091 1096 1240 1350 1464 1476 1622 1653 1666 1669 1685 1801 1838 1857 1879 1980 1983 2109 2121 2274 2310 2343 2345 2380 2396 2403 
Group13_03.txt
221 230 241 271 340 435 493 508 619 629 654 670 
Group13_04.txt
313 321 768 987 
Group13_05.txt
202 370 379 387 407 435 445 564 649 664 711 829 835 840 1024 1189 1192 1311 1319 1533 1717 
Group13_06.txt
636 671 690 720 1194 1350 1773 2002 2006 2067 2168 2222 2328 2654 2689 
Group13_07.txt
223 226 311 465 471 479 
Group13_08.txt
256 320 451 481 671 684 
Group13_10.txt
448 596 748 
Group13_11.txt
160 552 
Group13_12.txt
251 370 
Group13_13.txt
67 
Group13_14.txt
90 95 282 397 414 443 
Group13_15.txt
71 95 111 273 342 472 
Group13_17.txt
191 202 211 411 432 438 686 
Group13_18.txt
216 237 309 342 
Group13_19.txt
115 166 199 207 275 297 415 428 
Group13_20.txt
452 
Group13_21.txt
90 199 225 292 328 679 718 721 764 777 792 841 885 965 980 997 1488 1528 1675 1687 1774 1783 
Group13_22.txt
160 214 238 261 344 488 618 640 1029 1348 1409 1548 1579 1607 1842 1978 2124 2161 2491 2600 2872 3017 3580 3735 3740 3855 3881 3917 3938 3958 4032 4070 4187 4278 4292 4299 4360 4397 4446 4466 4524 4538 4544 4562 4739 4885 4893 5001 5081 5177 5269 5488 5494 5542 5644 5667 5689 5869 5899 5985 6019 6064 6176 6188 6268 6285 6330 6342 6368 6372 6433 6463 6484 6505 6581 6620 6777 6809 6882 6905 6931 6982 7011 7097 7107 7112 7130 7134 7158 7223 7491 7520 7649 7662 7747 7772 7778 7792 7807 7867 7893 8077 8090 8283 8374 8382 8388 8479 8487 8494 8543 8629 8783 8958 8976 9081 9097 9361 9369 9374 9381 9395 9399 9460 9533 9556 9611 9623 9660 9674 9729 9802 9947 9964 10085 10110 10310 10320 10373 10417 10449 10478 10589 10599 10624 10651 10662 10669 10684 10736 10750 10901 10958 11046 11080 11137 11211 11241 11287 11383 11612 11644 11920 11960 11963 11989 12182 12234 12318 12663 12684 12813 12861 12891 13111 13115 13130 13151 13190 13228 13238 13269 13293 13356 13359 13372 13470 13482 13490 13561 13567 13660 13665 13705 13736 13822 13826 14039 14051 14067 14076 14149 14178 14279 14291 14321 14366 14380 14555 14623 14925 15019 15089 15094 15112 15317 15371 15400 15464 15475 15487 15510 15591 15736 15773 15840 15967 16002 16043 16127 16166 16175 16216 16231 16237 16268 16302 16370 16429 16476 16518 16589 
Group13_23.txt
299 671 1616 1656 3599 
Group13_24.txt
22 105 157 722 743 869 895 972 996 1009 1102 1127 1143 2376 2844 2856 4388 5269 5410 
Group13_25.txt
533 943 1105 1345 1457 1499 1586 1764 
Group13_26.txt
443 528 833 1018 1775 2076 2401 2446 2518 2579 2673 2776 2791 3069 3272 3283 3415 3429 3539 3706 3779 3887 3942 4131 4279 4361 4379 4473 4614 4828 4979 5141 5222 5631 5700 5877 6007 6025 6041 6087 6175 6385 6653 6750 6816 7079 7248 7928 8238 8278 8318 8364 8534 8552 8564 8620 8633 8722 8933 9015 9022 9026 9074 9099 9194 9479 9493 9531 10104 10187 
Group13_27.txt
190 492 531 550 860 943 1031 1062 1113 1309 1381 1394 1504 1726 2299 2390 2413 2436 2481 2493 2544 2817 2941 2998 3187 3206 3210 3218 3225 3244 3287 3297 3374 3404 
Group13_28.txt
364 371 390 400 466 486 496 1136 1220 1236 1347 1462 1486 1496 1598 1601 1752 1836 1881 1884 1937 1984 1988 2121 2147 2155 2217 2605 2641 2655 2984 3023 3147 3153 3176 3188 3280 3331 3367 
Group13_29.txt
124 167 444 495 930 975 1138 1296 1473 1813 1948 1979 2040 2130 2234 2301 2335 2384 2404 2453 2474 2586 2699 3022 3027 3040 3141 3148 3278 3315 3374 3415 3425 3472 3479 3563 3593 3628 3912 3964 3983 4015 4042 4099 4141 4147 4274 4356 4373 4412 4763 4770 4910 4915 4980 5306 
Group13_30.txt
118 192 256 388 683 911 1246 1253 1322 1365 1741 1879 1907 1976 2015 2030 2059 2263 2299 2326 2342 2347 2383 2466 2505 2554 2996 3005 3013 3053 3071 3085 3103 3449 3669 3693 3700 3800 3806 3814 3826 4085 4095 
Group13_31.txt
40 268 367 373 382 385 389 412 417 452 457 518 590 729 760 
Group13_32.txt
22 38 328 746 861 966 1029 1042 1085 1149 1249 1251 1287 1308 1368 1377 
Group13_33.txt
300 321 367 445 528 537 546 554 595 617 632 762 1649 1686 1724 1833 1839 1848 
Group13_34.txt
82 120 122 147 162 176 214 293 311 317 325 333 397 
Group13_35.txt
1153 1205 1211 1219 1340 1374 
Group13_36.txt
99 138 156 271 298 311 383 415 575 587 635 661 675 691 926 995 1051 1086 1201 1479 
Group13_37.txt
108 683 710 721 1171 
Group13_38.txt
824 1015 1043 1059 1066 1325 
Group13_39.txt
507 585 592 602 801 810 891 896 982 1021 1292 1580 1603 2012 
Group13_40.txt
64 291 425 432 438 683 717 739 803 
Group13_41.txt
8 296 330 552 794 1040 1089 1097 1107 1157 1305 1485 
Group13_42.txt
254 292 1218 1240 1274 1338 
Group13_43.txt
240 
Group13_44.txt
103 187 463 628 817 1319 1322 1412 1594 1612 1672 1677 1899 1939 1942 1948 1960 1975 2209 2217 2444 2459 2721 2728 2759 2765 2955 2989 3006 3271 3325 3615 3624 
Group13_45.txt
130 233 333 515 1575 
Group13_46.txt
113 120 161 
Group13_47.txt
226 363 696 1022 1145 1505 1702 
Group13_48.txt
109 306 1074 
Group13_49.txt
90 97 114 142 204 246 304 848 935 949 1042 1141 1470 1802 2155 
Group13_50.txt
383 765 801 988 
Group14_01.txt
64 189 259 298 405 409 483 
Group14_02.txt
55 155 162 222 
Group14_03.txt
108 285 435 
Group14_04.txt
11 122 190 491 
Group14_06.txt
305 332 345 
Group14_07.txt
167 469 
Group14_08.txt
208 
Group14_09.txt
81 
Group14_12.txt
123 
Group14_14.txt
306 367 379 
Group14_15.txt
202 
Group14_16.txt
247 259 
Group14_17.txt
171 284 327 342 
Group14_19.txt
447 
Group14_20.txt
91 140 150 230 341 376 539 734 
Group14_21.txt
87 104 123 130 254 
Group14_22.txt
11 233 246 262 282 325 501 
Group14_23.txt
184 197 225 276 
Group14_24.txt
231 281 312 
Group14_25.txt
10 80 144 160 183 187 246 249 
Group14_26.txt
243 254 
Group14_28.txt
41 342 359 369 390 546 580 622 1026 1051 
Group14_29.txt
262 
Group14_30.txt
386 
Group14_31.txt
343 812 
Group14_32.txt
141 628 710 795 903 
Group14_33.txt
253 
Group14_35.txt
137 158 874 894 1133 1143 1651 
Group14_38.txt
399 751 
Group14_39.txt
22 122 379 419 771 933 994 
Group14_40.txt
20 325 782 862 
Group14_41.txt
313 474 838 
Group14_42.txt
120 131 931 
Group14_44.txt
193 575 765 
Group14_45.txt
471 
Group14_46.txt
222 503 
Group14_48.txt
378 592 
Group14_49.txt
277 
