Group01_01.txt
430 443 450 
Group01_02.txt
240 250 268 
Group01_03.txt
188 381 942 949 
Group01_04.txt
191 
Group01_06.txt
7 17 148 157 1101 1122 1138 1153 1181 1189 1197 
Group01_07.txt
19 36 
Group01_08.txt
22 32 1070 1086 1121 1149 1157 1165 
Group01_09.txt
27 37 62 681 702 718 733 761 769 777 
Group01_12.txt
5 
Group01_14.txt
20 30 
Group01_15.txt
29 
Group01_16.txt
81 106 108 
Group01_19.txt
733 
Group01_20.txt
355 368 693 
Group01_22.txt
400 
Group01_24.txt
191 
Group01_25.txt
389 1110 
Group01_26.txt
171 290 558 645 699 
Group01_27.txt
329 
Group01_28.txt
99 429 494 
Group01_30.txt
539 555 755 
Group01_31.txt
257 
Group01_32.txt
731 
Group01_33.txt
412 725 785 796 
Group01_35.txt
261 456 
Group01_40.txt
160 
Group01_42.txt
238 451 467 
Group01_44.txt
209 
Group01_45.txt
374 
Group01_47.txt
411 
Group02_01.txt
253 263 285 475 672 
Group02_02.txt
225 238 416 500 
Group02_03.txt
315 739 1025 
Group02_04.txt
22 34 60 80 134 220 286 289 296 614 726 730 
Group02_06.txt
9 45 66 446 469 512 599 
Group02_08.txt
372 453 595 
Group02_09.txt
570 572 703 744 
Group02_10.txt
823 1087 
Group02_11.txt
10 536 700 751 900 
Group02_12.txt
704 953 995 1055 
Group02_13.txt
73 123 183 255 668 706 834 856 868 923 939 966 971 
Group02_14.txt
114 224 314 429 476 490 587 679 692 745 799 853 880 887 908 915 
Group02_15.txt
531 
Group02_16.txt
274 
Group02_17.txt
91 320 659 670 706 723 
Group02_18.txt
27 169 824 869 1699 1712 1729 1732 1746 1766 1939 2247 2273 2983 
Group02_19.txt
1098 1109 1120 1133 1151 1563 1585 
Group02_20.txt
1096 1417 
Group02_23.txt
207 218 229 239 321 331 347 359 375 471 482 553 569 613 623 681 798 839 851 883 896 968 1029 1099 1129 1139 1212 1255 1262 1283 1317 1369 1403 1445 1538 1553 
Group02_24.txt
269 414 427 486 681 861 912 1185 1195 1231 1303 1320 1328 1348 1363 1464 
Group02_25.txt
11 22 90 99 127 136 147 170 242 507 576 609 618 628 706 721 730 794 811 820 840 850 1061 1084 1102 1110 1126 1147 1154 1160 1184 1195 1216 1238 1250 1268 1297 
Group02_26.txt
9 93 174 188 371 379 395 450 467 516 529 630 673 730 
Group02_27.txt
122 503 657 777 900 994 1008 1022 1040 1063 1072 1110 1144 1314 1369 1407 1468 1501 1520 1607 1640 1695 1725 
Group02_28.txt
22 34 78 186 200 233 341 365 385 400 404 412 426 484 506 515 526 545 587 594 603 613 620 643 651 654 666 679 688 746 769 773 793 812 828 875 893 911 1018 1112 1128 1133 1151 1180 1222 1234 1403 1411 1475 1603 1624 1662 1675 1686 1728 1737 1743 1751 1756 1776 1800 1809 1827 1849 1858 1870 1883 1898 1909 1920 1925 1944 1963 1978 2009 2017 2038 2053 2098 2112 2119 
Group02_29.txt
58 215 236 387 396 489 501 565 612 693 724 742 763 778 784 787 794 842 850 860 870 887 896 902 914 924 944 969 986 1138 
Group02_30.txt
243 251 294 307 311 323 375 431 435 441 549 617 635 642 717 728 745 802 804 816 825 926 938 969 1028 1032 1084 1120 1130 1149 1156 1182 1212 1229 1250 1290 1353 1378 1390 1395 1399 1427 1526 1566 1784 1812 1925 2003 2062 2085 2101 2112 2142 2199 2262 2279 2302 2333 2340 2378 2397 2421 2489 2523 2537 2552 2577 2591 2604 2636 2661 2672 2686 2698 2723 2762 2778 2816 2870 2900 2981 3007 3049 3069 3084 3105 3108 3137 3167 3176 3200 3217 3243 3247 3267 3333 3340 3440 3481 3535 3646 3771 3802 3853 3889 3901 3912 3922 3949 3960 3969 3993 4001 4018 4028 4060 4066 
Group02_31.txt
198 208 239 258 320 343 357 380 408 443 451 463 470 473 490 507 514 522 548 553 562 635 640 678 703 745 757 770 790 803 823 842 852 867 884 895 913 1009 1030 1043 1065 1150 1174 1190 1245 1295 1310 1379 1404 1413 1492 1497 1678 1699 1739 1755 1995 2027 2052 2060 2108 2121 2137 2154 2385 2471 2521 2538 2558 2578 2595 2677 2692 2701 2766 2773 2778 2800 
Group02_32.txt
26 126 140 148 271 284 291 315 370 564 582 596 604 621 633 652 673 686 724 741 771 826 862 914 952 961 1017 1024 1041 1079 1098 1148 1155 1299 1302 1307 1461 1489 1567 1604 1636 1675 1747 1797 1819 1840 1843 1851 1876 2040 2171 2189 2506 2560 2594 2610 2647 2653 2665 2672 2685 2717 2737 
Group02_33.txt
30 44 259 282 469 532 615 933 997 1002 1039 1050 1061 1072 1159 1183 1192 1238 1246 1262 1273 1349 1356 1383 1394 1398 1512 1590 1598 1629 1637 1665 1673 1689 1750 1764 1785 1794 1800 1854 1881 1911 1920 1931 2036 2058 2091 2209 2234 2357 2405 2453 2467 2473 2490 2531 2560 2591 2600 2656 2663 2689 2694 2700 2716 2742 2775 2903 3065 3134 3266 3290 3300 3398 
Group02_35.txt
92 108 152 158 400 444 649 698 826 
Group02_36.txt
165 227 274 300 378 397 434 475 544 604 678 685 721 733 753 767 868 1020 1059 1231 1238 1244 1285 1295 1364 1521 1629 1667 1671 1683 1696 1712 
Group02_37.txt
82 356 380 417 522 583 627 664 789 833 857 878 916 936 979 996 1018 1308 
Group02_38.txt
1223 1238 2407 2451 2522 3360 3381 3405 3430 3438 
Group02_39.txt
17 67 77 81 90 139 883 1331 1338 1343 1363 1376 1382 1568 
Group02_40.txt
184 302 406 445 470 479 532 545 563 699 724 758 761 795 798 973 1022 1031 1102 1201 1211 1231 1321 1362 1450 1501 1519 1908 1955 2043 2055 2075 
Group02_41.txt
198 315 477 494 544 568 1019 1039 1440 1456 1474 1597 1618 1622 1637 1655 
Group02_42.txt
23 121 292 312 547 566 655 696 707 740 771 781 
Group02_43.txt
100 156 172 182 190 200 211 253 539 546 552 583 591 595 689 856 870 884 899 965 979 1003 1061 1068 1077 1099 1108 1187 1203 1216 1351 1361 1405 1467 1510 1540 1574 1590 1631 1641 
Group02_44.txt
26 44 48 59 68 77 109 150 174 184 190 207 216 279 301 325 357 361 384 398 429 460 535 731 746 770 783 791 815 861 915 949 954 962 969 1018 1118 1155 1220 1231 1278 1294 1321 1368 1459 1602 
Group02_45.txt
443 572 595 603 607 639 659 684 706 774 789 804 848 896 1128 1179 1196 1355 1394 1441 1473 1723 
Group02_46.txt
60 69 262 278 285 301 338 388 399 519 531 605 618 634 665 766 919 941 955 967 983 1022 1068 1071 1102 1410 1476 1493 1513 1623 1675 1708 1730 1834 1947 1995 2044 2056 2064 2442 
Group02_47.txt
5 58 70 85 110 223 537 609 863 892 916 922 932 989 996 1025 1038 1063 1085 1109 1121 1137 1168 
Group02_48.txt
166 258 301 342 357 413 534 568 601 648 741 859 879 918 928 964 994 1033 1045 1069 1092 1157 1274 1287 1305 1342 1401 1462 1468 1519 1547 1554 1575 1582 1646 1651 1735 1739 1866 1884 1931 1958 1984 1996 2015 2067 2135 2174 2351 2356 2401 2510 2519 2536 2538 2572 2581 2644 2893 2928 2931 
Group02_49.txt
30 51 103 140 155 193 214 251 290 324 355 373 388 400 421 435 453 477 509 532 556 601 661 693 706 810 836 846 877 962 1031 1145 1242 1306 1468 1486 1525 1540 1673 1856 2041 2081 2133 2420 2496 2503 2832 2928 2985 3038 3156 3166 3385 3410 3521 3534 3544 3578 3587 3603 3710 4063 
Group02_50.txt
53 112 521 525 532 597 610 725 738 744 946 1029 1229 1277 1281 1302 1379 1397 1418 1426 1495 1582 1592 1658 1683 1693 1700 1708 1714 1749 1819 1873 
Group03_02.txt
639 
Group03_03.txt
199 213 218 247 265 313 411 441 583 589 658 796 1133 1165 1189 1192 1204 1229 
Group03_04.txt
13 537 965 1274 1486 1592 1622 1784 1952 2233 2295 
Group03_05.txt
921 997 1002 1006 1010 1014 
Group03_06.txt
214 1488 2688 2769 
Group03_07.txt
1655 1985 
Group03_08.txt
556 712 
Group03_09.txt
183 883 914 977 998 1054 1062 
Group03_10.txt
1 423 528 541 554 785 836 977 
Group03_11.txt
600 825 
Group03_12.txt
322 1009 1274 1280 
Group03_13.txt
619 
Group03_14.txt
1021 1143 1157 1213 
Group03_17.txt
124 283 285 289 383 529 
Group03_19.txt
38 734 
Group03_23.txt
140 
Group03_24.txt
908 1413 
Group03_25.txt
656 
Group03_26.txt
145 573 884 
Group03_27.txt
1004 
Group03_29.txt
356 1454 1468 1688 1747 1794 2008 2014 2071 
Group03_31.txt
2804 
Group03_33.txt
1045 
Group03_34.txt
307 428 487 489 679 695 702 1521 1969 2438 2804 2845 2848 2851 2854 2858 2864 
Group03_35.txt
311 1058 1067 1090 1107 1152 1243 
Group03_36.txt
166 170 928 932 1083 1348 1631 
Group03_37.txt
389 392 408 467 714 1196 1877 1896 1903 2252 2290 2389 
Group03_38.txt
44 154 
Group03_40.txt
1024 
Group03_41.txt
320 
Group03_42.txt
340 1472 1486 1714 
Group03_44.txt
440 638 841 850 
Group03_45.txt
326 336 
Group03_48.txt
429 908 
Group03_50.txt
1271 
Group04_01.txt
323 
Group04_02.txt
398 563 665 674 680 
Group04_03.txt
99 119 142 380 409 501 
Group04_06.txt
545 
Group04_08.txt
43 392 446 598 
Group04_09.txt
361 592 
Group04_10.txt
684 
Group04_11.txt
158 
Group04_12.txt
85 
Group04_13.txt
156 620 872 909 
Group04_14.txt
299 301 599 604 640 
Group04_15.txt
15 226 893 
Group04_16.txt
150 304 317 327 349 
Group04_17.txt
600 
Group04_19.txt
91 
Group04_22.txt
329 373 407 501 515 
Group04_25.txt
394 418 496 504 
Group04_26.txt
163 584 664 
Group04_27.txt
312 
Group04_28.txt
208 511 
Group04_29.txt
557 
Group04_30.txt
297 360 380 410 466 482 597 606 641 646 655 666 785 950 956 
Group04_32.txt
463 657 804 849 
Group04_33.txt
64 508 570 
Group04_34.txt
118 282 888 
Group04_35.txt
239 
Group04_36.txt
423 
Group04_37.txt
64 
Group04_38.txt
96 376 
Group04_39.txt
455 802 810 861 868 
Group04_41.txt
13 980 
Group04_42.txt
5 
Group04_43.txt
717 
Group04_44.txt
112 655 
Group04_45.txt
396 
Group04_46.txt
316 394 597 811 914 1137 
Group05_02.txt
1255 1283 
Group05_06.txt
1104 
Group05_09.txt
47 
Group05_10.txt
355 
Group05_12.txt
87 
Group05_13.txt
1040 
Group05_14.txt
321 338 
Group05_16.txt
308 461 
Group05_17.txt
277 294 
Group05_18.txt
827 
Group05_19.txt
529 568 
Group05_20.txt
697 898 
Group05_22.txt
357 
Group05_23.txt
51 316 
Group05_24.txt
593 
Group05_25.txt
238 247 590 594 
Group05_30.txt
953 
Group05_32.txt
96 134 
Group05_40.txt
194 423 
Group05_44.txt
348 1098 
Group05_45.txt
37 42 541 
Group05_47.txt
15 
Group05_49.txt
461 478 
Group05_50.txt
143 
Group06_02.txt
282 512 532 624 
Group06_03.txt
107 313 554 
Group06_04.txt
115 199 217 229 235 321 433 469 
Group06_05.txt
477 
Group06_06.txt
175 765 
Group06_07.txt
487 500 529 537 622 
Group06_08.txt
418 435 451 457 507 
Group06_09.txt
148 250 268 533 
Group06_10.txt
168 537 761 
Group06_11.txt
58 606 832 
Group06_12.txt
176 500 542 581 
Group06_13.txt
8 210 220 481 554 
Group06_14.txt
583 663 682 
Group06_15.txt
172 184 507 527 561 821 834 880 
Group06_16.txt
450 891 927 
Group06_17.txt
931 
Group06_18.txt
734 752 769 
Group06_19.txt
180 742 
Group06_20.txt
366 391 411 
Group06_21.txt
133 161 175 182 187 377 
Group06_22.txt
493 607 613 
Group06_23.txt
662 
Group06_24.txt
368 
Group06_25.txt
127 593 661 
Group06_26.txt
195 314 320 434 449 
Group06_28.txt
65 563 
Group06_29.txt
166 
Group06_30.txt
27 
Group06_31.txt
931 
Group06_32.txt
145 662 
Group06_33.txt
67 729 754 847 
Group06_34.txt
391 418 429 436 456 
Group06_36.txt
469 577 
Group06_38.txt
197 
Group06_39.txt
291 307 
Group06_40.txt
494 
Group06_41.txt
195 207 341 
Group06_42.txt
108 157 362 422 498 563 568 
Group06_44.txt
187 346 576 684 703 903 
Group06_45.txt
12 52 425 427 584 610 624 
Group06_46.txt
103 204 673 
Group06_47.txt
436 441 
Group06_48.txt
395 423 523 
Group06_49.txt
75 101 512 
Group06_50.txt
397 400 462 477 486 
Group07_02.txt
250 739 
Group07_03.txt
140 219 1880 1942 2298 2850 
Group07_04.txt
858 
Group07_05.txt
726 736 740 
Group07_06.txt
41 137 400 716 722 728 734 752 765 767 
Group07_08.txt
114 458 507 580 615 
Group07_09.txt
117 
Group07_12.txt
836 1062 
Group07_14.txt
311 
Group07_15.txt
62 148 395 403 428 446 
Group07_16.txt
431 434 452 477 516 527 578 
Group07_17.txt
306 
Group07_18.txt
110 112 393 431 525 958 991 1220 
Group07_20.txt
407 413 425 487 
Group07_21.txt
150 
Group07_22.txt
781 
Group07_23.txt
66 82 187 197 312 325 332 382 459 506 
Group07_24.txt
198 203 217 433 520 807 967 1114 1738 
Group07_25.txt
41 
Group07_26.txt
237 255 263 324 677 696 
Group07_28.txt
51 534 
Group07_29.txt
445 530 
Group07_30.txt
970 
Group07_31.txt
873 1371 
Group07_32.txt
413 
Group07_33.txt
502 616 681 693 699 
Group07_34.txt
92 389 403 533 538 544 552 561 588 
Group07_35.txt
10 23 314 477 479 486 580 
Group07_36.txt
471 473 860 943 1181 1210 1294 
Group07_37.txt
514 977 1666 1675 
Group07_38.txt
280 336 383 517 591 749 1579 1592 1610 1792 
Group07_39.txt
57 637 
Group07_40.txt
8 28 505 607 
Group07_41.txt
163 
Group07_42.txt
175 190 211 648 656 699 718 727 734 
Group07_43.txt
144 185 
Group07_44.txt
650 659 669 683 692 703 712 
Group07_45.txt
100 114 136 197 242 251 282 288 342 494 504 538 
Group07_46.txt
108 132 411 745 
Group07_48.txt
542 597 628 707 1052 1184 
Group07_49.txt
1907 
Group07_50.txt
111 288 
Group08_01.txt
475 
Group08_02.txt
488 
Group08_04.txt
412 745 
Group08_06.txt
260 568 729 
Group08_09.txt
629 
Group08_10.txt
574 
Group08_11.txt
320 391 397 497 785 
Group08_15.txt
506 508 634 651 676 763 893 
Group08_16.txt
286 416 425 428 927 951 1104 1423 
Group08_17.txt
342 
Group08_18.txt
526 618 
Group08_19.txt
679 
Group08_20.txt
179 222 
Group08_21.txt
175 
Group08_22.txt
906 
Group08_23.txt
412 746 
Group08_24.txt
494 559 
Group08_25.txt
206 221 701 955 
Group08_29.txt
427 1350 1551 
Group08_30.txt
622 1596 1622 
Group08_31.txt
11 137 147 169 183 490 776 797 
Group08_39.txt
156 163 
Group08_41.txt
134 144 
Group08_49.txt
87 
Group08_50.txt
167 
Group09_01.txt
294 377 562 589 
Group09_02.txt
178 
Group09_03.txt
16 158 175 314 439 498 517 522 
Group09_05.txt
834 
Group09_06.txt
330 401 452 456 481 
Group09_07.txt
488 954 961 
Group09_09.txt
207 235 279 
Group09_11.txt
318 326 370 
Group09_13.txt
573 
Group09_14.txt
562 581 651 
Group09_15.txt
177 502 
Group09_16.txt
429 
Group09_17.txt
400 411 
Group09_18.txt
222 
Group09_20.txt
315 568 583 
Group09_21.txt
150 154 230 295 869 1006 1084 1096 
Group09_22.txt
311 313 614 619 655 
Group09_23.txt
518 
Group09_26.txt
352 393 405 521 1088 1129 
Group09_27.txt
474 
Group09_28.txt
288 330 438 518 
Group09_29.txt
211 220 436 611 
Group09_31.txt
220 
Group09_33.txt
508 
Group09_35.txt
464 552 703 743 759 
Group09_36.txt
518 
Group09_37.txt
1015 1163 1266 1279 
Group09_38.txt
87 103 242 589 613 
Group09_39.txt
549 623 
Group09_40.txt
599 627 
Group09_41.txt
480 574 
Group09_42.txt
246 
Group09_43.txt
244 257 260 
Group09_44.txt
158 
Group09_46.txt
503 512 527 541 
Group09_47.txt
559 561 
Group09_48.txt
186 484 608 
Group09_49.txt
479 492 
Group10_02.txt
454 
Group10_03.txt
547 557 585 588 650 679 712 825 882 886 893 940 944 
Group10_04.txt
6 285 486 501 
Group10_07.txt
12 
Group10_08.txt
520 
Group10_09.txt
662 
Group10_10.txt
531 537 581 
Group10_11.txt
928 951 1145 
Group10_12.txt
366 
Group10_13.txt
172 718 
Group10_15.txt
128 354 468 491 
Group10_16.txt
208 
Group10_17.txt
133 141 163 762 
Group10_19.txt
126 138 396 
Group10_21.txt
513 529 
Group10_26.txt
454 
Group10_27.txt
628 988 
Group10_28.txt
127 
Group10_29.txt
667 
Group10_30.txt
110 
Group10_31.txt
29 34 42 66 72 77 96 209 220 282 308 338 366 370 402 408 455 468 
Group10_32.txt
167 242 250 568 631 636 647 663 
Group10_33.txt
73 527 
Group10_35.txt
1294 1378 1697 1710 
Group10_36.txt
401 688 722 876 
Group10_37.txt
243 298 713 726 
Group10_38.txt
305 742 752 1107 1133 1234 
Group10_39.txt
319 561 
Group10_40.txt
65 226 268 297 337 
Group10_41.txt
174 185 190 218 
Group10_43.txt
615 
Group10_44.txt
527 
Group10_45.txt
313 411 517 
Group10_47.txt
224 231 365 376 925 954 969 
Group10_48.txt
204 224 517 
Group10_49.txt
512 518 582 626 
Group10_50.txt
304 
Group11-01.txt
275 543 792 818 
Group11-02.txt
136 144 146 331 349 413 1066 1163 
Group11-03.txt
372 442 454 544 
Group11-04.txt
276 
Group11-05.txt
647 667 673 845 866 970 981 1077 1116 1152 1307 1436 1473 1950 1971 2078 2083 
Group11-06.txt
420 427 498 
Group11-07.txt
192 288 353 419 524 589 
Group11-08.txt
367 508 535 594 
Group11-10.txt
234 319 335 359 372 
Group11-11.txt
491 
Group11-12.txt
574 727 734 
Group11-13.txt
216 258 
Group11-14.txt
318 337 369 374 380 594 610 729 779 
Group11-15.txt
461 1031 
Group11-16.txt
1410 1802 1861 1864 2714 2733 3224 
Group11-17.txt
66 319 513 582 742 
Group11-18.txt
330 551 617 
Group11-19.txt
199 236 241 244 491 582 593 
Group11-20.txt
210 213 216 220 604 672 686 695 699 796 954 
Group11-21.txt
125 214 678 
Group11-23.txt
118 474 
Group11-24.txt
1047 1147 1154 1808 1983 1991 
Group11-26.txt
260 
Group11-28.txt
775 889 918 925 934 941 965 969 
Group11-29.txt
259 265 390 676 705 712 721 728 752 756 
Group11-30.txt
552 581 588 597 604 628 632 
Group11-31.txt
4 
Group11-32.txt
725 754 761 770 777 801 805 
Group11-33.txt
770 
Group11-35.txt
176 201 445 
Group11-38.txt
314 323 
Group11-39.txt
169 176 183 205 222 228 246 278 281 283 294 297 316 332 404 498 506 515 560 573 578 591 645 650 660 
Group11-43.txt
276 280 292 
Group11-45.txt
390 485 650 653 
Group11-46.txt
587 591 886 
Group11-47.txt
196 201 213 398 404 549 737 
Group11-48.txt
708 
Group11-50.txt
120 360 406 525 647 949 955 976 
Group12_01.txt
284 344 369 375 393 559 585 592 639 707 733 740 787 833 868 893 899 917 1291 1421 1458 1477 
Group12_02.txt
1846 2058 2090 
Group12_04.txt
486 1156 1176 1188 1201 1344 1956 1989 2170 2178 2284 2519 2524 2550 2850 
Group12_05.txt
270 
Group12_06.txt
948 963 1207 1389 
Group12_07.txt
298 844 895 910 928 1090 1252 
Group12_08.txt
316 
Group12_09.txt
9 17 249 263 270 342 543 663 763 812 823 826 831 836 863 897 915 948 1006 1061 1090 1105 1137 1156 
Group12_10.txt
272 807 
Group12_11.txt
757 
Group12_12.txt
757 891 898 
Group12_14.txt
310 340 381 385 514 537 640 655 674 806 844 915 924 946 958 982 
Group12_16.txt
300 
Group12_17.txt
2 63 183 
Group12_19.txt
177 295 313 321 329 714 877 882 916 
Group12_20.txt
590 
Group12_21.txt
290 325 
Group12_22.txt
488 581 661 
Group12_23.txt
564 
Group12_24.txt
291 771 782 884 
Group12_26.txt
483 644 740 858 1182 1224 1588 1632 1649 
Group12_29.txt
502 
Group12_31.txt
247 
Group12_32.txt
257 274 281 
Group12_33.txt
511 
Group12_35.txt
296 414 476 614 622 643 655 
Group12_36.txt
228 
Group12_40.txt
662 
Group12_41.txt
712 
Group12_42.txt
863 872 898 1465 
Group12_43.txt
377 385 
Group12_46.txt
473 560 568 
Group12_47.txt
343 
Group12_48.txt
198 222 
Group12_49.txt
689 2693 2704 
Group13_01.txt
526 532 546 
Group13_02.txt
516 1028 1031 1250 1339 1341 1360 1763 
Group13_03.txt
483 502 
Group13_04.txt
244 260 266 473 744 863 880 890 1199 1218 
Group13_05.txt
990 1276 
Group13_06.txt
126 329 334 412 414 978 982 1002 1009 1015 1018 1531 1538 1716 2737 
Group13_07.txt
483 611 619 
Group13_12.txt
645 
Group13_13.txt
154 
Group13_14.txt
310 417 
Group13_16.txt
97 
Group13_17.txt
248 309 
Group13_18.txt
146 150 161 167 602 659 
Group13_19.txt
246 
Group13_20.txt
573 753 757 
Group13_21.txt
481 864 906 1746 
Group13_22.txt
463 520 1380 1679 1801 1866 3055 3140 3442 3884 4225 6392 6394 6402 7382 7390 8673 8676 8680 8917 10675 12162 13701 13753 13801 14508 14514 15423 15512 15536 16244 
Group13_23.txt
1489 2288 2343 3136 3144 
Group13_24.txt
181 186 190 201 418 433 2786 3345 3354 3374 3398 3414 3425 3578 4141 
Group13_25.txt
2088 
Group13_26.txt
963 2938 3948 4659 4676 4836 4851 4858 6170 6582 6597 7460 8133 8137 8141 
Group13_27.txt
2870 2893 
Group13_28.txt
1420 
Group13_29.txt
4221 4302 4308 5230 
Group13_31.txt
184 
Group13_32.txt
87 323 418 621 908 920 1300 1370 1411 
Group13_33.txt
213 865 1229 1495 
Group13_35.txt
67 174 181 
Group13_36.txt
264 472 494 705 823 1179 1188 1212 1224 1287 1318 1330 1341 1351 1391 
Group13_38.txt
471 504 830 837 923 1047 1072 1080 1195 1321 1486 
Group13_39.txt
1422 2001 
Group13_40.txt
35 427 548 628 1043 
Group13_41.txt
25 347 1056 1658 
Group13_42.txt
1143 
Group13_44.txt
201 1015 1018 1782 1792 1797 2608 2902 2920 2964 2980 3366 3820 3908 3915 3918 
Group13_45.txt
1635 
Group13_46.txt
392 930 
Group13_47.txt
185 1421 1496 1679 
Group13_48.txt
2011 
Group13_49.txt
575 1265 1288 1294 1298 1384 1683 2083 
Group13_50.txt
1363 1377 
Group14_01.txt
247 
Group14_04.txt
95 120 
Group14_05.txt
105 
Group14_08.txt
122 
Group14_09.txt
378 
Group14_10.txt
332 
Group14_11.txt
18 245 
Group14_13.txt
253 
Group14_19.txt
183 
Group14_20.txt
429 450 681 924 
Group14_22.txt
185 387 407 
Group14_23.txt
133 137 147 159 250 253 260 264 346 
Group14_25.txt
212 
Group14_26.txt
22 577 
Group14_27.txt
25 
Group14_28.txt
365 380 384 465 575 717 788 883 972 981 1020 1036 
Group14_29.txt
109 360 390 
Group14_30.txt
540 545 620 885 894 896 902 
Group14_31.txt
130 200 218 794 937 
Group14_32.txt
359 
Group14_33.txt
33 703 750 1019 
Group14_40.txt
9 
Group14_48.txt
672 
