Group01_36.txt
34 411 422 459 
Group02_04.txt
387 
Group02_10.txt
8 11 73 90 236 365 388 437 451 534 592 1105 
Group02_29.txt
841 859 885 942 
Group03_07.txt
377 2284 2398 2521 
Group03_19.txt
565 
Group03_26.txt
270 1008 
Group04_06.txt
264 
Group05_14.txt
699 
Group05_49.txt
811 
Group08_07.txt
99 127 181 310 336 367 
Group08_13.txt
56 132 204 245 295 505 545 583 849 867 898 949 1039 
Group08_43.txt
570 
Group09_16.txt
21 53 170 
Group11-05.txt
2195 
Group13_26.txt
2015 
Group13_31.txt
94 108 147 181 214 356 380 395 425 446 736 
Group14_34.txt
346 
Group14_35.txt
712 1085 
Group14_37.txt
242 
Group14_38.txt
187 777 918 
Group14_39.txt
676 
Group14_40.txt
125 632 
Group14_42.txt
505 532 
Group14_44.txt
250 267 
Group14_47.txt
153 212 236 
Group14_48.txt
427 
