Group01_01.txt
439 
Group01_06.txt
1085 
Group01_07.txt
298 311 609 632 
Group01_09.txt
521 665 
Group01_11.txt
447 769 776 899 
Group01_12.txt
25 689 
Group01_16.txt
88 222 366 424 
Group01_19.txt
90 
Group01_21.txt
63 410 
Group01_23.txt
392 
Group01_25.txt
856 898 949 
Group01_26.txt
0 
Group01_27.txt
106 207 330 
Group01_29.txt
69 230 622 
Group01_30.txt
90 253 646 
Group01_32.txt
882 905 
Group01_34.txt
102 
Group01_35.txt
300 785 907 
Group01_36.txt
69 221 311 455 510 634 
Group01_37.txt
380 
Group01_38.txt
63 408 
Group01_39.txt
362 400 420 
Group01_40.txt
637 
Group01_41.txt
371 
Group01_42.txt
581 
Group01_46.txt
101 293 
Group01_47.txt
146 
Group02_02.txt
89 
Group02_06.txt
561 572 
Group02_10.txt
261 398 615 1012 
Group02_11.txt
286 691 
Group02_14.txt
554 616 721 746 
Group02_16.txt
580 711 
Group02_17.txt
30 177 
Group02_18.txt
352 473 500 921 2581 2961 2965 2970 
Group02_22.txt
2226 
Group02_24.txt
548 1289 1478 
Group02_27.txt
582 614 1821 
Group02_30.txt
718 3482 
Group02_31.txt
857 
Group02_32.txt
70 
Group02_33.txt
1529 1959 
Group02_35.txt
179 721 
Group02_36.txt
953 
Group02_38.txt
153 2204 
Group02_39.txt
424 919 
Group02_40.txt
885 1281 1502 1520 
Group02_41.txt
242 
Group02_42.txt
11 
Group02_43.txt
145 478 694 721 935 1116 1217 1431 1495 1507 
Group02_44.txt
271 371 425 434 589 659 753 931 
Group02_47.txt
1400 
Group02_48.txt
569 
Group03_01.txt
195 281 
Group03_02.txt
572 
Group03_04.txt
490 1222 1355 1361 1411 1455 1605 1801 2304 
Group03_05.txt
968 
Group03_06.txt
185 1829 2133 
Group03_07.txt
46 202 373 1835 2126 2363 
Group03_08.txt
43 177 212 237 282 308 383 413 433 464 469 483 734 742 
Group03_09.txt
244 346 605 889 
Group03_10.txt
431 
Group03_11.txt
61 232 
Group03_12.txt
14 100 186 335 357 393 416 422 530 540 688 700 786 794 809 969 980 1116 1239 1245 1256 1262 
Group03_13.txt
94 117 433 753 778 
Group03_14.txt
842 873 903 914 
Group03_16.txt
877 
Group03_17.txt
530 598 
Group03_18.txt
115 165 447 546 568 
Group03_19.txt
877 
Group03_21.txt
505 524 731 1304 1428 1559 1651 1661 
Group03_24.txt
374 483 831 1334 1467 
Group03_25.txt
577 
Group03_26.txt
39 543 624 634 1127 
Group03_27.txt
301 314 330 335 504 584 751 1093 1196 1548 
Group03_28.txt
608 745 
Group03_29.txt
345 1441 1478 1748 
Group03_30.txt
289 936 
Group03_31.txt
1101 1645 
Group03_33.txt
105 257 427 438 454 1375 
Group03_34.txt
58 985 1345 2817 
Group03_35.txt
975 1084 1165 
Group03_36.txt
535 809 823 908 1010 1202 1580 
Group03_37.txt
1148 1527 2081 
Group03_38.txt
434 1034 
Group03_40.txt
84 236 406 417 433 
Group03_42.txt
329 1459 1496 
Group03_43.txt
669 
Group03_44.txt
169 334 487 496 683 863 
Group03_45.txt
151 376 511 
Group03_46.txt
451 
Group03_47.txt
18 21 24 29 185 225 1066 
Group03_48.txt
578 756 761 769 
Group04_01.txt
161 181 510 532 616 810 
Group04_02.txt
308 433 
Group04_03.txt
428 
Group04_04.txt
103 499 
Group04_05.txt
385 401 
Group04_07.txt
63 454 1105 1131 1174 
Group04_08.txt
388 655 679 
Group04_10.txt
147 158 225 231 679 685 1150 
Group04_11.txt
35 80 91 124 365 421 510 538 
Group04_12.txt
72 95 129 314 483 537 542 603 
Group04_16.txt
471 
Group04_17.txt
998 
Group04_18.txt
206 298 309 318 
Group04_19.txt
225 235 248 288 326 384 410 495 
Group04_21.txt
700 
Group04_22.txt
362 520 524 532 
Group04_23.txt
29 503 
Group04_25.txt
369 
Group04_27.txt
319 404 481 
Group04_28.txt
128 323 647 
Group04_29.txt
190 201 246 545 
Group04_30.txt
200 483 780 893 951 1026 
Group04_31.txt
156 200 394 412 418 486 
Group04_32.txt
92 186 392 426 496 516 
Group04_33.txt
50 238 386 398 404 426 443 545 
Group04_34.txt
124 132 247 653 909 
Group04_36.txt
331 
Group04_37.txt
191 307 324 374 383 404 
Group04_38.txt
591 
Group04_39.txt
811 
Group04_40.txt
521 
Group04_41.txt
973 
Group04_42.txt
35 171 
Group04_44.txt
345 
Group04_46.txt
70 257 395 1106 1116 
Group04_47.txt
35 76 157 530 532 565 594 607 612 
Group04_48.txt
95 370 375 
Group04_50.txt
613 630 638 
Group05_03.txt
6 150 321 
Group05_04.txt
715 
Group05_05.txt
56 285 464 
Group05_09.txt
66 79 860 
Group05_15.txt
300 
Group05_16.txt
397 
Group05_17.txt
60 152 
Group05_19.txt
198 509 
Group05_20.txt
830 
Group05_21.txt
674 784 
Group05_22.txt
383 
Group05_23.txt
206 626 
Group05_25.txt
104 259 1010 
Group05_27.txt
598 1216 1357 1379 
Group05_28.txt
243 
Group05_29.txt
46 297 432 
Group05_33.txt
88 
Group05_44.txt
532 567 
Group05_45.txt
48 53 
Group05_48.txt
30 482 
Group05_50.txt
333 
Group06_03.txt
64 94 560 640 
Group06_04.txt
633 652 
Group06_06.txt
671 
Group06_07.txt
611 
Group06_08.txt
307 318 
Group06_09.txt
107 356 430 
Group06_11.txt
154 587 
Group06_14.txt
440 454 
Group06_15.txt
210 
Group06_16.txt
942 
Group06_17.txt
64 428 693 
Group06_19.txt
276 336 409 518 
Group06_20.txt
137 211 313 432 488 
Group06_21.txt
192 549 638 780 805 
Group06_22.txt
602 
Group06_23.txt
341 791 797 
Group06_24.txt
12 190 198 
Group06_25.txt
398 498 569 583 
Group06_27.txt
211 
Group06_28.txt
134 394 414 504 
Group06_29.txt
196 
Group06_31.txt
64 428 693 
Group06_32.txt
351 418 578 703 
Group06_33.txt
68 717 755 
Group06_37.txt
421 453 
Group06_38.txt
301 
Group06_39.txt
133 161 210 
Group06_40.txt
364 368 
Group06_41.txt
235 528 
Group06_44.txt
168 721 739 
Group06_45.txt
163 552 649 
Group07_02.txt
355 713 
Group07_03.txt
480 1004 1586 1752 1754 2417 
Group07_04.txt
402 
Group07_05.txt
291 603 737 741 746 773 785 
Group07_06.txt
121 126 132 145 418 482 
Group07_07.txt
598 604 1263 1331 
Group07_08.txt
320 382 464 
Group07_10.txt
274 279 
Group07_11.txt
131 281 
Group07_12.txt
420 668 
Group07_13.txt
412 
Group07_14.txt
520 
Group07_16.txt
260 
Group07_17.txt
108 425 
Group07_18.txt
200 230 358 376 382 394 1061 1124 1147 1379 1384 
Group07_19.txt
394 
Group07_20.txt
409 461 
Group07_21.txt
14 49 154 887 
Group07_22.txt
17 642 779 
Group07_23.txt
195 
Group07_24.txt
160 204 800 1574 
Group07_26.txt
325 692 697 
Group07_28.txt
22 
Group07_29.txt
505 
Group07_30.txt
344 
Group07_31.txt
21 219 949 1018 1660 1920 
Group07_32.txt
90 146 160 261 287 326 414 
Group07_33.txt
140 148 195 628 678 
Group07_34.txt
518 
Group07_36.txt
474 979 
Group07_37.txt
38 1089 1112 1392 
Group07_40.txt
119 781 
Group07_41.txt
172 177 
Group07_42.txt
116 202 205 369 519 
Group07_43.txt
359 
Group07_45.txt
81 101 181 289 339 495 
Group07_46.txt
752 
Group07_48.txt
1041 
Group07_49.txt
2588 
Group07_50.txt
83 86 124 165 270 297 449 623 707 
Group08_01.txt
623 
Group08_03.txt
313 
Group08_04.txt
476 605 633 641 666 
Group08_05.txt
191 345 366 369 422 
Group08_06.txt
872 
Group08_07.txt
150 326 
Group08_09.txt
388 410 422 528 591 654 671 
Group08_10.txt
722 
Group08_12.txt
732 
Group08_13.txt
198 239 339 366 606 635 716 857 958 
Group08_14.txt
351 517 
Group08_15.txt
473 588 681 784 
Group08_16.txt
504 515 979 
Group08_17.txt
955 
Group08_19.txt
225 376 649 694 
Group08_20.txt
155 344 366 799 1098 1240 
Group08_21.txt
390 483 
Group08_22.txt
727 763 781 
Group08_23.txt
476 606 634 642 667 
Group08_24.txt
391 
Group08_25.txt
215 504 1224 
Group08_26.txt
45 
Group08_28.txt
112 384 605 625 
Group08_29.txt
125 533 548 672 696 1099 
Group08_30.txt
38 112 186 214 506 721 1475 
Group08_31.txt
316 
Group08_33.txt
87 
Group08_37.txt
121 
Group08_40.txt
413 
Group08_43.txt
371 410 422 
Group08_46.txt
272 
Group08_47.txt
413 445 
Group08_49.txt
27 206 
Group08_50.txt
218 
Group09_03.txt
299 
Group09_07.txt
56 76 288 
Group09_08.txt
76 262 277 308 443 520 
Group09_09.txt
236 249 371 431 527 826 
Group09_10.txt
84 292 843 
Group09_11.txt
209 556 602 
Group09_12.txt
83 112 220 236 423 445 
Group09_13.txt
288 403 456 522 
Group09_14.txt
82 125 165 347 440 450 457 472 494 607 649 652 751 
Group09_15.txt
205 279 479 
Group09_16.txt
22 50 54 65 95 217 357 418 472 
Group09_17.txt
105 230 237 248 262 285 302 355 395 588 608 620 698 742 792 
Group09_18.txt
173 265 484 523 537 542 
Group09_19.txt
55 470 482 510 
Group09_21.txt
811 827 
Group09_23.txt
295 358 373 
Group09_24.txt
429 
Group09_25.txt
509 532 
Group09_26.txt
346 1118 
Group09_27.txt
444 
Group09_30.txt
445 488 
Group09_31.txt
77 274 480 517 548 554 
Group09_33.txt
143 276 342 
Group09_34.txt
112 180 201 206 560 
Group09_35.txt
45 188 253 262 328 416 500 523 630 775 
Group09_36.txt
62 248 289 308 326 442 
Group09_37.txt
28 54 297 488 911 1204 1223 1240 1276 
Group09_38.txt
347 385 
Group09_39.txt
72 558 
Group09_40.txt
407 509 628 812 
Group09_42.txt
227 
Group09_45.txt
320 
Group09_46.txt
107 
Group09_47.txt
153 249 
Group09_48.txt
403 
Group09_49.txt
483 486 513 527 584 809 
Group09_50.txt
287 447 488 582 
Group10_03.txt
69 92 119 167 695 806 851 
Group10_04.txt
334 358 361 
Group10_06.txt
50 59 
Group10_09.txt
145 
Group10_10.txt
934 
Group10_11.txt
936 948 1142 
Group10_13.txt
260 262 482 
Group10_14.txt
495 
Group10_15.txt
271 
Group10_18.txt
310 478 521 529 727 
Group10_22.txt
360 
Group10_23.txt
487 
Group10_28.txt
49 254 474 489 611 638 888 894 
Group10_29.txt
18 114 123 179 261 293 352 427 607 621 768 821 826 858 984 
Group10_31.txt
299 
Group10_32.txt
398 669 682 
Group10_33.txt
115 174 498 814 1158 1167 1452 1717 
Group10_35.txt
1370 1608 1678 
Group10_36.txt
111 449 
Group10_37.txt
389 
Group10_38.txt
11 192 306 
Group10_39.txt
879 
Group10_40.txt
80 116 244 254 287 351 392 483 526 550 633 
Group10_41.txt
314 
Group10_42.txt
16 459 
Group10_43.txt
184 521 
Group10_44.txt
61 360 365 380 477 533 
Group10_47.txt
2 13 18 48 121 128 261 339 444 518 540 993 1035 
Group10_48.txt
118 177 306 418 427 
Group10_49.txt
222 231 
Group10_50.txt
62 406 
Group11-01.txt
382 555 
Group11-02.txt
461 572 854 
Group11-03.txt
479 
Group11-04.txt
176 312 637 857 861 898 
Group11-05.txt
163 580 588 715 1248 1425 1430 1457 1470 1865 2150 2202 
Group11-07.txt
579 
Group11-08.txt
165 183 290 
Group11-09.txt
49 
Group11-10.txt
124 
Group11-11.txt
253 
Group11-12.txt
302 
Group11-13.txt
308 484 
Group11-14.txt
59 145 153 319 338 414 611 650 674 739 1139 
Group11-15.txt
149 160 232 462 577 2071 
Group11-16.txt
377 519 586 1182 1202 1534 2037 2871 3110 
Group11-17.txt
649 
Group11-19.txt
212 223 416 626 687 
Group11-20.txt
305 317 1134 1316 
Group11-21.txt
560 572 
Group11-23.txt
73 784 
Group11-24.txt
77 456 1155 1873 1876 1882 2079 
Group11-28.txt
252 728 
Group11-31.txt
53 
Group11-32.txt
51 299 515 587 
Group11-35.txt
119 168 266 
Group11-36.txt
173 216 
Group11-37.txt
202 274 340 614 666 735 764 
Group11-38.txt
210 388 
Group11-39.txt
195 288 295 298 304 310 317 
Group11-40.txt
111 
Group11-42.txt
445 
Group11-44.txt
23 606 
Group11-45.txt
461 547 1230 
Group11-46.txt
35 94 694 
Group11-47.txt
214 233 308 339 358 416 607 
Group11-48.txt
236 270 338 421 430 610 635 
Group11-50.txt
123 412 425 858 923 
Group12_01.txt
593 741 1459 1547 
Group12_02.txt
507 1570 1591 1614 1725 1984 
Group12_04.txt
541 576 698 761 1653 1743 1753 1842 1853 2174 2304 2708 2718 
Group12_05.txt
132 280 303 514 611 639 
Group12_06.txt
387 795 935 1243 
Group12_08.txt
592 
Group12_09.txt
302 307 
Group12_11.txt
799 
Group12_12.txt
799 
Group12_13.txt
44 277 568 1412 1458 1669 1688 
Group12_14.txt
338 364 382 386 515 538 616 641 735 983 
Group12_15.txt
222 348 494 
Group12_16.txt
407 521 
Group12_17.txt
292 388 408 467 
Group12_18.txt
399 
Group12_20.txt
72 139 186 358 416 
Group12_21.txt
260 493 679 
Group12_22.txt
729 741 
Group12_23.txt
512 535 541 
Group12_24.txt
207 325 373 576 
Group12_25.txt
107 
Group12_26.txt
43 149 234 430 445 456 484 496 630 741 974 1035 1090 1174 1250 
Group12_27.txt
281 
Group12_30.txt
263 501 
Group12_33.txt
247 396 
Group12_35.txt
75 245 319 415 419 507 580 
Group12_38.txt
237 287 295 
Group12_40.txt
40 138 279 524 
Group12_42.txt
454 465 574 616 648 683 892 920 1057 1085 1444 
Group12_43.txt
397 696 
Group12_46.txt
297 593 598 
Group12_48.txt
503 
Group12_49.txt
1436 1480 1517 1563 1579 1586 1602 1612 1705 2339 
Group12_50.txt
57 67 119 148 297 
Group13_02.txt
217 666 671 1032 1309 1342 2013 2037 
Group13_04.txt
81 88 106 740 1210 
Group13_05.txt
394 470 1705 1979 
Group13_06.txt
1345 1678 2303 
Group13_07.txt
484 
Group13_08.txt
28 401 
Group13_10.txt
58 347 602 613 714 775 797 870 
Group13_12.txt
479 
Group13_13.txt
30 
Group13_14.txt
31 313 404 434 474 485 557 564 
Group13_15.txt
406 574 
Group13_17.txt
77 207 294 
Group13_18.txt
137 
Group13_20.txt
300 
Group13_21.txt
59 380 748 849 907 1969 
Group13_22.txt
686 808 1279 1370 1846 2099 2989 3012 3566 4438 4441 4602 4857 4868 4996 5229 5332 5474 5596 5767 7073 7620 8136 8244 8262 8418 8817 9009 9153 9180 9569 9584 9921 10169 10207 10709 10926 11540 11556 11635 12510 12527 13161 13366 13448 13505 13514 13606 13795 13990 15170 15267 15569 15608 16027 16071 16560 
Group13_23.txt
231 2849 3133 3167 
Group13_24.txt
901 1139 1266 2929 3917 3949 5226 5278 
Group13_25.txt
615 708 749 1023 1290 2400 
Group13_26.txt
990 1176 2109 2432 3210 3395 3743 3923 3961 4114 4125 4143 4794 5111 5371 5783 6124 6182 7199 7436 7729 8220 8268 8659 8915 10232 10241 
Group13_27.txt
586 648 667 678 807 825 904 932 1038 1068 1094 1122 1150 1169 1250 2187 2278 2287 2334 2337 2341 3088 3098 3110 3116 3260 3279 3470 3479 
Group13_28.txt
599 613 630 1031 1062 1116 1339 1570 2211 2374 3055 
Group13_29.txt
100 110 201 426 726 843 945 1168 1225 1287 1362 1405 1409 1429 1447 1466 1909 2022 2281 2286 2947 2955 2958 2989 3076 3127 3180 3194 3196 3249 3395 3447 3508 3771 4026 4038 4088 4109 4117 4291 4331 4709 4790 4799 4935 
Group13_30.txt
898 1728 1744 1769 2006 2079 2101 2975 
Group13_31.txt
35 263 337 483 500 799 
Group13_32.txt
754 909 1344 1371 
Group13_33.txt
214 995 1441 1802 
Group13_35.txt
83 132 328 722 1536 
Group13_36.txt
213 265 459 495 536 543 679 707 824 1011 1099 1180 1437 
Group13_37.txt
1496 1549 
Group13_38.txt
100 787 1071 
Group13_39.txt
946 1102 1133 1138 1145 
Group13_40.txt
174 279 
Group13_41.txt
820 908 1171 1199 1686 
Group13_42.txt
343 1139 
Group13_44.txt
155 486 3282 3635 3643 3701 3704 3919 
Group13_45.txt
242 530 1143 
Group13_46.txt
221 1069 1428 1916 
Group13_47.txt
371 774 790 1056 1497 
Group13_48.txt
417 1229 1246 2371 
Group13_49.txt
1047 1695 
Group13_50.txt
753 
Group14_01.txt
110 248 
Group14_02.txt
149 
Group14_04.txt
53 114 
Group14_08.txt
194 
Group14_14.txt
430 450 462 
Group14_18.txt
385 
Group14_20.txt
571 749 
Group14_24.txt
134 328 372 379 
Group14_25.txt
128 220 581 
Group14_28.txt
307 466 481 528 
Group14_30.txt
266 524 530 886 905 
Group14_31.txt
394 402 768 
Group14_32.txt
989 
Group14_33.txt
324 
Group14_35.txt
376 392 1156 
Group14_38.txt
584 
Group14_39.txt
1014 
Group14_40.txt
743 
Group14_41.txt
488 800 
Group14_50.txt
628 
