Group01_01.txt
111 
Group01_06.txt
759 
Group01_07.txt
202 496 
Group01_08.txt
698 
Group01_09.txt
199 
Group01_10.txt
34 
Group01_11.txt
301 456 463 826 837 
Group01_12.txt
31 87 
Group01_15.txt
408 
Group01_16.txt
72 
Group01_18.txt
294 
Group01_20.txt
367 384 
Group01_21.txt
180 
Group01_22.txt
224 
Group01_25.txt
962 
Group01_26.txt
170 388 
Group01_29.txt
7 291 380 
Group01_30.txt
438 
Group01_32.txt
534 842 872 943 1096 
Group01_33.txt
539 
Group01_35.txt
1050 
Group01_38.txt
179 
Group01_39.txt
12 
Group01_41.txt
467 
Group01_44.txt
207 
Group01_45.txt
529 
Group01_46.txt
8 178 288 
Group01_47.txt
424 
Group01_50.txt
279 
Group02_02.txt
237 627 
Group02_03.txt
229 933 
Group02_04.txt
46 499 570 665 
Group02_05.txt
14 31 42 99 209 478 624 685 
Group02_06.txt
125 596 
Group02_08.txt
445 
Group02_11.txt
535 625 
Group02_12.txt
842 
Group02_13.txt
4 171 372 
Group02_14.txt
133 914 
Group02_16.txt
56 191 
Group02_17.txt
0 40 658 
Group02_18.txt
26 1089 1304 2175 
Group02_19.txt
97 130 527 544 615 620 671 1146 1157 1459 1477 1494 1505 1521 1538 1566 1597 1862 
Group02_20.txt
439 1415 2176 2728 
Group02_21.txt
420 683 718 884 890 1412 1442 2070 2163 2247 2297 
Group02_22.txt
234 1028 1037 1117 1120 2248 2401 
Group02_23.txt
1308 
Group02_24.txt
860 
Group02_25.txt
87 96 342 
Group02_26.txt
362 375 858 
Group02_27.txt
508 1354 
Group02_28.txt
678 723 874 1034 1094 1314 1593 2025 
Group02_29.txt
229 611 820 840 858 
Group02_30.txt
372 501 634 824 837 1700 1731 1924 3948 
Group02_31.txt
94 268 855 2449 
Group02_32.txt
513 629 679 708 735 1122 1133 1460 1635 
Group02_33.txt
24 1348 1434 2002 3375 
Group02_34.txt
1378 
Group02_36.txt
237 391 714 
Group02_37.txt
58 416 764 773 
Group02_38.txt
1415 1581 2291 2404 2446 
Group02_39.txt
392 1566 
Group02_40.txt
357 723 757 794 1026 1517 1586 2278 
Group02_41.txt
1213 1263 
Group02_43.txt
89 97 105 144 153 1312 1582 1617 
Group02_44.txt
656 1152 
Group02_45.txt
140 155 1933 
Group02_46.txt
908 
Group02_47.txt
64 211 1382 
Group02_48.txt
2509 2921 
Group02_49.txt
474 4315 
Group02_50.txt
1301 1973 
Group03_01.txt
427 
Group03_03.txt
808 1187 
Group03_04.txt
715 1688 
Group03_05.txt
1034 
Group03_06.txt
206 401 709 942 1942 1949 
Group03_07.txt
126 737 841 1461 1759 2538 
Group03_08.txt
16 525 532 638 733 854 
Group03_09.txt
76 520 765 
Group03_10.txt
517 
Group03_11.txt
824 
Group03_12.txt
38 222 237 321 
Group03_13.txt
868 
Group03_15.txt
495 
Group03_17.txt
41 
Group03_18.txt
7 251 409 733 958 
Group03_19.txt
686 
Group03_20.txt
386 
Group03_21.txt
274 1458 2011 
Group03_23.txt
168 309 320 414 540 774 
Group03_24.txt
249 254 411 589 1182 1186 1234 1348 1416 
Group03_26.txt
1469 
Group03_27.txt
727 1132 1757 
Group03_28.txt
392 
Group03_29.txt
502 569 849 938 952 1932 2116 
Group03_30.txt
204 986 1550 
Group03_31.txt
857 2181 2377 2849 2920 
Group03_32.txt
109 1145 
Group03_33.txt
580 1203 1303 
Group03_34.txt
678 701 1139 1202 1221 1225 1229 1384 1452 1464 1806 1990 2592 2736 
Group03_35.txt
0 310 492 525 622 627 802 1047 1057 1137 1202 
Group03_36.txt
5 525 534 1016 1034 1042 1169 
Group03_37.txt
38 542 543 587 1688 1692 2338 
Group03_38.txt
640 944 
Group03_39.txt
92 
Group03_40.txt
559 
Group03_42.txt
486 553 839 931 945 
Group03_43.txt
574 
Group03_44.txt
630 641 865 
Group03_45.txt
128 283 368 440 
Group03_46.txt
161 317 343 430 549 
Group03_47.txt
0 188 666 1077 
Group03_48.txt
366 620 
Group03_49.txt
217 221 513 541 587 864 922 
Group03_50.txt
827 845 1022 1296 
Group04_01.txt
139 
Group04_03.txt
500 
Group04_05.txt
352 505 
Group04_06.txt
767 
Group04_07.txt
637 
Group04_08.txt
427 
Group04_10.txt
45 770 781 
Group04_12.txt
447 
Group04_13.txt
432 678 
Group04_15.txt
1075 
Group04_19.txt
158 337 
Group04_21.txt
657 
Group04_22.txt
94 328 416 458 
Group04_23.txt
55 
Group04_24.txt
496 
Group04_25.txt
455 
Group04_26.txt
198 
Group04_27.txt
629 
Group04_30.txt
217 784 
Group04_31.txt
73 79 84 112 163 
Group04_32.txt
547 
Group04_33.txt
574 
Group04_34.txt
572 695 922 
Group04_36.txt
80 274 
Group04_37.txt
189 505 
Group04_38.txt
52 
Group04_39.txt
100 757 
Group04_41.txt
931 
Group04_42.txt
43 
Group04_43.txt
91 381 
Group04_44.txt
2 13 513 527 
Group04_46.txt
318 337 
Group04_47.txt
209 
Group04_48.txt
486 
Group04_50.txt
147 636 
Group05_02.txt
40 
Group05_04.txt
89 688 
Group05_08.txt
193 
Group05_09.txt
106 795 812 
Group05_12.txt
4 69 117 
Group05_13.txt
398 
Group05_17.txt
104 527 1100 
Group05_18.txt
253 440 538 717 723 
Group05_19.txt
93 515 654 
Group05_20.txt
224 674 
Group05_21.txt
855 
Group05_22.txt
134 
Group05_23.txt
205 246 284 712 728 
Group05_24.txt
420 
Group05_26.txt
16 712 
Group05_27.txt
1205 
Group05_28.txt
20 47 510 
Group05_31.txt
174 222 330 
Group05_37.txt
77 
Group05_38.txt
357 
Group05_45.txt
425 803 1058 
Group05_46.txt
391 
Group05_48.txt
69 84 476 
Group06_02.txt
221 231 
Group06_03.txt
596 629 683 
Group06_04.txt
319 363 671 
Group06_05.txt
62 457 
Group06_07.txt
271 621 
Group06_08.txt
472 520 
Group06_11.txt
609 
Group06_12.txt
493 547 
Group06_14.txt
380 
Group06_16.txt
281 
Group06_17.txt
379 415 550 938 
Group06_18.txt
114 173 176 
Group06_20.txt
94 385 
Group06_21.txt
42 
Group06_23.txt
177 220 
Group06_26.txt
341 380 
Group06_29.txt
481 
Group06_30.txt
26 
Group06_31.txt
379 415 550 938 
Group06_32.txt
9 30 
Group06_34.txt
434 
Group06_37.txt
75 
Group06_38.txt
55 
Group06_42.txt
276 
Group06_45.txt
180 613 647 
Group06_46.txt
248 562 
Group06_47.txt
401 
Group06_48.txt
276 
Group06_49.txt
74 
Group06_50.txt
396 476 
Group07_01.txt
83 106 655 
Group07_02.txt
81 124 190 278 627 706 
Group07_03.txt
331 438 646 655 1489 1498 1817 1854 2475 2513 2653 
Group07_04.txt
246 502 
Group07_05.txt
161 646 
Group07_07.txt
86 226 331 450 1023 
Group07_08.txt
23 26 38 193 254 366 373 450 614 
Group07_09.txt
358 448 653 
Group07_10.txt
285 
Group07_11.txt
172 201 480 484 
Group07_12.txt
272 287 619 666 757 835 1061 
Group07_14.txt
175 462 492 554 
Group07_15.txt
389 
Group07_16.txt
165 272 692 
Group07_17.txt
163 
Group07_18.txt
169 362 946 963 
Group07_19.txt
21 348 
Group07_20.txt
212 385 477 
Group07_21.txt
288 306 
Group07_22.txt
27 233 254 
Group07_23.txt
115 191 
Group07_24.txt
1156 1573 1707 2083 
Group07_27.txt
375 
Group07_28.txt
330 474 
Group07_29.txt
165 524 
Group07_30.txt
328 545 
Group07_31.txt
226 695 703 1005 1767 1810 
Group07_33.txt
443 521 667 716 
Group07_34.txt
635 
Group07_35.txt
514 543 
Group07_36.txt
95 367 723 1134 
Group07_37.txt
96 133 337 506 1111 
Group07_38.txt
150 911 915 1546 1562 1596 1651 1944 
Group07_40.txt
67 138 481 532 580 811 
Group07_41.txt
647 
Group07_44.txt
671 759 
Group07_45.txt
4 89 284 
Group07_46.txt
0 87 95 131 374 529 581 
Group07_47.txt
423 622 
Group07_48.txt
100 541 848 1090 
Group07_49.txt
176 
Group08_02.txt
648 
Group08_03.txt
17 93 131 224 427 440 
Group08_06.txt
701 
Group08_15.txt
808 
Group08_16.txt
258 294 687 1595 
Group08_17.txt
1025 
Group08_18.txt
163 632 
Group08_20.txt
532 1086 
Group08_21.txt
234 
Group08_22.txt
534 712 
Group08_25.txt
685 
Group08_29.txt
286 
Group08_30.txt
626 1629 
Group08_31.txt
625 793 
Group08_41.txt
277 
Group08_49.txt
86 115 
Group08_50.txt
397 
Group09_02.txt
93 464 
Group09_03.txt
77 
Group09_05.txt
666 
Group09_07.txt
498 615 
Group09_09.txt
114 
Group09_10.txt
714 
Group09_13.txt
329 
Group09_14.txt
553 
Group09_15.txt
37 96 
Group09_16.txt
350 
Group09_17.txt
307 
Group09_18.txt
225 
Group09_21.txt
846 1099 
Group09_24.txt
224 
Group09_25.txt
289 
Group09_26.txt
238 1044 
Group09_27.txt
106 174 
Group09_29.txt
325 329 
Group09_31.txt
313 
Group09_32.txt
41 512 
Group09_33.txt
134 326 414 
Group09_34.txt
248 383 475 
Group09_35.txt
36 702 742 
Group09_37.txt
87 103 772 855 1105 1131 
Group09_38.txt
188 594 
Group09_39.txt
5 719 
Group09_41.txt
503 
Group09_42.txt
231 
Group09_44.txt
58 
Group09_45.txt
507 
Group09_47.txt
159 
Group09_48.txt
238 
Group09_50.txt
51 487 
Group10_01.txt
118 
Group10_05.txt
155 378 393 452 736 
Group10_06.txt
281 528 
Group10_08.txt
509 
Group10_09.txt
112 257 332 708 736 852 1038 
Group10_10.txt
0 
Group10_11.txt
466 
Group10_12.txt
16 317 
Group10_13.txt
675 688 
Group10_14.txt
432 
Group10_15.txt
14 82 611 
Group10_17.txt
442 646 
Group10_19.txt
203 475 
Group10_22.txt
333 
Group10_23.txt
97 
Group10_24.txt
884 
Group10_25.txt
524 863 1004 1036 1082 1278 1288 
Group10_27.txt
156 161 169 627 747 
Group10_28.txt
40 
Group10_30.txt
198 280 369 
Group10_33.txt
597 745 1428 
Group10_34.txt
265 
Group10_35.txt
953 1008 1359 1599 
Group10_37.txt
496 
Group10_38.txt
319 561 
Group10_41.txt
556 568 
Group10_42.txt
701 
Group10_43.txt
580 603 608 
Group10_44.txt
476 589 
Group10_45.txt
469 
Group10_46.txt
88 503 
Group10_47.txt
799 
Group10_48.txt
385 
Group10_49.txt
719 
Group10_50.txt
404 
Group11-02.txt
143 438 490 827 1217 
Group11-04.txt
362 
Group11-05.txt
272 382 422 934 1037 1056 1298 1318 1388 1440 1812 1998 2004 2192 
Group11-06.txt
246 
Group11-07.txt
281 287 
Group11-13.txt
250 
Group11-14.txt
144 1038 1153 
Group11-15.txt
616 913 943 1004 2455 
Group11-16.txt
128 396 702 840 1268 1972 2777 2782 2791 3181 
Group11-18.txt
6 76 124 469 526 665 
Group11-19.txt
243 
Group11-20.txt
187 209 212 215 219 333 522 530 1143 1250 1344 
Group11-21.txt
412 
Group11-22.txt
283 945 
Group11-23.txt
738 
Group11-24.txt
367 606 1004 1021 1043 1237 2245 2342 2376 
Group11-25.txt
184 390 
Group11-27.txt
168 232 
Group11-37.txt
819 
Group11-39.txt
243 438 
Group11-40.txt
106 451 613 
Group11-42.txt
283 
Group11-44.txt
255 365 
Group11-45.txt
0 33 402 471 600 1052 
Group11-46.txt
60 585 734 742 848 1069 1483 1489 
Group11-47.txt
431 468 513 
Group11-50.txt
340 411 424 599 774 
Group12_01.txt
1147 
Group12_02.txt
401 
Group12_03.txt
658 
Group12_04.txt
688 1343 2864 
Group12_06.txt
89 491 
Group12_07.txt
6 10 78 499 1044 1255 1262 1324 
Group12_09.txt
81 193 
Group12_11.txt
217 304 
Group12_12.txt
217 304 
Group12_13.txt
508 
Group12_14.txt
793 
Group12_17.txt
295 
Group12_19.txt
546 839 
Group12_21.txt
370 
Group12_23.txt
587 
Group12_26.txt
26 1510 
Group12_28.txt
4 195 
Group12_29.txt
49 
Group12_30.txt
599 
Group12_32.txt
0 445 
Group12_34.txt
444 517 
Group12_35.txt
735 
Group12_45.txt
124 428 
Group12_49.txt
146 771 1126 1170 1233 1790 2183 2606 
Group13_02.txt
901 1149 1611 1844 1851 1889 2341 
Group13_03.txt
331 374 482 548 
Group13_04.txt
519 624 852 1009 1018 
Group13_05.txt
2 492 833 1042 1053 1190 1208 1214 1219 1400 1435 2181 
Group13_06.txt
273 350 408 559 836 849 913 1496 1832 1959 2114 2369 2456 
Group13_07.txt
239 
Group13_08.txt
41 814 866 1176 
Group13_09.txt
98 940 1299 1452 1684 1918 
Group13_14.txt
23 226 579 
Group13_15.txt
253 266 
Group13_17.txt
500 
Group13_18.txt
330 
Group13_19.txt
165 
Group13_20.txt
299 
Group13_21.txt
151 1597 1743 1753 1760 
Group13_22.txt
1116 1558 1678 3513 3649 4829 6045 6053 6679 7497 7724 7965 9368 10274 12075 14588 14815 15870 
Group13_23.txt
200 230 603 2923 3042 3132 3788 
Group13_24.txt
630 1123 1136 2457 3990 4655 4877 4923 5163 5224 5263 
Group13_25.txt
1752 1760 2151 
Group13_26.txt
442 702 2422 2906 4049 4785 5050 5239 6479 6813 6871 8132 8136 8315 9156 
Group13_27.txt
362 939 983 991 1414 1616 1822 3360 
Group13_28.txt
357 2014 2230 2661 2710 2827 3000 3011 3135 3171 
Group13_29.txt
1695 3117 
Group13_30.txt
264 1086 1098 1700 2055 2600 3877 
Group13_31.txt
341 514 713 721 
Group13_32.txt
350 693 887 1247 1250 1299 1367 
Group13_33.txt
882 1412 1619 
Group13_35.txt
341 407 417 442 462 541 549 577 585 588 1444 1534 
Group13_36.txt
158 309 909 1211 1489 
Group13_37.txt
506 740 971 1443 
Group13_38.txt
640 1320 
Group13_39.txt
954 
Group13_40.txt
102 929 
Group13_41.txt
647 1090 1407 1561 
Group13_42.txt
1113 1117 1149 1273 
Group13_43.txt
518 
Group13_44.txt
267 2349 2419 2427 2859 2867 3152 3318 3710 3795 
Group13_45.txt
157 859 866 1269 1483 
Group13_46.txt
0 1915 1938 2111 2205 2263 
Group13_47.txt
833 1199 
Group13_48.txt
88 212 1034 1308 1953 2202 2290 2405 
Group13_49.txt
541 587 867 1769 
Group13_50.txt
522 
Group14_01.txt
185 
Group14_02.txt
195 
Group14_04.txt
133 
Group14_12.txt
295 
Group14_15.txt
134 
Group14_19.txt
125 227 597 
Group14_20.txt
825 856 
Group14_22.txt
343 
Group14_23.txt
151 275 519 
Group14_25.txt
124 
Group14_27.txt
720 
Group14_28.txt
479 681 
Group14_30.txt
326 544 748 
Group14_31.txt
147 207 526 797 936 
Group14_32.txt
138 370 
Group14_35.txt
236 
Group14_36.txt
166 
Group14_39.txt
496 
Group14_40.txt
190 728 
Group14_43.txt
670 
Group14_44.txt
429 983 
Group14_46.txt
221 
Group14_47.txt
183 
Group14_48.txt
16 462 472 
Group14_50.txt
24 
