Group01_01.txt
356 476 
Group01_03.txt
111 389 577 589 948 1005 1162 1188 
Group01_04.txt
112 275 332 
Group01_05.txt
137 296 
Group01_06.txt
805 
Group01_07.txt
51 80 
Group01_08.txt
748 789 974 
Group01_10.txt
130 
Group01_11.txt
56 417 433 496 852 870 882 963 
Group01_12.txt
212 
Group01_14.txt
43 75 378 563 
Group01_15.txt
95 176 202 316 372 
Group01_16.txt
94 214 316 
Group01_17.txt
35 
Group01_18.txt
155 
Group01_19.txt
221 279 295 433 
Group01_21.txt
459 
Group01_22.txt
341 
Group01_23.txt
13 
Group01_24.txt
112 275 325 
Group01_25.txt
629 1013 1026 
Group01_28.txt
234 
Group01_29.txt
357 412 
Group01_30.txt
379 
Group01_36.txt
500 
Group01_38.txt
457 
Group01_39.txt
534 
Group01_40.txt
560 
Group01_41.txt
61 
Group01_42.txt
614 
Group01_44.txt
139 267 316 423 439 
Group01_49.txt
185 194 242 469 
Group01_50.txt
528 
Group02_01.txt
78 284 
Group02_02.txt
78 415 
Group02_03.txt
99 
Group02_04.txt
259 
Group02_05.txt
18 162 
Group02_09.txt
669 
Group02_10.txt
193 303 792 825 
Group02_11.txt
574 
Group02_12.txt
113 221 364 682 767 
Group02_13.txt
27 151 584 769 833 
Group02_15.txt
6 59 393 
Group02_16.txt
284 
Group02_17.txt
42 336 
Group02_18.txt
202 417 430 957 1307 2077 2929 
Group02_19.txt
25 32 965 1275 1541 1670 
Group02_20.txt
224 2138 2582 
Group02_21.txt
59 212 247 296 322 368 411 581 1119 1227 1979 2002 2030 2142 2265 2807 
Group02_22.txt
31 350 364 1009 1233 1568 1599 1687 1791 2692 3184 
Group02_23.txt
1028 
Group02_24.txt
466 
Group02_25.txt
1329 
Group02_26.txt
416 
Group02_27.txt
1248 1635 
Group02_28.txt
108 593 612 687 947 1335 1602 1692 
Group02_29.txt
1055 
Group02_30.txt
1289 1389 1394 3339 3380 3396 3410 3426 4027 4198 4250 
Group02_31.txt
1378 1449 2351 2549 2898 
Group02_32.txt
723 876 891 1399 1412 2154 2733 
Group02_33.txt
1654 1784 1793 2093 3305 
Group02_34.txt
26 
Group02_36.txt
383 1352 
Group02_37.txt
547 1194 1216 
Group02_38.txt
14 203 238 391 679 884 1468 1534 1553 1988 2003 2594 3562 
Group02_39.txt
66 80 127 267 283 
Group02_40.txt
585 760 797 925 1165 1200 1280 1710 1924 1964 2081 2085 2166 
Group02_41.txt
1082 1093 
Group02_43.txt
530 676 688 1028 1060 1186 1238 1419 1466 
Group02_44.txt
11 428 532 658 922 1277 1300 
Group02_45.txt
312 481 543 606 1294 
Group02_46.txt
337 346 633 756 940 954 1443 1841 2212 
Group02_47.txt
166 492 828 915 1214 1273 
Group02_48.txt
165 312 346 551 878 902 1574 1692 
Group02_49.txt
1475 1984 3359 3507 3589 
Group02_50.txt
1519 1619 1629 1707 1713 
Group03_01.txt
150 
Group03_02.txt
50 248 661 
Group03_03.txt
1191 
Group03_04.txt
1053 1448 2063 
Group03_05.txt
418 801 920 966 996 
Group03_06.txt
1647 1696 2098 2114 2340 
Group03_07.txt
700 802 1041 2092 
Group03_08.txt
8 387 862 
Group03_10.txt
835 
Group03_11.txt
135 183 572 924 
Group03_12.txt
208 348 792 1182 1391 
Group03_13.txt
351 1119 1477 
Group03_14.txt
521 880 1204 
Group03_15.txt
31 326 765 
Group03_16.txt
725 
Group03_17.txt
217 237 
Group03_18.txt
620 
Group03_19.txt
784 
Group03_20.txt
102 130 574 
Group03_21.txt
211 652 1416 1736 1784 
Group03_22.txt
47 148 
Group03_24.txt
455 619 730 829 940 1033 1162 1577 
Group03_25.txt
463 
Group03_26.txt
405 1266 1472 
Group03_27.txt
33 668 762 1171 1541 1610 
Group03_28.txt
34 
Group03_29.txt
442 1105 1793 1818 
Group03_30.txt
97 928 1093 
Group03_31.txt
238 339 1038 1400 1601 1823 2322 2924 
Group03_32.txt
0 233 474 499 847 1168 
Group03_33.txt
712 1251 1272 1277 1286 1337 
Group03_34.txt
18 392 486 555 1520 2334 
Group03_35.txt
94 491 535 541 923 1198 
Group03_36.txt
189 805 1076 
Group03_37.txt
278 358 1384 1423 1648 1994 2041 2102 2185 2341 
Group03_38.txt
65 
Group03_39.txt
0 216 457 482 830 
Group03_40.txt
691 
Group03_41.txt
323 
Group03_42.txt
426 1102 
Group03_43.txt
562 
Group03_44.txt
10 748 1276 1519 
Group03_45.txt
0 387 
Group03_46.txt
137 
Group03_47.txt
63 132 584 
Group03_48.txt
702 842 
Group03_49.txt
680 
Group03_50.txt
186 450 568 1184 
Group04_02.txt
83 204 
Group04_05.txt
586 
Group04_07.txt
14 27 850 987 
Group04_08.txt
126 172 
Group04_10.txt
82 
Group04_11.txt
133 250 
Group04_12.txt
490 668 
Group04_13.txt
206 
Group04_14.txt
379 629 
Group04_15.txt
541 929 1072 
Group04_17.txt
87 
Group04_18.txt
117 152 203 287 316 
Group04_19.txt
253 262 405 
Group04_20.txt
9 235 333 410 
Group04_21.txt
127 288 588 
Group04_22.txt
72 270 372 
Group04_23.txt
43 216 699 
Group04_25.txt
362 
Group04_27.txt
155 275 409 548 749 
Group04_28.txt
332 454 475 534 
Group04_29.txt
125 186 
Group04_30.txt
924 949 
Group04_31.txt
433 
Group04_32.txt
424 581 790 
Group04_33.txt
455 
Group04_34.txt
887 
Group04_38.txt
304 369 
Group04_39.txt
154 174 217 680 
Group04_40.txt
255 397 558 
Group04_41.txt
184 377 490 500 836 877 
Group04_42.txt
202 
Group04_43.txt
46 
Group04_44.txt
271 573 
Group04_46.txt
20 
Group05_02.txt
209 
Group05_04.txt
1001 
Group05_05.txt
271 
Group05_06.txt
849 907 
Group05_09.txt
21 734 
Group05_10.txt
642 
Group05_11.txt
106 
Group05_13.txt
394 1248 
Group05_14.txt
272 420 858 
Group05_15.txt
287 298 323 
Group05_16.txt
521 
Group05_17.txt
967 
Group05_18.txt
567 950 
Group05_20.txt
220 
Group05_23.txt
65 589 599 621 756 779 1010 1018 1024 1088 1106 1120 
Group05_24.txt
4 
Group05_25.txt
246 395 
Group05_26.txt
97 608 663 
Group05_27.txt
271 
Group05_28.txt
55 
Group05_30.txt
743 
Group05_35.txt
500 518 
Group05_42.txt
80 304 
Group05_44.txt
460 517 670 
Group05_45.txt
255 512 570 877 998 1049 1179 1217 
Group05_46.txt
434 
Group05_48.txt
133 228 
Group05_49.txt
282 412 500 
Group05_50.txt
320 331 356 
Group06_02.txt
483 
Group06_03.txt
425 
Group06_04.txt
625 704 
Group06_06.txt
40 565 
Group06_09.txt
81 
Group06_13.txt
209 
Group06_14.txt
442 
Group06_15.txt
653 
Group06_16.txt
195 368 868 
Group06_17.txt
464 470 505 808 
Group06_18.txt
641 
Group06_19.txt
97 160 
Group06_20.txt
671 
Group06_22.txt
149 374 
Group06_23.txt
746 
Group06_25.txt
395 633 642 
Group06_26.txt
232 273 313 
Group06_27.txt
411 490 
Group06_28.txt
409 
Group06_29.txt
267 
Group06_30.txt
12 
Group06_31.txt
464 470 505 808 
Group06_32.txt
626 
Group06_37.txt
65 106 436 
Group06_38.txt
281 
Group06_39.txt
130 444 473 
Group06_40.txt
80 
Group06_42.txt
81 151 231 
Group06_45.txt
509 
Group06_46.txt
336 
Group06_47.txt
220 320 356 
Group06_48.txt
360 532 
Group06_50.txt
399 
Group07_01.txt
720 
Group07_02.txt
39 174 221 429 569 
Group07_03.txt
976 1265 1306 1361 1701 2233 2362 2807 
Group07_04.txt
191 711 933 1045 1054 
Group07_05.txt
195 201 218 373 599 739 772 
Group07_06.txt
471 
Group07_07.txt
306 333 368 1254 
Group07_08.txt
84 133 279 338 514 
Group07_09.txt
130 139 260 
Group07_10.txt
158 181 229 259 
Group07_12.txt
140 381 670 746 
Group07_13.txt
437 
Group07_14.txt
146 
Group07_17.txt
187 194 274 
Group07_18.txt
1246 1352 1390 
Group07_19.txt
512 941 
Group07_20.txt
24 89 
Group07_21.txt
118 599 753 793 
Group07_22.txt
106 841 
Group07_23.txt
243 288 361 439 449 
Group07_24.txt
169 242 644 1143 1375 1615 1791 2023 
Group07_25.txt
158 
Group07_26.txt
236 567 601 
Group07_28.txt
370 
Group07_29.txt
301 
Group07_30.txt
430 709 
Group07_31.txt
360 374 679 963 1837 1849 
Group07_32.txt
210 250 
Group07_33.txt
300 
Group07_34.txt
187 281 680 
Group07_36.txt
85 445 470 519 576 827 929 
Group07_37.txt
776 824 1235 1744 1760 
Group07_38.txt
715 1157 1363 1863 1969 
Group07_39.txt
609 
Group07_40.txt
69 152 272 356 376 618 691 780 
Group07_41.txt
150 248 330 439 460 566 
Group07_42.txt
505 
Group07_43.txt
392 
Group07_44.txt
52 228 551 569 711 
Group07_45.txt
134 
Group07_46.txt
23 160 220 255 
Group07_47.txt
30 119 591 
Group07_48.txt
180 291 342 678 895 907 1221 
Group07_49.txt
73 94 1111 1935 2154 2648 
Group07_50.txt
48 249 
Group08_04.txt
459 
Group08_06.txt
644 753 
Group08_07.txt
328 
Group08_09.txt
589 
Group08_11.txt
282 390 419 
Group08_13.txt
498 859 
Group08_16.txt
1324 1473 1728 
Group08_17.txt
974 1145 
Group08_18.txt
98 331 657 696 
Group08_19.txt
228 623 
Group08_20.txt
760 1043 
Group08_21.txt
286 480 
Group08_22.txt
634 
Group08_23.txt
459 
Group08_24.txt
139 234 820 1035 
Group08_25.txt
157 647 1179 
Group08_26.txt
75 134 
Group08_29.txt
720 
Group08_30.txt
1259 
Group08_31.txt
745 
Group08_34.txt
36 
Group08_35.txt
213 
Group08_36.txt
114 227 
Group08_37.txt
186 
Group08_46.txt
235 
Group08_48.txt
169 
Group08_49.txt
139 
Group09_03.txt
426 538 
Group09_06.txt
268 
Group09_07.txt
519 924 
Group09_08.txt
395 
Group09_09.txt
77 132 190 834 
Group09_10.txt
425 743 
Group09_12.txt
100 197 
Group09_17.txt
175 189 226 358 
Group09_18.txt
382 598 626 
Group09_19.txt
6 16 63 502 
Group09_20.txt
101 172 
Group09_21.txt
149 683 
Group09_22.txt
393 644 
Group09_24.txt
384 
Group09_26.txt
255 419 917 
Group09_27.txt
108 
Group09_29.txt
210 597 
Group09_30.txt
215 
Group09_32.txt
258 
Group09_34.txt
85 290 
Group09_35.txt
156 387 498 
Group09_36.txt
124 
Group09_37.txt
412 904 987 1064 1108 1117 1272 
Group09_38.txt
119 
Group09_39.txt
108 349 612 628 
Group09_40.txt
190 328 688 
Group09_42.txt
72 157 448 576 
Group09_43.txt
483 562 
Group09_44.txt
111 423 
Group09_45.txt
332 
Group09_46.txt
496 
Group09_47.txt
333 
Group09_48.txt
208 
Group09_49.txt
124 344 807 
Group09_50.txt
534 
Group10_01.txt
207 
Group10_03.txt
410 
Group10_04.txt
234 
Group10_05.txt
523 738 
Group10_08.txt
611 
Group10_09.txt
554 813 
Group10_10.txt
387 
Group10_11.txt
302 310 
Group10_13.txt
249 287 352 
Group10_15.txt
121 
Group10_17.txt
33 116 804 
Group10_18.txt
519 
Group10_19.txt
555 
Group10_20.txt
15 109 
Group10_21.txt
322 915 
Group10_23.txt
120 281 
Group10_24.txt
126 390 713 808 851 889 1256 1307 
Group10_25.txt
238 984 
Group10_27.txt
198 463 
Group10_29.txt
16 177 350 
Group10_30.txt
385 
Group10_31.txt
219 257 337 584 
Group10_32.txt
41 630 
Group10_33.txt
466 799 
Group10_34.txt
37 90 115 216 288 
Group10_35.txt
228 792 938 1455 
Group10_36.txt
639 
Group10_37.txt
528 779 
Group10_38.txt
27 102 
Group10_39.txt
147 238 
Group10_40.txt
488 
Group10_41.txt
158 
Group10_43.txt
980 
Group10_44.txt
64 236 
Group10_45.txt
595 
Group10_46.txt
50 430 
Group10_47.txt
302 1017 
Group10_48.txt
45 
Group10_49.txt
487 
Group10_50.txt
168 398 
Group11-02.txt
459 1033 
Group11-03.txt
99 692 
Group11-04.txt
18 401 609 
Group11-05.txt
644 1624 
Group11-06.txt
238 501 
Group11-07.txt
392 
Group11-11.txt
251 
Group11-12.txt
335 679 706 
Group11-13.txt
278 
Group11-14.txt
82 302 951 967 
Group11-15.txt
574 601 689 832 1129 1237 1592 1708 2033 2039 2159 2248 
Group11-16.txt
195 204 437 492 707 801 960 992 1021 1099 1425 1561 2140 2203 2292 2362 2390 2583 2739 2761 2884 2932 3109 3118 3141 3242 
Group11-18.txt
146 
Group11-20.txt
323 
Group11-21.txt
703 
Group11-22.txt
90 106 296 
Group11-23.txt
249 689 745 
Group11-24.txt
108 149 446 460 522 633 1146 1331 1552 1771 2061 2143 2160 2230 2482 2584 
Group11-25.txt
39 188 
Group11-31.txt
141 173 
Group11-32.txt
168 230 
Group11-33.txt
321 354 
Group11-34.txt
175 
Group11-37.txt
125 285 301 
Group11-39.txt
3 130 245 426 488 
Group11-40.txt
205 586 
Group11-41.txt
114 
Group11-42.txt
356 
Group11-43.txt
161 
Group11-44.txt
377 611 
Group11-45.txt
499 1027 1065 
Group11-46.txt
10 46 534 574 994 
Group11-48.txt
385 
Group11-50.txt
468 
Group12_01.txt
312 412 498 836 1381 1453 
Group12_02.txt
505 537 588 1203 1324 1542 
Group12_03.txt
239 606 1282 
Group12_04.txt
1496 
Group12_05.txt
163 
Group12_06.txt
171 
Group12_07.txt
546 
Group12_08.txt
41 104 
Group12_09.txt
523 
Group12_10.txt
57 96 553 683 871 
Group12_11.txt
190 720 
Group12_12.txt
190 720 
Group12_13.txt
486 915 1274 1317 1397 1448 
Group12_14.txt
160 271 582 
Group12_15.txt
484 
Group12_16.txt
129 307 
Group12_17.txt
287 326 
Group12_18.txt
204 363 390 
Group12_19.txt
773 972 1010 
Group12_20.txt
75 142 367 
Group12_21.txt
230 361 
Group12_22.txt
487 509 648 730 750 
Group12_24.txt
667 
Group12_26.txt
154 590 703 1058 1135 1299 1477 1595 
Group12_27.txt
170 240 438 
Group12_28.txt
455 
Group12_30.txt
175 202 237 
Group12_32.txt
226 316 
Group12_33.txt
82 364 
Group12_34.txt
173 
Group12_35.txt
386 
Group12_36.txt
84 505 
Group12_37.txt
483 
Group12_38.txt
262 
Group12_39.txt
542 564 
Group12_40.txt
673 
Group12_41.txt
126 164 220 363 445 549 
Group12_42.txt
314 441 561 729 
Group12_43.txt
731 
Group12_44.txt
15 
Group12_45.txt
463 
Group12_48.txt
51 
Group12_49.txt
296 442 569 605 627 973 1584 1837 1921 2156 2420 
Group13_01.txt
502 
Group13_02.txt
344 481 565 865 1048 1093 1651 1855 1868 1922 2107 2119 
Group13_03.txt
635 
Group13_04.txt
319 597 974 
Group13_05.txt
248 1030 1306 1784 
Group13_06.txt
1130 1318 1472 1669 1771 1782 1793 1804 1984 2093 2202 2394 2437 2514 2687 
Group13_07.txt
153 224 
Group13_08.txt
169 816 868 
Group13_09.txt
24 40 129 516 636 722 1348 1689 1708 1725 
Group13_11.txt
158 
Group13_12.txt
140 
Group13_13.txt
123 
Group13_17.txt
258 422 587 684 
Group13_18.txt
318 
Group13_20.txt
583 626 
Group13_21.txt
326 591 669 716 825 1543 1581 1605 1662 1800 1816 
Group13_22.txt
164 278 1779 2018 2148 2714 2739 3063 3497 3536 3814 4064 4202 4584 4656 5241 5734 5983 6417 6434 6907 7230 7413 7479 7663 7741 7905 8492 9333 9981 10047 10563 10716 11961 11995 13132 13154 13670 13671 13742 14308 15637 15710 15844 15902 16092 16139 16414 
Group13_23.txt
216 714 793 886 2198 2335 
Group13_24.txt
759 1264 1736 1748 2289 2342 2389 3026 4120 4180 4633 4963 5026 
Group13_25.txt
900 1534 
Group13_26.txt
655 789 2902 3545 4154 5139 5226 6624 6650 6769 7246 7620 7984 8029 8454 8487 9170 9901 
Group13_27.txt
339 654 1111 1354 1424 1575 
Group13_28.txt
0 47 414 1023 1260 1525 1582 1872 2119 2186 2523 2644 2759 2876 2936 3142 3227 
Group13_29.txt
2242 3059 3560 3590 3663 4040 4354 5337 
Group13_30.txt
115 710 865 970 1036 1319 2307 2436 2552 2665 3323 3397 3691 
Group13_31.txt
544 
Group13_32.txt
42 539 569 1097 
Group13_33.txt
132 520 600 910 1143 1199 1357 1383 1398 1748 1887 1912 
Group13_34.txt
315 
Group13_35.txt
130 
Group13_36.txt
596 718 833 1146 
Group13_37.txt
32 95 477 510 666 691 1493 1578 
Group13_38.txt
423 646 
Group13_39.txt
201 225 797 1082 1544 1755 1779 1798 2049 
Group13_40.txt
375 483 655 
Group13_41.txt
11 310 333 357 555 659 1469 1608 
Group13_42.txt
479 807 
Group13_43.txt
499 523 543 698 731 932 1047 1108 1276 1299 1503 1543 
Group13_44.txt
461 626 1512 1521 1924 1937 1983 2075 2371 2516 
Group13_45.txt
181 299 618 1264 1391 1481 
Group13_46.txt
360 502 
Group13_47.txt
385 407 1139 1202 1495 1562 
Group13_48.txt
351 437 1431 1956 
Group13_49.txt
98 190 745 814 915 924 1195 1792 
Group13_50.txt
1327 
Group14_01.txt
448 
Group14_02.txt
2 197 
Group14_03.txt
291 438 
Group14_06.txt
294 381 464 
Group14_07.txt
276 481 
Group14_09.txt
93 291 387 
Group14_11.txt
81 139 146 346 381 499 
Group14_12.txt
112 
Group14_13.txt
187 408 
Group14_14.txt
409 
Group14_15.txt
432 
Group14_16.txt
93 185 
Group14_17.txt
71 
Group14_18.txt
109 
Group14_19.txt
97 464 678 
Group14_20.txt
345 457 561 867 
Group14_21.txt
260 295 314 
Group14_22.txt
200 
Group14_23.txt
110 132 
Group14_24.txt
172 258 
Group14_26.txt
256 
Group14_27.txt
87 764 
Group14_28.txt
379 
Group14_30.txt
893 
Group14_31.txt
488 887 890 
Group14_33.txt
652 965 1081 
Group14_35.txt
556 580 647 785 917 1185 1501 1542 1679 
Group14_36.txt
607 
Group14_37.txt
426 732 878 
Group14_38.txt
936 
Group14_39.txt
54 229 359 759 
Group14_40.txt
378 828 
Group14_41.txt
90 639 
Group14_42.txt
588 812 
Group14_43.txt
154 421 
Group14_44.txt
145 878 
Group14_45.txt
466 
Group14_46.txt
18 28 199 206 
Group14_47.txt
422 
Group14_48.txt
103 477 617 
Group14_49.txt
616 
Group14_50.txt
319 
