Group01_01.txt
58 
Group01_03.txt
532 550 829 904 961 
Group01_04.txt
371 
Group01_05.txt
78 
Group01_06.txt
945 
Group01_08.txt
558 642 
Group01_10.txt
598 672 706 
Group01_12.txt
47 595 
Group01_16.txt
174 394 
Group01_17.txt
105 280 309 
Group01_18.txt
88 
Group01_20.txt
37 234 634 653 
Group01_22.txt
87 334 
Group01_23.txt
109 121 164 407 584 
Group01_24.txt
364 
Group01_26.txt
552 
Group01_27.txt
47 105 
Group01_28.txt
284 
Group01_29.txt
170 312 322 525 
Group01_30.txt
153 215 270 330 688 702 714 
Group01_31.txt
90 105 178 332 384 
Group01_32.txt
130 241 311 737 851 
Group01_33.txt
85 174 591 
Group01_34.txt
93 110 
Group01_35.txt
131 955 1299 
Group01_36.txt
60 519 
Group01_37.txt
261 294 
Group01_39.txt
49 292 
Group01_40.txt
211 531 575 716 797 
Group01_41.txt
295 360 
Group01_42.txt
262 456 461 
Group01_43.txt
466 485 
Group01_45.txt
501 
Group01_46.txt
73 100 110 233 279 444 
Group01_47.txt
179 
Group01_48.txt
433 
Group01_49.txt
447 
Group01_50.txt
490 
Group02_01.txt
122 150 
Group02_02.txt
69 766 
Group02_03.txt
137 264 915 
Group02_04.txt
105 154 690 761 
Group02_05.txt
72 145 244 301 
Group02_06.txt
53 162 643 683 
Group02_07.txt
741 
Group02_08.txt
68 429 609 
Group02_09.txt
227 513 613 687 730 
Group02_10.txt
699 799 892 1053 
Group02_11.txt
96 450 665 
Group02_12.txt
127 235 402 460 522 553 
Group02_13.txt
479 505 517 632 
Group02_14.txt
207 541 577 
Group02_15.txt
417 520 
Group02_16.txt
321 444 878 
Group02_17.txt
120 
Group02_18.txt
743 1271 1296 1617 2058 2554 2672 2923 2957 2963 2968 
Group02_19.txt
260 390 1199 1277 1321 1380 1752 1756 
Group02_20.txt
302 1673 2646 2786 3068 3181 3436 3819 
Group02_21.txt
1074 1355 1796 
Group02_22.txt
964 1282 2167 2701 2798 
Group02_23.txt
103 488 951 1464 
Group02_24.txt
129 254 897 1099 1246 1281 1444 
Group02_25.txt
122 237 467 1002 1307 
Group02_26.txt
252 744 
Group02_27.txt
108 121 331 340 698 
Group02_28.txt
87 720 778 872 1123 1538 
Group02_29.txt
54 573 873 1084 1148 
Group02_30.txt
197 586 723 815 1169 2209 2227 3818 
Group02_31.txt
110 141 195 246 257 338 569 645 732 784 831 1254 1304 1346 1421 1475 1548 1554 1565 1754 1883 2036 2076 2115 2166 2199 2403 2488 2577 2683 2876 2950 
Group02_32.txt
130 254 
Group02_33.txt
1957 
Group02_34.txt
652 735 785 1383 
Group02_35.txt
84 252 290 659 726 859 
Group02_36.txt
31 111 164 410 677 856 862 1013 1086 1230 1360 1520 
Group02_37.txt
81 345 405 618 1121 1185 1268 
Group02_38.txt
330 398 1036 1301 1426 1797 1998 2172 3078 3276 3541 
Group02_39.txt
1390 1630 1675 1686 
Group02_40.txt
420 590 617 682 792 989 1008 1014 1041 1050 1275 1305 1330 1345 1509 1604 1611 1636 2143 2263 
Group02_41.txt
237 309 487 819 950 1209 1259 1312 1390 1454 1472 1539 1541 1646 
Group02_42.txt
64 291 761 
Group02_43.txt
290 365 642 711 806 
Group02_44.txt
114 127 161 
Group02_45.txt
271 279 974 1188 1206 1298 1420 1480 1695 1857 1886 
Group02_46.txt
542 970 1270 1925 2325 
Group02_47.txt
901 
Group02_48.txt
138 1595 1671 1687 1825 1900 2198 2229 2750 2799 2959 
Group02_49.txt
303 452 537 959 985 1022 1449 1531 1558 2124 2140 2149 2217 2244 2659 2766 2814 2993 3042 3378 4353 
Group02_50.txt
353 1045 1439 1547 1598 
Group03_01.txt
148 194 219 
Group03_02.txt
31 40 100 177 477 592 686 691 
Group03_03.txt
56 77 362 689 1216 1238 
Group03_04.txt
617 775 1021 1851 
Group03_05.txt
71 161 818 
Group03_06.txt
233 755 1111 1375 1827 2265 2287 
Group03_07.txt
306 1598 2138 2199 2386 
Group03_08.txt
251 629 
Group03_09.txt
894 
Group03_10.txt
117 696 
Group03_11.txt
78 661 
Group03_12.txt
401 879 912 1042 1315 
Group03_13.txt
834 
Group03_14.txt
258 560 805 938 
Group03_16.txt
153 865 
Group03_17.txt
830 
Group03_20.txt
93 280 
Group03_21.txt
132 540 647 1549 
Group03_22.txt
729 
Group03_23.txt
111 261 
Group03_24.txt
164 259 359 1901 
Group03_25.txt
431 595 
Group03_26.txt
196 468 987 1462 
Group03_27.txt
1053 1240 
Group03_28.txt
657 815 890 
Group03_29.txt
310 740 1071 1148 1777 
Group03_30.txt
125 1406 
Group03_31.txt
117 133 207 573 629 891 901 1170 1515 1745 2092 2580 2709 
Group03_32.txt
561 588 635 
Group03_33.txt
118 485 1327 
Group03_34.txt
105 381 460 776 1088 1151 1253 1500 1952 2770 
Group03_35.txt
30 558 729 737 1269 
Group03_36.txt
369 545 753 955 1008 1427 
Group03_37.txt
1108 1392 
Group03_38.txt
526 595 
Group03_39.txt
544 571 618 
Group03_40.txt
97 464 
Group03_41.txt
274 
Group03_42.txt
294 730 1068 1145 
Group03_43.txt
111 413 
Group03_44.txt
368 413 1478 
Group03_46.txt
173 437 473 491 
Group03_47.txt
402 
Group03_48.txt
166 332 
Group03_49.txt
409 
Group03_50.txt
96 412 628 1211 
Group04_01.txt
464 
Group04_02.txt
448 
Group04_03.txt
281 
Group04_04.txt
74 227 377 516 
Group04_05.txt
57 106 122 140 417 
Group04_06.txt
237 
Group04_07.txt
254 933 
Group04_08.txt
79 353 
Group04_09.txt
65 483 
Group04_10.txt
151 172 
Group04_12.txt
221 539 
Group04_13.txt
553 860 989 
Group04_14.txt
60 183 337 
Group04_15.txt
305 564 647 779 1174 
Group04_16.txt
559 
Group04_17.txt
103 127 557 
Group04_18.txt
358 540 559 
Group04_19.txt
125 201 232 
Group04_20.txt
363 395 421 
Group04_21.txt
918 
Group04_22.txt
150 587 
Group04_23.txt
34 473 
Group04_24.txt
347 444 494 
Group04_25.txt
664 
Group04_26.txt
351 694 
Group04_27.txt
248 666 683 
Group04_29.txt
243 
Group04_30.txt
351 744 
Group04_33.txt
562 617 
Group04_34.txt
235 322 531 
Group04_36.txt
525 
Group04_37.txt
139 
Group04_38.txt
81 
Group04_39.txt
581 
Group04_41.txt
595 823 
Group04_42.txt
362 414 558 
Group04_43.txt
426 
Group04_45.txt
156 191 241 457 
Group04_46.txt
119 863 
Group04_47.txt
617 
Group04_48.txt
134 
Group04_49.txt
63 126 
Group04_50.txt
477 
Group05_02.txt
568 820 940 
Group05_04.txt
271 671 711 780 890 1095 
Group05_05.txt
62 166 190 
Group05_07.txt
342 402 
Group05_08.txt
270 
Group05_09.txt
141 746 
Group05_10.txt
258 685 
Group05_11.txt
92 
Group05_13.txt
307 358 
Group05_14.txt
547 592 734 910 
Group05_15.txt
130 260 395 
Group05_16.txt
74 722 
Group05_17.txt
143 
Group05_18.txt
61 167 694 
Group05_19.txt
331 392 
Group05_20.txt
355 717 929 1011 
Group05_21.txt
123 237 266 608 
Group05_22.txt
548 593 
Group05_23.txt
372 414 638 674 776 1034 1329 1439 
Group05_24.txt
287 
Group05_25.txt
161 618 947 
Group05_26.txt
415 
Group05_27.txt
188 352 635 
Group05_28.txt
566 
Group05_29.txt
126 
Group05_30.txt
815 877 902 
Group05_32.txt
230 265 561 
Group05_34.txt
84 
Group05_35.txt
381 
Group05_38.txt
133 328 
Group05_39.txt
189 
Group05_42.txt
195 264 
Group05_44.txt
160 1048 
Group05_45.txt
289 
Group05_47.txt
81 116 
Group05_49.txt
343 698 743 
Group05_50.txt
185 293 429 
Group06_01.txt
74 
Group06_02.txt
761 
Group06_03.txt
264 277 402 
Group06_05.txt
118 326 378 411 
Group06_06.txt
362 705 
Group06_07.txt
96 250 
Group06_08.txt
144 173 200 216 301 
Group06_11.txt
316 466 665 695 
Group06_12.txt
305 316 552 
Group06_13.txt
196 219 258 274 351 487 527 553 610 663 
Group06_15.txt
791 800 
Group06_16.txt
189 423 438 517 577 596 635 750 843 1139 
Group06_17.txt
185 535 630 772 902 1007 
Group06_18.txt
138 375 
Group06_19.txt
503 
Group06_20.txt
219 237 699 
Group06_21.txt
122 
Group06_24.txt
246 303 534 
Group06_25.txt
171 227 535 
Group06_26.txt
512 
Group06_27.txt
345 400 459 
Group06_28.txt
194 524 733 
Group06_29.txt
375 419 580 
Group06_31.txt
185 535 630 772 902 1007 
Group06_34.txt
300 
Group06_36.txt
138 
Group06_37.txt
204 344 
Group06_40.txt
55 257 327 
Group06_42.txt
412 489 
Group06_43.txt
398 494 645 
Group06_44.txt
93 318 388 732 805 
Group06_46.txt
255 704 
Group06_47.txt
58 
Group06_48.txt
202 273 407 598 
Group06_49.txt
203 
Group06_50.txt
506 533 
Group07_01.txt
358 424 
Group07_03.txt
623 2004 2215 
Group07_04.txt
640 1167 
Group07_05.txt
567 
Group07_06.txt
623 
Group07_07.txt
120 514 530 714 876 1038 
Group07_08.txt
207 
Group07_09.txt
312 650 
Group07_10.txt
353 
Group07_11.txt
43 83 115 328 
Group07_12.txt
120 771 912 1113 
Group07_14.txt
188 
Group07_15.txt
380 
Group07_16.txt
223 710 749 
Group07_18.txt
192 576 635 826 1261 1295 
Group07_19.txt
205 388 
Group07_22.txt
123 370 455 
Group07_24.txt
134 209 562 684 791 1043 1295 1660 
Group07_25.txt
484 
Group07_29.txt
126 
Group07_30.txt
45 228 752 
Group07_31.txt
72 672 1869 1931 
Group07_32.txt
77 
Group07_33.txt
137 550 
Group07_35.txt
511 
Group07_36.txt
1146 1399 
Group07_37.txt
682 910 1311 1433 
Group07_38.txt
332 
Group07_39.txt
198 
Group07_40.txt
260 504 681 
Group07_42.txt
263 527 
Group07_43.txt
83 
Group07_45.txt
300 
Group07_47.txt
152 
Group07_48.txt
951 1061 
Group07_49.txt
330 392 431 476 
Group07_50.txt
581 
Group08_01.txt
728 
Group08_02.txt
181 630 646 
Group08_04.txt
393 704 
Group08_05.txt
196 264 
Group08_06.txt
601 
Group08_10.txt
827 
Group08_11.txt
462 826 
Group08_13.txt
452 643 963 
Group08_14.txt
336 
Group08_15.txt
757 
Group08_18.txt
248 
Group08_19.txt
546 
Group08_20.txt
788 
Group08_21.txt
431 
Group08_22.txt
667 
Group08_23.txt
393 705 
Group08_24.txt
433 789 853 1010 
Group08_25.txt
454 1143 
Group08_27.txt
65 80 103 366 
Group08_29.txt
370 973 
Group08_30.txt
63 76 530 
Group08_31.txt
330 553 
Group08_34.txt
105 168 330 430 
Group08_37.txt
45 
Group08_38.txt
234 
Group08_40.txt
143 
Group08_41.txt
217 311 
Group08_42.txt
132 
Group08_43.txt
442 548 
Group08_45.txt
290 
Group08_47.txt
136 
Group08_48.txt
217 275 302 469 
Group08_50.txt
249 
Group09_01.txt
214 469 549 
Group09_02.txt
135 257 423 440 
Group09_03.txt
73 361 
Group09_04.txt
196 466 
Group09_05.txt
973 
Group09_06.txt
69 140 312 
Group09_07.txt
774 804 903 
Group09_08.txt
31 
Group09_09.txt
737 
Group09_10.txt
334 389 535 630 637 
Group09_11.txt
202 456 
Group09_12.txt
143 177 318 478 
Group09_13.txt
42 110 479 494 
Group09_14.txt
449 611 718 
Group09_15.txt
487 
Group09_16.txt
138 288 365 
Group09_17.txt
644 725 
Group09_18.txt
88 264 
Group09_19.txt
228 
Group09_20.txt
538 
Group09_21.txt
485 568 660 1055 
Group09_22.txt
63 195 351 
Group09_24.txt
507 
Group09_25.txt
461 
Group09_26.txt
161 583 641 742 
Group09_27.txt
103 314 396 
Group09_28.txt
229 476 
Group09_29.txt
100 460 
Group09_30.txt
557 
Group09_31.txt
175 
Group09_32.txt
37 217 305 520 
Group09_33.txt
139 321 491 514 
Group09_34.txt
430 567 
Group09_35.txt
270 682 
Group09_36.txt
368 434 
Group09_37.txt
202 240 677 
Group09_38.txt
102 212 320 432 
Group09_39.txt
235 417 
Group09_40.txt
99 262 303 704 
Group09_41.txt
54 172 
Group09_42.txt
606 
Group09_43.txt
476 645 
Group09_45.txt
201 434 
Group09_46.txt
64 597 
Group09_47.txt
235 312 358 383 
Group09_48.txt
423 665 
Group09_49.txt
369 645 750 781 875 
Group09_50.txt
322 560 
Group10_02.txt
115 346 
Group10_03.txt
259 400 644 748 
Group10_05.txt
308 323 390 515 590 689 718 
Group10_06.txt
258 
Group10_07.txt
271 297 
Group10_08.txt
503 
Group10_09.txt
275 288 302 625 831 
Group10_11.txt
268 287 801 1042 
Group10_12.txt
217 
Group10_13.txt
200 
Group10_15.txt
286 
Group10_16.txt
307 731 756 
Group10_17.txt
790 
Group10_18.txt
154 475 620 
Group10_19.txt
209 
Group10_20.txt
126 293 310 358 598 
Group10_21.txt
432 
Group10_22.txt
166 175 229 243 392 506 602 757 
Group10_23.txt
503 
Group10_24.txt
922 1154 
Group10_26.txt
115 346 
Group10_27.txt
261 364 562 633 
Group10_28.txt
180 408 707 
Group10_29.txt
628 
Group10_30.txt
428 469 
Group10_31.txt
0 132 216 393 482 642 
Group10_32.txt
699 
Group10_33.txt
157 924 1010 1480 
Group10_34.txt
143 426 
Group10_35.txt
307 385 437 446 463 474 827 983 1101 1143 1435 1490 
Group10_36.txt
24 487 
Group10_37.txt
27 47 672 
Group10_38.txt
943 
Group10_39.txt
72 621 
Group10_40.txt
77 128 166 407 
Group10_42.txt
455 606 621 
Group10_43.txt
559 1129 
Group10_44.txt
315 729 
Group10_45.txt
29 84 172 
Group10_47.txt
313 459 513 
Group10_49.txt
200 363 
Group10_50.txt
59 
Group11-01.txt
230 446 658 774 
Group11-02.txt
34 810 
Group11-03.txt
129 218 
Group11-05.txt
113 156 360 518 2247 2256 
Group11-06.txt
130 207 467 
Group11-07.txt
50 255 304 
Group11-08.txt
379 606 
Group11-09.txt
294 
Group11-10.txt
141 
Group11-11.txt
52 
Group11-12.txt
26 125 160 322 480 656 
Group11-13.txt
77 131 142 299 394 540 559 677 
Group11-14.txt
218 478 1086 
Group11-15.txt
79 1445 1941 
Group11-16.txt
885 
Group11-17.txt
521 
Group11-18.txt
507 
Group11-19.txt
145 554 
Group11-20.txt
562 
Group11-21.txt
471 
Group11-22.txt
888 
Group11-23.txt
65 
Group11-24.txt
751 777 926 1080 
Group11-25.txt
649 
Group11-26.txt
241 
Group11-28.txt
110 186 677 716 
Group11-29.txt
65 209 461 502 514 628 
Group11-30.txt
77 269 
Group11-32.txt
81 239 298 369 
Group11-33.txt
70 136 274 299 346 504 527 553 624 938 960 
Group11-34.txt
122 130 235 434 
Group11-35.txt
48 100 
Group11-36.txt
62 122 185 
Group11-37.txt
55 353 378 650 
Group11-38.txt
181 377 451 527 617 687 828 
Group11-39.txt
268 454 
Group11-40.txt
439 643 
Group11-41.txt
372 
Group11-42.txt
109 129 404 444 
Group11-44.txt
89 179 351 
Group11-45.txt
496 1249 
Group11-46.txt
1046 
Group11-48.txt
494 
Group11-50.txt
351 867 
Group12_01.txt
227 994 1342 1406 
Group12_02.txt
44 268 349 994 
Group12_03.txt
143 251 338 389 438 567 689 1118 1336 1461 
Group12_04.txt
66 243 371 502 604 821 883 907 951 1001 1042 1290 1521 2114 2400 2503 2609 
Group12_05.txt
528 
Group12_06.txt
83 123 1055 1200 
Group12_08.txt
198 
Group12_10.txt
560 
Group12_13.txt
419 994 1154 
Group12_14.txt
287 562 1007 
Group12_15.txt
255 449 621 736 
Group12_16.txt
170 
Group12_18.txt
162 495 
Group12_19.txt
601 1088 1212 
Group12_22.txt
170 365 431 
Group12_23.txt
362 380 481 
Group12_24.txt
131 433 
Group12_25.txt
81 
Group12_26.txt
757 1131 
Group12_27.txt
506 
Group12_28.txt
443 512 586 
Group12_29.txt
177 276 362 
Group12_32.txt
149 403 
Group12_34.txt
314 
Group12_35.txt
8 
Group12_36.txt
124 
Group12_37.txt
19 21 138 240 289 314 494 
Group12_38.txt
223 438 
Group12_39.txt
28 151 
Group12_40.txt
233 259 287 487 629 
Group12_41.txt
154 
Group12_42.txt
54 361 676 1045 1100 1550 
Group12_43.txt
403 669 
Group12_44.txt
7 
Group12_45.txt
168 491 
Group12_46.txt
180 269 355 516 
Group12_48.txt
169 317 
Group12_49.txt
242 988 1601 2069 2669 
Group12_50.txt
466 
Group13_02.txt
291 1747 2315 
Group13_03.txt
153 
Group13_04.txt
312 
Group13_05.txt
163 
Group13_06.txt
156 1171 1223 1453 
Group13_08.txt
294 373 
Group13_09.txt
630 864 999 1108 1159 
Group13_10.txt
622 
Group13_11.txt
206 286 594 
Group13_12.txt
94 212 230 446 456 
Group13_13.txt
51 103 136 
Group13_14.txt
57 456 
Group13_16.txt
247 
Group13_17.txt
180 
Group13_18.txt
43 676 
Group13_19.txt
175 
Group13_20.txt
425 
Group13_21.txt
588 745 938 1105 1719 1757 
Group13_22.txt
5422 7157 7933 8523 8606 9001 9299 9742 10109 12736 13168 14393 14401 15043 15342 15600 16229 
Group13_23.txt
120 255 293 405 1035 1261 1728 2241 3463 3491 
Group13_24.txt
122 174 1449 1567 1816 1989 2094 2514 3453 4027 4105 4424 4515 4697 
Group13_25.txt
1690 
Group13_26.txt
325 671 1253 1267 1766 1864 2916 3041 3959 4613 4674 4856 5630 6535 6998 7029 7058 7179 9241 9309 
Group13_27.txt
256 283 613 700 886 981 1320 1975 2046 2176 
Group13_28.txt
257 297 374 1925 1942 1996 2258 
Group13_29.txt
327 1935 2224 2319 4596 5220 
Group13_30.txt
157 282 1299 1690 2759 3111 3151 3739 
Group13_32.txt
555 811 
Group13_33.txt
409 728 1013 1031 
Group13_34.txt
138 292 
Group13_35.txt
922 1263 
Group13_36.txt
431 
Group13_38.txt
76 1040 
Group13_39.txt
342 938 1131 1573 1626 1649 
Group13_40.txt
349 763 961 1020 
Group13_41.txt
129 587 624 1106 1280 1334 1464 1516 
Group13_42.txt
845 
Group13_43.txt
491 1262 1308 1452 1644 
Group13_44.txt
265 1225 1307 1607 2840 
Group13_45.txt
782 925 965 1443 
Group13_46.txt
1581 
Group13_47.txt
159 258 603 
Group13_48.txt
119 227 463 688 899 1124 1261 1610 2444 
Group13_49.txt
245 274 387 1296 1409 1635 2154 
Group13_50.txt
173 563 1151 
Group14_01.txt
274 
Group14_03.txt
120 202 
Group14_04.txt
83 
Group14_05.txt
419 
Group14_06.txt
102 
Group14_08.txt
309 551 
Group14_09.txt
80 346 462 
Group14_10.txt
137 313 
Group14_11.txt
283 491 
Group14_13.txt
61 504 
Group14_15.txt
377 
Group14_16.txt
407 
Group14_17.txt
215 518 
Group14_19.txt
755 
Group14_20.txt
62 664 668 733 
Group14_22.txt
65 77 
Group14_23.txt
377 
Group14_24.txt
107 
Group14_25.txt
73 475 
Group14_26.txt
319 745 
Group14_27.txt
576 643 
Group14_28.txt
598 774 823 
Group14_29.txt
47 312 
Group14_30.txt
369 
Group14_31.txt
56 497 
Group14_32.txt
273 409 
Group14_33.txt
782 1139 1149 
Group14_34.txt
336 
Group14_35.txt
1012 1142 1169 1229 1463 
Group14_38.txt
159 774 
Group14_39.txt
149 682 726 827 846 862 
Group14_40.txt
538 
Group14_41.txt
535 563 866 
Group14_42.txt
379 537 567 904 
Group14_43.txt
369 
Group14_44.txt
443 490 829 929 
Group14_46.txt
594 
Group14_47.txt
129 339 680 
Group14_48.txt
95 309 337 614 694 
Group14_49.txt
309 
Group14_50.txt
429 547 
