Group01_03.txt
976 983 997 1022 
Group01_13.txt
17 35 
Group01_17.txt
327 
Group01_42.txt
32 
Group01_48.txt
383 399 
Group01_49.txt
228 
Group03_05.txt
555 
Group03_06.txt
1262 1276 2012 2078 
Group03_14.txt
719 
Group03_21.txt
346 1033 
Group03_23.txt
29 236 623 
Group03_27.txt
15 81 130 196 345 363 437 453 539 1484 1508 1738 
Group03_29.txt
612 
Group03_42.txt
602 
Group03_49.txt
689 
Group04_05.txt
245 432 468 619 
Group04_06.txt
257 683 
Group04_10.txt
86 
Group04_23.txt
156 
Group04_24.txt
522 
Group04_25.txt
481 503 
Group04_33.txt
345 
Group04_34.txt
486 
Group05_07.txt
194 
Group05_13.txt
140 
Group05_15.txt
126 
Group05_17.txt
312 553 
Group05_20.txt
614 630 
Group05_21.txt
50 323 
Group05_33.txt
121 
Group05_40.txt
220 
Group05_50.txt
181 
Group06_01.txt
73 
Group06_04.txt
431 635 
Group06_18.txt
27 
Group06_20.txt
9 11 73 682 
Group06_21.txt
514 
Group06_46.txt
634 
Group07_01.txt
291 293 
Group07_03.txt
620 
Group07_04.txt
1218 
Group07_31.txt
444 587 915 983 1048 1050 1168 
Group07_33.txt
553 
Group07_45.txt
335 
Group08_07.txt
0 8 22 27 41 73 
Group08_11.txt
680 
Group08_12.txt
383 
Group08_13.txt
46 122 285 410 449 567 673 705 1009 
Group08_20.txt
681 
Group08_21.txt
428 
Group08_25.txt
126 
Group08_28.txt
108 
Group08_31.txt
261 529 958 
Group09_11.txt
631 
Group09_12.txt
414 
Group09_39.txt
70 141 175 241 250 268 311 333 350 365 400 642 698 
Group10_13.txt
383 434 
Group10_14.txt
74 
Group10_19.txt
434 483 
Group10_25.txt
75 176 330 364 436 566 669 703 775 905 1021 1162 1207 
Group10_28.txt
255 788 
Group10_37.txt
290 
Group11-14.txt
529 804 
Group11-16.txt
2259 
Group11-18.txt
365 
Group11-24.txt
1902 1926 
Group12_03.txt
224 230 309 
Group12_04.txt
1524 1660 2444 
Group12_05.txt
518 594 
Group12_07.txt
130 204 305 758 1178 1216 
Group12_08.txt
599 
Group12_09.txt
285 853 
Group12_28.txt
538 
Group12_35.txt
388 
Group12_42.txt
160 496 619 651 
Group12_48.txt
7 82 102 186 386 
Group13_01.txt
491 
Group13_04.txt
493 
Group13_06.txt
101 305 313 
Group13_07.txt
210 
Group13_12.txt
666 
Group13_18.txt
60 269 349 
Group13_20.txt
156 
Group13_21.txt
1297 1789 
Group13_22.txt
4480 5954 15023 
Group13_23.txt
7 34 326 387 469 492 695 951 1018 1074 1082 1276 1312 1500 1595 1913 1933 2091 2350 2381 2440 2509 2519 2580 2642 2706 2731 3152 3390 3404 3538 3564 3619 3684 
Group13_24.txt
240 352 389 916 1065 1282 1289 1403 1524 1637 2287 2581 2951 3406 4708 4829 4889 5367 
Group13_26.txt
5889 5981 7273 
Group13_27.txt
403 924 3345 
Group13_29.txt
242 258 5020 
Group13_30.txt
2631 
Group13_31.txt
0 38 100 123 266 305 318 344 504 516 534 615 708 
Group13_32.txt
1012 
Group13_37.txt
486 
Group13_39.txt
54 255 411 795 1776 1944 1970 2085 
Group13_42.txt
65 91 918 
Group13_44.txt
1707 3407 3450 3482 3513 3563 3570 
Group13_46.txt
1100 1295 
Group13_48.txt
955 
Group13_49.txt
1483 
Group13_50.txt
14 185 235 240 309 427 516 579 790 1005 1198 1217 1277 
Group14_06.txt
108 
Group14_11.txt
1 84 91 211 298 309 409 
Group14_18.txt
536 
Group14_21.txt
138 160 198 440 474 589 612 
Group14_22.txt
34 141 359 
Group14_25.txt
371 391 400 
Group14_29.txt
41 149 166 348 412 
Group14_31.txt
583 
