Group01_01.txt
332 442 550 
Group01_02.txt
148 
Group01_05.txt
155 
Group01_06.txt
181 802 
Group01_07.txt
245 289 306 351 364 
Group01_08.txt
8 368 
Group01_10.txt
319 333 554 564 
Group01_11.txt
114 132 
Group01_12.txt
731 
Group01_13.txt
68 
Group01_19.txt
567 640 
Group01_20.txt
359 
Group01_21.txt
300 
Group01_23.txt
236 
Group01_25.txt
380 490 1009 1147 
Group01_26.txt
160 355 
Group01_29.txt
68 185 200 407 
Group01_30.txt
770 776 
Group01_32.txt
474 1131 1197 
Group01_33.txt
469 
Group01_34.txt
200 322 334 338 366 380 451 
Group01_35.txt
323 906 1043 1101 1153 
Group01_38.txt
298 
Group01_40.txt
194 375 
Group01_41.txt
75 120 202 
Group01_42.txt
547 562 
Group01_43.txt
36 310 431 533 
Group01_44.txt
16 
Group01_45.txt
428 
Group01_47.txt
29 228 274 
Group01_49.txt
126 282 381 
Group01_50.txt
200 
Group02_01.txt
258 
Group02_06.txt
104 489 
Group02_09.txt
375 421 607 715 815 
Group02_10.txt
706 
Group02_11.txt
789 907 
Group02_12.txt
891 
Group02_14.txt
60 91 
Group02_27.txt
1340 
Group02_28.txt
280 
Group02_37.txt
1221 
Group02_38.txt
1336 2583 
Group02_43.txt
826 1013 1093 1291 1347 1480 1534 
Group02_47.txt
155 183 198 521 845 
Group02_49.txt
75 
Group03_02.txt
204 465 580 788 
Group03_03.txt
728 1300 
Group03_04.txt
1409 1552 1816 
Group03_05.txt
235 
Group03_06.txt
155 1385 2403 2725 
Group03_07.txt
905 1451 1474 1483 1539 1800 2225 
Group03_08.txt
68 412 451 487 677 702 748 
Group03_09.txt
938 
Group03_10.txt
453 584 762 
Group03_12.txt
278 720 968 
Group03_13.txt
3 277 361 370 379 391 436 673 798 1178 1191 1310 
Group03_14.txt
131 489 690 
Group03_15.txt
526 
Group03_16.txt
818 
Group03_17.txt
11 706 
Group03_18.txt
189 394 635 881 1012 1168 1181 1198 
Group03_19.txt
510 
Group03_20.txt
57 73 235 338 428 637 840 
Group03_21.txt
1083 1187 1221 1705 
Group03_22.txt
98 164 170 228 466 471 
Group03_23.txt
189 341 374 436 445 529 749 
Group03_24.txt
229 553 1842 
Group03_25.txt
460 515 576 
Group03_26.txt
13 218 450 499 551 640 958 975 1298 1440 
Group03_27.txt
78 198 318 435 806 867 979 987 1086 1474 1799 
Group03_29.txt
157 187 888 948 2041 
Group03_30.txt
13 331 385 1079 1307 1565 
Group03_31.txt
995 1697 2141 2863 2874 
Group03_32.txt
814 
Group03_33.txt
611 1181 1221 
Group03_34.txt
1922 2099 2803 
Group03_35.txt
693 1220 
Group03_36.txt
0 76 151 602 632 775 945 973 1237 1383 1521 
Group03_37.txt
134 859 979 1005 1667 1952 
Group03_38.txt
860 867 
Group03_39.txt
797 
Group03_40.txt
590 1160 
Group03_42.txt
138 168 881 941 
Group03_44.txt
996 1122 
Group03_45.txt
113 
Group03_46.txt
289 
Group03_47.txt
99 570 
Group03_48.txt
188 564 
Group03_50.txt
761 
Group04_01.txt
85 549 
Group04_02.txt
379 
Group04_04.txt
390 
Group04_05.txt
318 
Group04_07.txt
235 263 517 618 892 1025 1038 
Group04_08.txt
152 532 608 654 
Group04_09.txt
263 312 355 399 
Group04_10.txt
0 40 460 475 493 524 539 888 896 
Group04_11.txt
27 
Group04_12.txt
50 137 
Group04_13.txt
172 814 
Group04_15.txt
867 1155 
Group04_18.txt
387 462 
Group04_20.txt
71 479 
Group04_21.txt
3 17 150 387 
Group04_22.txt
436 553 
Group04_23.txt
85 243 502 674 
Group04_24.txt
98 185 460 607 658 
Group04_25.txt
139 230 360 
Group04_26.txt
539 826 
Group04_27.txt
43 
Group04_28.txt
322 429 559 
Group04_29.txt
9 30 104 148 300 
Group04_30.txt
805 1052 
Group04_31.txt
485 
Group04_32.txt
81 377 686 
Group04_33.txt
40 60 68 104 118 148 403 531 
Group04_34.txt
12 29 81 123 152 286 405 505 599 943 
Group04_35.txt
69 217 343 477 521 
Group04_36.txt
168 380 782 
Group04_37.txt
124 
Group04_38.txt
116 122 192 218 
Group04_39.txt
105 725 779 
Group04_41.txt
256 382 448 717 967 
Group04_42.txt
216 301 373 
Group04_43.txt
118 
Group04_44.txt
491 552 
Group04_46.txt
68 256 332 963 
Group04_47.txt
30 67 150 191 243 320 524 545 
Group04_48.txt
113 151 
Group04_49.txt
344 393 411 509 
Group04_50.txt
462 583 607 
Group05_02.txt
1077 1268 
Group05_04.txt
184 797 924 
Group05_05.txt
33 284 
Group05_07.txt
81 
Group05_09.txt
159 551 917 
Group05_11.txt
199 
Group05_12.txt
61 108 
Group05_13.txt
240 
Group05_14.txt
29 619 
Group05_16.txt
200 277 425 536 
Group05_17.txt
87 418 1016 1028 1107 
Group05_18.txt
641 949 
Group05_19.txt
133 417 
Group05_20.txt
200 635 793 922 1067 
Group05_21.txt
155 308 
Group05_22.txt
154 
Group05_26.txt
66 140 658 732 
Group05_27.txt
248 1201 
Group05_28.txt
233 253 257 270 287 333 444 457 
Group05_29.txt
420 
Group05_31.txt
147 194 
Group05_35.txt
149 
Group05_37.txt
26 
Group05_43.txt
203 396 
Group05_44.txt
213 613 
Group05_45.txt
215 531 
Group06_01.txt
82 470 478 
Group06_03.txt
185 282 373 
Group06_04.txt
182 
Group06_06.txt
83 
Group06_07.txt
136 404 
Group06_08.txt
39 238 306 317 
Group06_10.txt
709 
Group06_12.txt
159 
Group06_13.txt
160 
Group06_16.txt
691 700 
Group06_19.txt
237 517 545 
Group06_20.txt
190 399 
Group06_21.txt
432 450 838 
Group06_22.txt
304 516 
Group06_23.txt
144 353 698 720 775 
Group06_24.txt
138 511 
Group06_26.txt
211 561 
Group06_28.txt
491 695 
Group06_30.txt
161 
Group06_34.txt
382 522 
Group06_36.txt
126 
Group06_38.txt
608 
Group06_44.txt
145 182 
Group06_45.txt
455 639 
Group06_49.txt
213 340 
Group06_50.txt
61 167 218 235 
Group07_01.txt
59 822 
Group07_02.txt
5 197 557 806 
Group07_03.txt
102 121 134 408 495 828 1142 1633 2489 
Group07_04.txt
57 908 942 1149 
Group07_05.txt
658 
Group07_06.txt
6 198 481 
Group07_07.txt
442 489 944 965 1216 
Group07_08.txt
4 229 291 416 
Group07_09.txt
640 
Group07_10.txt
278 
Group07_11.txt
135 186 212 
Group07_12.txt
727 
Group07_14.txt
52 102 242 519 
Group07_17.txt
203 
Group07_18.txt
78 87 684 698 714 1047 1101 1202 
Group07_19.txt
7 61 334 490 525 738 
Group07_20.txt
55 129 371 
Group07_21.txt
64 70 107 416 803 
Group07_22.txt
80 
Group07_23.txt
292 
Group07_24.txt
49 62 129 295 421 839 
Group07_27.txt
31 104 130 
Group07_28.txt
96 
Group07_29.txt
212 485 
Group07_30.txt
117 197 387 473 529 
Group07_31.txt
323 510 750 761 822 
Group07_32.txt
124 370 476 
Group07_33.txt
54 365 728 
Group07_34.txt
147 
Group07_35.txt
229 250 
Group07_36.txt
338 
Group07_37.txt
57 472 548 781 963 1061 1391 1409 1450 1486 1572 1620 1701 1736 
Group07_38.txt
166 343 676 898 1819 1825 
Group07_39.txt
11 
Group07_40.txt
55 369 469 817 
Group07_42.txt
486 
Group07_44.txt
167 624 
Group07_47.txt
67 384 
Group07_48.txt
5 57 144 309 725 937 
Group07_49.txt
102 686 2597 2612 
Group07_50.txt
3 132 209 246 414 654 
Group08_01.txt
101 601 650 
Group08_02.txt
77 271 543 
Group08_03.txt
272 289 296 
Group08_06.txt
232 243 247 365 410 525 536 708 718 774 777 831 994 1106 
Group08_07.txt
431 
Group08_09.txt
285 464 516 
Group08_10.txt
40 80 200 700 749 
Group08_11.txt
407 677 
Group08_12.txt
48 101 468 815 
Group08_13.txt
197 238 922 1082 
Group08_15.txt
436 
Group08_16.txt
1552 1572 
Group08_19.txt
53 121 192 249 286 563 
Group08_20.txt
350 
Group08_22.txt
149 211 270 837 
Group08_24.txt
886 956 
Group08_25.txt
331 555 623 666 896 944 1068 
Group08_27.txt
290 
Group08_28.txt
504 
Group08_29.txt
378 413 873 930 1020 1052 1164 1251 
Group08_30.txt
503 1364 1510 
Group08_34.txt
62 
Group08_35.txt
229 
Group08_36.txt
328 
Group08_39.txt
213 282 
Group08_40.txt
332 
Group08_42.txt
309 
Group08_43.txt
6 19 41 143 
Group08_47.txt
38 
Group08_48.txt
142 292 355 378 
Group09_03.txt
75 
Group09_04.txt
290 
Group09_05.txt
659 
Group09_06.txt
429 
Group09_07.txt
157 675 857 882 
Group09_08.txt
426 475 
Group09_09.txt
43 299 386 411 526 769 
Group09_10.txt
596 815 
Group09_11.txt
90 275 415 
Group09_12.txt
55 305 387 486 
Group09_13.txt
130 180 271 
Group09_14.txt
25 265 335 429 465 570 792 
Group09_15.txt
128 320 
Group09_17.txt
177 301 465 688 694 
Group09_18.txt
55 
Group09_21.txt
525 
Group09_25.txt
0 294 513 
Group09_26.txt
1282 
Group09_31.txt
525 
Group09_34.txt
163 
Group09_37.txt
93 376 503 535 578 847 923 1094 1136 
Group09_39.txt
581 
Group09_40.txt
778 
Group09_41.txt
80 
Group09_42.txt
215 391 481 
Group09_43.txt
21 225 
Group09_44.txt
73 
Group09_48.txt
547 
Group09_49.txt
881 
Group10_01.txt
102 244 381 
Group10_02.txt
302 
Group10_03.txt
73 761 881 885 904 
Group10_05.txt
573 807 821 919 
Group10_07.txt
50 
Group10_08.txt
188 201 240 304 314 
Group10_09.txt
565 
Group10_10.txt
679 
Group10_11.txt
442 
Group10_12.txt
239 378 407 
Group10_13.txt
221 242 259 425 574 616 
Group10_14.txt
440 546 
Group10_15.txt
508 
Group10_17.txt
461 784 
Group10_18.txt
84 491 498 636 
Group10_21.txt
189 331 335 400 743 
Group10_22.txt
433 571 
Group10_23.txt
543 
Group10_25.txt
1023 
Group10_26.txt
302 
Group10_27.txt
30 
Group10_29.txt
57 595 
Group10_30.txt
45 317 
Group10_32.txt
64 
Group10_33.txt
121 210 367 
Group10_34.txt
2 396 
Group10_36.txt
869 
Group10_37.txt
317 
Group10_39.txt
200 379 401 415 575 703 858 
Group10_40.txt
105 549 
Group10_41.txt
562 600 
Group10_42.txt
273 282 486 565 
Group10_43.txt
2 127 158 458 806 1146 
Group10_44.txt
278 
Group10_46.txt
107 
Group10_47.txt
208 389 559 699 
Group10_48.txt
117 137 280 334 397 426 668 
Group10_49.txt
41 56 727 
Group10_50.txt
387 
Group11-03.txt
203 478 518 565 644 668 
Group11-04.txt
110 175 298 306 750 876 897 
Group11-05.txt
703 1278 1619 2180 2184 2188 
Group11-07.txt
623 657 
Group11-10.txt
529 
Group11-11.txt
89 
Group11-14.txt
132 358 
Group11-15.txt
676 686 941 1070 1314 1609 1803 1927 2386 
Group11-16.txt
551 610 1692 2244 2289 2330 2339 2344 2359 2386 2395 2466 2787 2870 
Group11-17.txt
273 
Group11-18.txt
243 393 
Group11-19.txt
625 
Group11-20.txt
107 570 1159 1261 1331 
Group11-21.txt
111 337 742 770 
Group11-22.txt
494 
Group11-23.txt
46 134 183 265 510 556 608 680 
Group11-24.txt
1881 2210 2337 
Group11-25.txt
142 602 
Group11-26.txt
89 
Group11-28.txt
1032 1036 
Group11-29.txt
819 823 
Group11-30.txt
393 538 695 699 
Group11-31.txt
517 
Group11-32.txt
868 872 
Group11-33.txt
46 127 359 836 890 951 
Group11-35.txt
235 290 
Group11-37.txt
167 687 747 753 
Group11-39.txt
70 78 
Group11-40.txt
375 387 433 595 608 621 627 
Group11-41.txt
50 199 351 428 472 
Group11-42.txt
309 
Group11-43.txt
111 239 319 
Group11-44.txt
41 165 247 
Group11-45.txt
5 130 715 1244 1271 
Group11-46.txt
5 195 642 710 1191 1417 
Group11-47.txt
177 329 522 545 
Group11-48.txt
327 
Group11-49.txt
3 65 149 326 351 
Group11-50.txt
153 300 
Group12_01.txt
381 654 905 1064 1087 1243 1359 1434 1565 
Group12_02.txt
432 454 887 1344 1823 
Group12_04.txt
545 697 736 1246 1357 1381 1472 1626 1742 1747 2038 2123 2244 2435 2707 2712 
Group12_06.txt
255 332 351 541 658 670 794 813 847 990 1090 1234 
Group12_07.txt
221 616 630 1135 
Group12_08.txt
331 527 576 
Group12_09.txt
295 481 772 
Group12_10.txt
106 173 228 633 774 802 
Group12_11.txt
5 522 810 
Group12_12.txt
5 522 810 
Group12_13.txt
40 67 100 273 289 341 363 393 498 564 581 591 620 628 723 830 1148 1334 1374 1429 1484 1496 1508 1517 1550 1595 1759 1802 1844 
Group12_14.txt
8 121 189 441 570 586 781 
Group12_15.txt
189 264 504 
Group12_16.txt
10 232 
Group12_17.txt
365 429 
Group12_18.txt
11 38 93 239 324 473 
Group12_19.txt
165 399 612 702 1050 1348 
Group12_20.txt
185 298 404 472 601 
Group12_21.txt
33 58 160 208 243 281 518 
Group12_22.txt
43 255 409 464 
Group12_24.txt
661 686 
Group12_26.txt
161 648 667 1034 1095 1149 1247 1282 
Group12_27.txt
146 178 316 
Group12_28.txt
193 259 
Group12_29.txt
124 147 216 579 
Group12_32.txt
100 
Group12_33.txt
218 237 370 
Group12_34.txt
72 110 146 152 464 
Group12_38.txt
124 490 
Group12_39.txt
224 
Group12_40.txt
144 
Group12_41.txt
122 359 411 
Group12_42.txt
15 287 419 688 698 833 930 974 1012 1130 1238 1283 1318 1413 1443 
Group12_43.txt
282 481 700 814 
Group12_46.txt
72 82 145 218 228 379 418 533 
Group12_48.txt
125 362 
Group12_49.txt
13 21 639 932 1370 1497 1876 1902 2119 2402 2411 2585 2685 
Group12_50.txt
208 315 562 
Group13_01.txt
198 219 652 748 
Group13_02.txt
419 556 649 847 853 997 1023 2294 2321 2351 
Group13_03.txt
381 618 
Group13_04.txt
25 55 448 840 946 
Group13_05.txt
1125 1199 1263 
Group13_06.txt
568 946 1198 1408 1929 2122 2727 
Group13_07.txt
125 325 470 
Group13_08.txt
242 261 
Group13_09.txt
6 381 531 1378 
Group13_10.txt
447 
Group13_11.txt
241 281 372 
Group13_12.txt
640 
Group13_14.txt
210 
Group13_15.txt
84 
Group13_16.txt
149 173 229 
Group13_17.txt
329 
Group13_18.txt
230 475 890 
Group13_20.txt
524 
Group13_21.txt
191 712 853 1125 1451 1466 
Group13_22.txt
143 358 482 673 732 748 1490 1885 2000 2271 2502 2524 2587 2608 3137 3762 3957 4155 4166 4408 4490 4633 4648 4682 4884 5044 5176 5274 5281 5905 6235 6795 6955 7607 7927 8216 8366 8639 9130 9157 9189 9380 9503 9635 9684 10007 10144 10867 10935 11182 11271 11337 12028 12039 12206 12324 12392 12439 12952 13041 13090 13177 13435 13461 13489 13566 13596 13695 13792 13872 14223 14272 15365 15616 15696 15917 16436 
Group13_23.txt
384 516 821 824 1198 1405 1562 1859 1929 2050 2125 2173 2326 2855 2893 3063 3111 3127 3141 3173 3536 3591 3598 3706 
Group13_24.txt
4 844 855 900 1243 1252 1589 1653 1723 1934 2569 2695 3064 3073 3980 4173 4240 4258 4597 4622 5409 
Group13_25.txt
312 426 484 685 1335 1377 1440 1928 2290 2529 2551 2562 
Group13_26.txt
170 180 948 1522 1610 2158 2483 2790 2879 3117 3716 3759 3798 3867 4062 4296 4467 4562 5169 5185 5621 5761 5772 6073 6138 6848 7366 7388 8425 8544 8763 9411 9966 10263 
Group13_27.txt
802 1016 1191 2032 2162 2228 2394 2402 2517 2969 3255 3450 3499 3513 
Group13_28.txt
311 344 464 682 806 959 1128 1354 1711 1902 2775 2850 2894 3152 
Group13_29.txt
1158 1332 1570 2427 2607 2615 3193 4188 4196 4483 4769 
Group13_30.txt
28 251 433 554 771 1047 1106 1284 2516 2802 3179 3302 
Group13_31.txt
252 546 683 
Group13_32.txt
33 313 600 612 765 777 790 844 981 1028 1045 1113 1296 1334 
Group13_33.txt
259 262 269 460 509 589 699 1307 1335 2134 
Group13_34.txt
3 
Group13_35.txt
6 52 58 154 227 244 289 488 560 649 1453 
Group13_36.txt
617 633 658 1000 1035 1227 1257 1276 
Group13_37.txt
282 471 600 1197 
Group13_38.txt
247 256 951 
Group13_39.txt
327 366 380 433 623 812 895 952 1031 1056 1427 1458 1463 1863 1870 
Group13_40.txt
85 117 151 776 826 
Group13_41.txt
50 543 609 703 724 947 974 988 1016 1259 
Group13_42.txt
107 163 175 638 892 1126 1349 
Group13_43.txt
54 869 894 924 1167 1205 1536 
Group13_44.txt
76 186 457 517 622 660 714 1105 1160 1497 1553 1583 1593 1754 1876 1895 2120 2940 3083 3096 3111 3572 3630 3642 3665 3706 3742 3888 
Group13_45.txt
2 11 323 951 1058 1313 1365 1515 1573 
Group13_46.txt
1325 
Group13_47.txt
825 929 1032 1113 1132 1330 
Group13_48.txt
133 969 1621 2078 2409 
Group13_49.txt
991 1051 1120 1239 1318 
Group13_50.txt
357 429 725 1192 1314 
Group14_03.txt
152 421 
Group14_04.txt
220 374 
Group14_06.txt
52 311 420 524 
Group14_08.txt
63 99 261 
Group14_12.txt
501 
Group14_14.txt
473 
Group14_15.txt
287 
Group14_17.txt
136 397 413 
Group14_19.txt
195 
Group14_20.txt
34 85 581 631 
Group14_21.txt
60 92 108 
Group14_25.txt
316 595 
Group14_26.txt
286 774 
Group14_27.txt
616 
Group14_29.txt
130 368 
Group14_30.txt
310 914 954 
Group14_31.txt
155 479 
Group14_33.txt
272 
Group14_35.txt
518 594 621 
Group14_36.txt
172 
Group14_38.txt
648 
Group14_39.txt
271 
Group14_40.txt
293 
Group14_43.txt
623 634 
Group14_49.txt
117 
Group14_50.txt
663 
