Group01_03.txt
367 373 400 533 830 870 880 1110 1124 
Group01_06.txt
885 
Group01_12.txt
40 368 491 578 704 
Group01_13.txt
93 
Group01_16.txt
165 
Group01_17.txt
205 218 226 246 274 281 
Group01_18.txt
180 
Group01_20.txt
379 554 577 
Group01_21.txt
106 240 327 
Group01_22.txt
1 36 272 335 355 376 
Group01_23.txt
528 
Group01_25.txt
130 153 176 183 1049 1074 1128 1143 1148 
Group01_26.txt
621 669 759 
Group01_28.txt
315 
Group01_29.txt
98 
Group01_31.txt
19 272 325 367 
Group01_32.txt
529 754 1189 1228 
Group01_33.txt
487 
Group01_34.txt
34 43 55 60 94 141 170 345 372 386 431 461 486 
Group01_35.txt
652 
Group01_36.txt
462 
Group01_37.txt
467 492 
Group01_38.txt
105 238 325 
Group01_39.txt
61 
Group01_40.txt
140 161 280 438 532 549 583 608 652 684 693 725 
Group01_44.txt
232 
Group01_49.txt
245 475 503 
Group02_02.txt
944 999 
Group02_03.txt
49 177 934 
Group02_07.txt
29 57 94 109 183 221 285 438 455 486 501 517 627 645 
Group02_08.txt
144 359 454 488 
Group02_09.txt
147 161 218 236 309 347 354 389 404 416 475 485 502 514 523 573 587 638 738 
Group02_11.txt
272 617 901 923 
Group02_12.txt
824 845 855 884 892 963 991 
Group02_13.txt
25 58 150 220 
Group02_14.txt
177 869 
Group02_16.txt
863 
Group02_17.txt
407 448 457 487 493 508 543 608 627 732 
Group02_18.txt
216 1416 1854 2006 2024 2067 2152 2753 3083 3107 
Group02_19.txt
121 160 247 270 374 399 522 586 607 630 759 811 880 1289 1311 1332 1341 1358 1374 1381 1490 1682 1702 1715 1729 1736 1762 
Group02_20.txt
90 328 884 1330 2353 2569 2580 3733 3825 3829 
Group02_21.txt
127 135 265 522 1128 1174 1313 1661 1780 1837 1946 2086 
Group02_22.txt
232 619 903 1024 1041 1186 1244 2172 2243 2391 2910 3117 3135 3445 3657 3725 
Group02_23.txt
279 289 406 730 987 1318 1554 
Group02_24.txt
270 1058 1144 1247 1270 1304 1321 1329 1349 1364 1372 1379 
Group02_25.txt
58 108 559 1048 1085 1103 1111 1127 1148 1161 1212 1217 1224 1239 1251 1264 1279 
Group02_26.txt
218 
Group02_27.txt
123 218 231 361 371 658 928 995 1023 1032 1123 1217 1370 1469 
Group02_28.txt
55 79 88 275 401 419 427 485 527 553 680 696 737 805 813 829 894 912 990 1039 1042 1058 1076 1113 1146 1235 1327 1412 1442 1625 1687 1716 1757 1801 1899 2036 2059 
Group02_29.txt
59 345 419 540 574 587 795 874 925 1139 
Group02_30.txt
458 517 659 964 1065 1199 1222 1230 1543 1711 1870 1880 2303 2656 2835 2924 2940 2968 3326 3453 4002 
Group02_31.txt
39 605 714 990 1129 1246 1877 2160 2173 2241 2640 
Group02_32.txt
20 149 237 307 322 360 375 669 844 868 915 1080 1107 1138 1207 1269 1303 1386 1396 1439 1605 1724 1754 1798 2094 2738 
Group02_33.txt
5 31 45 260 283 1184 1198 1336 1384 1591 1599 1621 1819 1846 1932 2240 2496 2612 2806 3106 3187 3191 
Group02_34.txt
122 622 643 659 786 
Group02_35.txt
67 210 435 517 634 674 699 
Group02_36.txt
170 360 798 817 823 906 999 1021 1092 1098 1151 1157 1183 1203 1215 1346 1753 
Group02_37.txt
771 782 886 909 1354 1371 1462 
Group02_38.txt
72 1064 1293 1446 2554 2587 3090 3102 3296 
Group02_39.txt
413 530 1655 
Group02_40.txt
157 193 607 610 618 948 1064 1773 1780 1790 2118 2131 
Group02_41.txt
199 316 606 1256 1271 1386 
Group02_42.txt
335 524 539 590 
Group02_43.txt
231 249 422 457 1166 1276 1400 1487 1528 1638 1647 
Group02_44.txt
543 555 573 604 698 727 849 1173 1184 1192 1397 1672 
Group02_45.txt
77 558 573 660 685 707 833 932 967 1129 1223 
Group02_46.txt
449 822 1455 1970 
Group02_47.txt
6 71 86 103 111 213 415 448 461 558 568 577 923 1138 
Group02_48.txt
290 302 602 880 919 1542 2030 2155 2274 2374 2969 
Group02_49.txt
31 52 913 963 1032 1902 1968 1980 2109 2262 2271 2291 2890 3522 
Group02_50.txt
113 364 376 443 448 466 477 496 509 518 522 611 702 745 801 806 825 872 879 910 947 958 1071 1088 1112 1169 1199 1263 1334 1363 1419 1427 1568 1626 1642 1694 
Group03_01.txt
433 
Group03_03.txt
943 1006 1124 1134 1166 1188 1205 
Group03_04.txt
1105 1260 
Group03_05.txt
148 911 
Group03_06.txt
409 952 1359 2518 2560 2582 
Group03_07.txt
162 528 1063 
Group03_09.txt
19 164 411 
Group03_11.txt
662 903 952 
Group03_13.txt
1362 1381 
Group03_14.txt
360 381 385 
Group03_15.txt
763 
Group03_16.txt
711 
Group03_17.txt
384 495 
Group03_18.txt
882 936 951 1033 1150 1169 
Group03_19.txt
230 
Group03_20.txt
281 
Group03_21.txt
653 1127 
Group03_22.txt
999 
Group03_25.txt
630 759 774 
Group03_26.txt
326 384 752 
Group03_27.txt
1630 
Group03_28.txt
333 817 848 919 927 
Group03_29.txt
2 225 1553 1933 2059 
Group03_30.txt
614 646 659 674 972 1366 1619 
Group03_31.txt
436 1688 1884 
Group03_32.txt
124 
Group03_33.txt
1411 
Group03_34.txt
7 1531 1774 1884 
Group03_35.txt
16 723 830 864 1155 1270 
Group03_36.txt
1710 
Group03_37.txt
19 948 
Group03_38.txt
293 338 629 708 
Group03_39.txt
107 
Group03_41.txt
303 
Group03_42.txt
2 206 1574 
Group03_43.txt
680 
Group03_44.txt
51 676 1487 
Group03_45.txt
211 
Group03_46.txt
150 
Group03_47.txt
86 
Group03_48.txt
112 142 328 346 
Group04_01.txt
921 
Group04_02.txt
181 211 
Group04_03.txt
1 26 45 235 300 309 341 370 381 503 
Group04_05.txt
13 197 224 231 279 437 640 
Group04_06.txt
417 433 454 546 
Group04_09.txt
42 326 348 454 492 
Group04_11.txt
185 
Group04_12.txt
176 181 
Group04_13.txt
478 758 
Group04_14.txt
173 186 209 220 269 330 338 355 369 600 
Group04_15.txt
358 
Group04_16.txt
38 177 382 
Group04_18.txt
503 
Group04_27.txt
827 840 856 867 
Group04_33.txt
697 710 719 
Group04_34.txt
699 
Group04_35.txt
434 
Group04_38.txt
393 
Group04_39.txt
887 
Group04_40.txt
30 61 227 569 576 
Group04_41.txt
285 672 911 947 1061 1108 
Group04_43.txt
61 71 341 403 
Group04_46.txt
29 865 945 1153 
Group05_02.txt
109 151 495 523 617 1245 1269 
Group05_03.txt
311 
Group05_05.txt
46 124 136 
Group05_06.txt
32 303 816 896 1048 1105 1186 
Group05_07.txt
140 220 343 
Group05_08.txt
226 
Group05_09.txt
48 109 116 249 618 647 663 724 762 
Group05_10.txt
56 83 403 433 445 464 478 506 591 707 
Group05_11.txt
52 75 93 123 209 315 
Group05_13.txt
669 1230 
Group05_14.txt
262 523 633 654 
Group05_15.txt
133 195 349 
Group05_16.txt
573 675 
Group05_17.txt
70 252 278 315 492 619 717 964 1096 
Group05_18.txt
29 684 
Group05_19.txt
716 798 823 
Group05_20.txt
671 780 
Group05_22.txt
136 377 462 
Group05_23.txt
1066 
Group05_25.txt
148 
Group05_26.txt
112 334 699 714 728 
Group05_27.txt
431 570 962 1237 1346 
Group05_30.txt
412 497 
Group05_31.txt
104 118 202 332 
Group05_32.txt
39 
Group05_34.txt
47 85 94 
Group05_35.txt
73 204 
Group05_38.txt
252 377 
Group05_40.txt
95 201 
Group05_41.txt
94 
Group05_42.txt
134 161 
Group05_43.txt
208 
Group05_44.txt
799 895 1017 
Group05_46.txt
58 134 564 650 
Group05_48.txt
88 520 
Group05_49.txt
48 91 289 402 623 638 766 
Group05_50.txt
87 188 228 382 438 
Group06_02.txt
480 
Group06_04.txt
593 760 
Group06_05.txt
721 
Group06_07.txt
98 
Group06_09.txt
294 
Group06_13.txt
153 357 674 
Group06_14.txt
694 
Group06_15.txt
143 353 584 650 
Group06_16.txt
366 780 825 
Group06_17.txt
234 248 272 302 317 977 996 1023 1042 1070 
Group06_18.txt
744 753 
Group06_24.txt
93 
Group06_26.txt
212 458 477 619 
Group06_27.txt
67 149 482 
Group06_30.txt
162 
Group06_31.txt
234 248 272 302 317 977 996 1023 1042 1070 
Group06_32.txt
171 
Group06_33.txt
527 804 
Group06_36.txt
205 212 619 
Group06_37.txt
116 
Group06_38.txt
695 
Group06_41.txt
82 
Group06_45.txt
140 588 
Group06_47.txt
374 464 
Group06_48.txt
530 541 568 599 
Group06_49.txt
62 523 558 
Group07_01.txt
84 606 
Group07_02.txt
6 
Group07_03.txt
748 791 818 1712 2556 2822 
Group07_04.txt
201 1161 
Group07_05.txt
689 
Group07_06.txt
464 
Group07_09.txt
0 43 59 98 179 546 573 623 
Group07_12.txt
56 767 1075 
Group07_15.txt
281 356 367 381 483 576 596 
Group07_16.txt
155 186 574 777 797 812 
Group07_17.txt
336 462 
Group07_18.txt
456 472 1328 
Group07_19.txt
132 166 937 
Group07_20.txt
38 542 
Group07_21.txt
230 357 
Group07_24.txt
1060 
Group07_25.txt
297 337 
Group07_26.txt
268 
Group07_27.txt
66 105 123 
Group07_28.txt
80 
Group07_29.txt
127 138 
Group07_30.txt
292 
Group07_31.txt
933 1145 1913 
Group07_33.txt
34 241 
Group07_35.txt
150 156 315 
Group07_36.txt
100 787 997 
Group07_37.txt
1573 
Group07_38.txt
366 1162 1395 1547 1626 1686 1965 1977 
Group07_39.txt
101 
Group07_43.txt
145 
Group07_44.txt
35 
Group07_46.txt
428 
Group07_48.txt
1009 1084 
Group07_49.txt
454 967 1124 1432 2489 2549 2744 
Group08_01.txt
470 666 729 
Group08_02.txt
112 
Group08_03.txt
450 596 
Group08_05.txt
150 223 401 
Group08_06.txt
216 235 307 326 626 662 741 827 
Group08_07.txt
186 420 
Group08_09.txt
325 
Group08_10.txt
569 765 828 
Group08_11.txt
561 
Group08_12.txt
238 
Group08_13.txt
1071 
Group08_14.txt
114 155 203 252 557 596 
Group08_15.txt
843 
Group08_16.txt
264 320 665 755 1174 1202 1576 1620 1638 1671 
Group08_17.txt
79 159 233 285 1194 
Group08_21.txt
187 647 
Group08_22.txt
445 863 903 
Group08_24.txt
197 214 229 321 439 472 501 641 836 840 922 1015 
Group08_27.txt
155 355 415 427 
Group08_28.txt
278 
Group08_29.txt
1077 1428 
Group08_30.txt
282 314 434 
Group08_31.txt
498 871 902 
Group08_33.txt
31 140 
Group08_34.txt
40 81 
Group08_35.txt
88 119 
Group08_36.txt
72 149 217 
Group08_38.txt
76 127 164 307 
Group08_41.txt
28 263 280 
Group08_44.txt
105 131 
Group08_45.txt
109 
Group08_46.txt
305 334 
Group08_47.txt
337 
Group08_48.txt
154 174 198 276 296 321 363 387 483 
Group08_49.txt
59 
Group08_50.txt
150 519 584 
Group09_01.txt
350 356 365 396 556 615 
Group09_03.txt
38 98 253 531 559 
Group09_04.txt
22 42 150 172 192 382 534 
Group09_05.txt
97 127 297 630 660 667 680 772 965 977 985 996 1005 
Group09_07.txt
548 694 710 
Group09_12.txt
494 512 539 
Group09_13.txt
96 
Group09_14.txt
537 590 820 
Group09_20.txt
574 
Group09_21.txt
1128 
Group09_22.txt
185 198 221 232 281 344 352 369 383 615 
Group09_23.txt
122 519 
Group09_26.txt
869 1243 1253 1264 1275 
Group09_28.txt
99 304 
Group09_29.txt
283 352 524 555 
Group09_34.txt
617 
Group09_35.txt
678 
Group09_37.txt
766 
Group09_38.txt
500 
Group09_39.txt
533 
Group09_40.txt
68 187 212 796 
Group09_41.txt
18 193 349 372 398 418 446 469 
Group09_45.txt
56 660 
Group09_46.txt
376 484 504 528 542 
Group09_48.txt
451 583 725 
Group09_49.txt
137 647 
Group10_01.txt
403 537 545 563 578 626 644 667 
Group10_03.txt
461 736 837 859 
Group10_04.txt
448 469 524 553 567 
Group10_06.txt
385 415 426 
Group10_07.txt
97 168 319 
Group10_08.txt
28 551 582 629 677 
Group10_09.txt
77 148 
Group10_10.txt
68 119 382 396 405 570 597 854 
Group10_11.txt
198 388 398 409 692 862 1043 1106 1133 1259 1265 
Group10_15.txt
492 534 555 680 
Group10_17.txt
24 47 138 261 296 433 440 950 
Group10_19.txt
3 343 493 547 552 
Group10_20.txt
231 273 281 565 601 
Group10_22.txt
675 681 758 
Group10_23.txt
113 122 191 
Group10_24.txt
819 822 904 1038 1291 1298 
Group10_25.txt
319 419 444 493 578 658 758 783 832 917 1048 1295 
Group10_27.txt
989 
Group10_31.txt
127 178 572 
Group10_32.txt
578 
Group10_33.txt
528 
Group10_35.txt
913 940 1247 1296 1389 1436 1585 1589 1620 1655 
Group10_36.txt
71 95 125 208 300 478 524 706 723 771 814 856 
Group10_37.txt
87 157 665 701 
Group10_38.txt
2 18 53 103 242 264 837 1090 1177 1221 1235 
Group10_39.txt
73 102 128 342 594 607 
Group10_42.txt
696 
Group10_43.txt
788 804 
Group10_44.txt
260 
Group10_46.txt
317 510 
Group10_47.txt
314 839 970 
Group10_48.txt
197 482 518 545 598 613 640 
Group10_49.txt
734 801 
Group10_50.txt
467 
Group11-02.txt
580 632 669 828 981 986 1013 1051 1237 
Group11-04.txt
188 
Group11-05.txt
1165 2364 
Group11-06.txt
443 503 512 
Group11-07.txt
258 418 437 
Group11-08.txt
49 118 402 
Group11-09.txt
118 291 
Group11-10.txt
360 385 
Group11-11.txt
25 40 94 158 385 501 
Group11-12.txt
552 
Group11-14.txt
140 
Group11-15.txt
1661 1848 
Group11-16.txt
1290 
Group11-17.txt
762 
Group11-19.txt
270 555 
Group11-21.txt
540 
Group11-22.txt
104 
Group11-23.txt
594 609 825 
Group11-24.txt
536 
Group11-28.txt
461 482 765 806 
Group11-29.txt
126 141 154 194 311 331 370 422 
Group11-30.txt
305 
Group11-31.txt
594 
Group11-32.txt
315 455 690 
Group11-33.txt
168 291 669 719 
Group11-34.txt
406 
Group11-35.txt
202 461 
Group11-36.txt
130 154 
Group11-37.txt
82 788 845 853 
Group11-40.txt
163 305 416 428 564 
Group11-41.txt
51 184 
Group11-42.txt
151 183 363 497 582 
Group11-43.txt
227 
Group11-44.txt
743 861 
Group11-46.txt
590 
Group11-47.txt
88 380 702 
Group11-48.txt
26 732 792 
Group11-49.txt
135 593 
Group11-50.txt
355 
Group12_02.txt
622 1948 2105 
Group12_03.txt
144 189 
Group12_04.txt
421 528 590 605 683 1202 1592 2256 2545 2611 2676 2683 
Group12_06.txt
609 1255 
Group12_07.txt
290 501 532 828 911 919 1101 1103 1113 1121 1136 1146 1266 
Group12_09.txt
108 636 1013 
Group12_14.txt
876 936 
Group12_15.txt
143 393 573 742 
Group12_16.txt
449 
Group12_19.txt
178 715 
Group12_20.txt
591 
Group12_21.txt
399 
Group12_23.txt
292 482 
Group12_24.txt
403 832 
Group12_26.txt
1204 1540 1601 1640 
Group12_27.txt
489 521 
Group12_28.txt
33 570 
Group12_30.txt
475 
Group12_31.txt
39 95 223 231 305 345 354 387 397 415 463 471 489 504 
Group12_32.txt
290 
Group12_33.txt
3 
Group12_35.txt
615 
Group12_36.txt
473 
Group12_37.txt
166 350 410 531 
Group12_39.txt
794 
Group12_40.txt
663 
Group12_42.txt
1204 1534 1557 
Group12_44.txt
374 
Group12_45.txt
49 363 
Group12_46.txt
122 390 520 601 
Group12_47.txt
467 
Group12_49.txt
136 355 910 2556 2603 2721 2749 
Group13_01.txt
207 757 
Group13_04.txt
67 595 820 846 
Group13_05.txt
734 912 1867 
Group13_06.txt
750 1745 2126 
Group13_07.txt
179 563 
Group13_08.txt
87 521 1232 
Group13_09.txt
160 206 378 430 467 545 609 650 659 681 717 752 1034 1161 1182 1275 1286 1480 1547 1576 1605 1658 1740 1763 1773 1789 
Group13_10.txt
338 
Group13_11.txt
3 348 361 
Group13_12.txt
526 559 596 702 733 
Group13_13.txt
54 272 
Group13_14.txt
344 
Group13_15.txt
172 229 350 
Group13_16.txt
58 
Group13_17.txt
492 
Group13_18.txt
19 70 147 287 458 677 727 850 921 
Group13_19.txt
52 
Group13_20.txt
129 
Group13_21.txt
1862 
Group13_22.txt
827 3278 3321 3324 3345 6702 7508 8513 8734 12163 14201 14213 14706 
Group13_23.txt
1456 3654 3669 
Group13_24.txt
1253 1361 1369 1375 1590 1654 1872 2480 2499 2792 2803 3457 3516 3625 3722 4381 4926 5075 5139 5442 5536 5542 5560 5565 5578 5617 
Group13_25.txt
304 333 726 1220 1265 1965 1996 2371 2418 2429 2440 2504 
Group13_26.txt
70 417 678 911 2058 3618 3624 4667 4844 4852 9833 10257 
Group13_27.txt
1461 
Group13_28.txt
264 885 1317 1474 1657 1798 
Group13_29.txt
4309 
Group13_30.txt
1721 
Group13_31.txt
12 114 219 672 
Group13_32.txt
29 58 82 94 714 
Group13_33.txt
178 692 717 1780 2166 
Group13_35.txt
369 1530 
Group13_36.txt
1036 
Group13_39.txt
2243 
Group13_41.txt
1260 1642 1664 
Group13_42.txt
888 1310 
Group13_43.txt
710 
Group13_44.txt
1852 3484 
Group13_46.txt
2137 2199 2289 
Group13_47.txt
4 390 422 989 992 1081 1153 1175 1183 1200 1244 
Group13_48.txt
217 423 2046 
Group13_49.txt
2112 2117 2162 2202 
Group14_02.txt
535 
Group14_03.txt
203 
Group14_05.txt
304 
Group14_09.txt
350 
Group14_12.txt
416 423 
Group14_13.txt
250 489 
Group14_17.txt
23 46 
Group14_20.txt
352 557 872 
Group14_21.txt
582 
Group14_22.txt
388 
Group14_23.txt
335 
Group14_24.txt
23 
Group14_28.txt
824 858 
Group14_29.txt
13 48 89 97 142 168 292 317 328 334 
Group14_30.txt
660 
Group14_33.txt
174 1057 1102 
Group14_34.txt
528 683 
Group14_38.txt
797 
Group14_39.txt
740 
Group14_41.txt
698 772 
Group14_45.txt
268 
Group14_48.txt
412 498 573 
Group14_49.txt
350 440 739 
Group14_50.txt
676 
