Group03_28.txt
578 
Group03_29.txt
865 
Group03_34.txt
101 
Group03_42.txt
855 
Group04_39.txt
323 
Group04_46.txt
1042 
Group05_13.txt
733 
Group06_23.txt
246 
Group08_15.txt
39 107 313 511 535 878 
Group11-24.txt
396 430 
Group12_02.txt
1388 1818 1975 
Group12_10.txt
188 289 306 798 
Group12_14.txt
129 294 
Group12_18.txt
298 
Group12_19.txt
772 
Group12_29.txt
403 
Group12_42.txt
745 914 
Group13_22.txt
204 11303 11867 14391 14399 14464 14735 14943 14981 15007 15041 15076 15088 15136 15178 15307 15596 16052 16174 16213 16393 16420 
Group13_24.txt
3177 3758 
Group13_26.txt
5089 
Group13_27.txt
1142 
Group13_28.txt
709 1161 
Group13_38.txt
242 
Group13_40.txt
258 
Group13_45.txt
1612 
Group14_40.txt
1001 
