Group01_01.txt
40 68 99 373 456 
Group01_02.txt
67 236 329 
Group01_03.txt
28 127 204 449 631 824 856 862 900 1227 
Group01_04.txt
172 
Group01_05.txt
109 212 
Group01_06.txt
253 338 435 652 840 
Group01_07.txt
386 406 
Group01_08.txt
62 93 297 568 594 634 677 855 1023 1031 
Group01_09.txt
183 219 294 383 444 653 
Group01_10.txt
111 307 424 591 961 
Group01_11.txt
254 297 437 484 510 512 641 683 708 752 814 920 938 
Group01_12.txt
80 321 337 376 432 606 
Group01_14.txt
60 78 92 199 316 501 
Group01_15.txt
56 147 397 
Group01_16.txt
62 128 
Group01_17.txt
162 
Group01_18.txt
305 
Group01_19.txt
515 
Group01_20.txt
178 490 566 
Group01_21.txt
96 200 276 533 
Group01_22.txt
72 286 305 420 
Group01_23.txt
50 90 260 353 359 425 446 597 634 
Group01_24.txt
172 
Group01_25.txt
178 327 346 374 386 406 424 573 613 680 759 905 992 997 1030 1096 1126 
Group01_26.txt
162 273 317 345 364 647 779 
Group01_28.txt
168 262 374 
Group01_29.txt
44 180 209 251 486 582 605 616 632 678 828 
Group01_30.txt
133 513 
Group01_32.txt
0 196 211 223 368 624 640 802 952 1027 
Group01_33.txt
94 115 429 463 578 790 
Group01_34.txt
99 185 246 257 
Group01_35.txt
441 734 1028 1142 1178 
Group01_36.txt
170 410 458 
Group01_37.txt
232 250 
Group01_38.txt
95 198 274 530 
Group01_39.txt
30 257 278 382 
Group01_40.txt
463 721 862 
Group01_41.txt
26 
Group01_42.txt
265 395 
Group01_43.txt
269 394 491 555 
Group01_45.txt
233 377 532 
Group01_46.txt
435 459 
Group01_47.txt
346 
Group01_48.txt
11 237 268 461 
Group01_49.txt
132 255 
Group02_01.txt
128 173 307 317 381 458 470 551 662 
Group02_02.txt
65 153 228 282 382 529 574 862 983 
Group02_03.txt
503 512 587 689 699 808 
Group02_04.txt
104 214 224 760 766 773 
Group02_05.txt
127 258 323 533 664 
Group02_06.txt
33 212 318 503 520 526 531 
Group02_07.txt
13 40 600 676 781 
Group02_09.txt
246 317 
Group02_10.txt
240 338 370 761 
Group02_11.txt
88 258 399 498 612 653 896 
Group02_12.txt
83 176 437 900 910 1034 
Group02_13.txt
494 
Group02_14.txt
99 176 262 582 
Group02_15.txt
1 84 100 183 208 336 525 540 
Group02_16.txt
36 58 148 342 789 897 912 
Group02_17.txt
125 140 255 477 678 
Group02_18.txt
233 269 363 382 840 863 1012 1166 1207 1597 1630 1784 2097 2228 2359 2370 2480 3016 
Group02_19.txt
164 253 720 1051 1396 1685 
Group02_20.txt
6 33 198 503 706 749 1310 1446 1637 1774 1866 2170 2251 2602 2765 2971 3063 3092 3163 3240 3293 3844 
Group02_21.txt
107 146 1177 1204 1224 1229 2187 2197 2330 
Group02_22.txt
86 129 1126 1685 1855 2281 2437 2473 2631 3114 3280 3482 3693 3758 
Group02_23.txt
74 802 906 937 958 1004 1095 1144 1266 1496 1556 
Group02_24.txt
493 551 648 888 1138 1178 1367 1467 
Group02_25.txt
81 449 621 757 771 873 1057 1164 1186 1331 
Group02_26.txt
224 258 477 486 648 843 
Group02_27.txt
133 150 259 335 557 931 1138 1402 1492 1577 1627 1654 1847 
Group02_28.txt
40 81 175 295 461 466 824 1392 1415 1779 2087 
Group02_29.txt
127 506 569 678 689 709 729 
Group02_30.txt
167 344 380 605 621 867 880 903 949 1080 1123 1134 1234 1741 1989 2066 2118 2479 2733 2744 3211 3320 3563 3638 3765 4031 4212 4224 4318 4422 4471 
Group02_31.txt
16 162 253 425 456 518 533 617 724 764 873 960 977 1416 1477 1917 2014 2088 2265 2731 2946 
Group02_32.txt
407 478 713 763 1135 1312 1331 1337 1373 1434 1446 1613 2019 2442 2449 
Group02_33.txt
295 734 764 809 1079 1124 1173 1219 1464 1525 1641 1976 2039 2123 3379 
Group02_34.txt
42 442 542 585 615 628 633 664 890 912 976 992 1000 1157 1277 1287 1305 1318 1409 
Group02_35.txt
9 80 314 338 345 369 403 513 595 701 772 889 
Group02_36.txt
23 128 198 204 263 438 446 489 756 911 993 1219 1379 
Group02_37.txt
66 117 138 270 290 675 696 821 851 1218 
Group02_38.txt
155 168 179 643 977 1346 1628 2191 2578 2746 2785 3175 3225 3308 3499 
Group02_39.txt
93 227 285 605 796 1729 
Group02_40.txt
161 424 475 577 958 1288 1660 1737 2249 
Group02_41.txt
5 119 251 292 338 368 467 1287 1468 
Group02_42.txt
55 342 
Group02_43.txt
160 217 256 371 427 480 609 771 785 1421 1559 1594 1660 1670 
Group02_44.txt
427 560 761 910 1052 1113 1122 1605 
Group02_45.txt
18 177 414 465 494 646 866 936 991 1064 1100 1108 1119 1244 1332 1342 1432 1467 1572 1583 1656 1790 1944 
Group02_46.txt
232 671 925 1118 1295 1412 1415 1567 1635 1773 1896 1974 2003 
Group02_47.txt
12 773 867 940 1048 1068 1093 1129 1143 1198 1232 1296 1373 1392 
Group02_48.txt
140 169 189 544 660 1536 2017 2882 2943 
Group02_49.txt
6 15 35 78 332 426 518 558 849 872 932 1161 1204 1489 2054 2061 2092 2425 2465 2572 2607 2654 2675 2735 2836 3034 3083 3152 3239 3276 3323 3337 3390 3614 3720 3729 3751 3769 3790 3813 3831 3842 3904 3955 4098 4142 4158 4218 4231 4280 4300 4322 
Group02_50.txt
131 138 240 366 390 441 539 545 668 849 943 1083 1320 1479 1489 1526 1536 1579 1588 1702 1816 1865 1898 
Group03_01.txt
399 
Group03_02.txt
195 213 260 268 556 667 781 
Group03_03.txt
299 502 508 544 766 850 1242 
Group03_04.txt
450 496 533 824 1291 1746 
Group03_05.txt
316 596 717 844 868 
Group03_06.txt
19 371 438 470 540 599 646 1048 1420 1501 1568 1681 1732 2036 2048 2329 2394 2408 2440 2624 
Group03_07.txt
335 925 940 1262 1586 1722 2023 2128 2142 2516 
Group03_08.txt
23 34 268 373 456 795 
Group03_09.txt
380 419 481 
Group03_11.txt
247 490 642 680 912 
Group03_12.txt
188 196 519 589 669 995 1293 
Group03_13.txt
96 119 422 503 553 740 771 977 1249 1346 1409 1431 
Group03_14.txt
37 55 413 423 459 755 865 905 1025 1123 
Group03_15.txt
123 258 347 425 667 
Group03_16.txt
26 196 560 734 766 778 839 858 
Group03_17.txt
7 99 129 160 189 244 316 324 431 618 737 
Group03_18.txt
45 63 86 234 345 355 491 515 555 599 630 697 723 769 820 825 897 1024 1052 1118 
Group03_19.txt
279 461 582 585 678 700 893 
Group03_20.txt
224 348 380 440 490 777 942 
Group03_21.txt
181 345 360 366 414 551 595 756 851 951 1045 1061 1248 1253 1403 1696 1849 1899 
Group03_22.txt
374 379 453 461 745 896 1001 1083 1160 
Group03_23.txt
187 223 519 720 
Group03_24.txt
35 76 385 529 534 592 702 802 1008 1155 1236 1347 1579 1628 1933 1959 
Group03_25.txt
0 185 192 210 262 693 785 
Group03_26.txt
28 103 226 517 740 921 962 1048 1073 1212 1233 1474 1550 
Group03_27.txt
170 206 304 410 589 630 639 665 678 817 917 1059 1255 1318 1399 1492 1537 1624 1666 1790 1858 
Group03_28.txt
24 167 244 356 445 527 542 596 651 679 693 784 844 
Group03_29.txt
42 425 512 525 599 927 1031 1051 1067 1340 1347 1534 1906 1980 
Group03_30.txt
271 724 
Group03_31.txt
39 174 724 1048 1345 1937 1966 1987 2100 2229 2245 
Group03_32.txt
107 254 270 286 627 922 1091 
Group03_33.txt
129 168 276 533 706 870 879 914 1093 1191 
Group03_34.txt
86 581 708 849 872 888 971 1034 1090 1134 1348 1377 1534 1769 1818 2019 2116 2153 2378 2591 2691 2819 
Group03_35.txt
51 118 210 245 327 575 806 1101 1216 
Group03_36.txt
236 443 454 469 796 855 957 971 1026 1204 1472 1507 1582 
Group03_37.txt
73 139 209 230 299 984 1129 1191 1745 1829 1867 2125 2345 2376 
Group03_38.txt
333 436 559 
Group03_39.txt
90 237 253 269 610 905 
Group03_40.txt
108 147 255 512 685 849 858 893 1072 1170 
Group03_41.txt
19 149 
Group03_42.txt
23 409 496 509 589 920 1028 1048 1064 1358 1365 1555 
Group03_43.txt
49 172 280 341 432 478 618 
Group03_44.txt
694 782 1260 1398 1537 
Group03_45.txt
18 34 141 451 
Group03_46.txt
4 267 390 573 
Group03_47.txt
243 395 564 911 933 962 974 
Group03_48.txt
118 214 546 568 674 750 
Group03_49.txt
128 498 790 794 941 
Group03_50.txt
148 262 313 675 802 875 922 1026 1034 1093 1434 
Group04_01.txt
95 471 
Group04_03.txt
59 71 110 349 499 
Group04_04.txt
45 251 281 409 
Group04_05.txt
20 39 65 159 214 530 598 
Group04_06.txt
19 373 439 552 560 570 655 923 
Group04_07.txt
23 286 334 429 466 553 562 582 798 827 889 1171 1228 
Group04_08.txt
137 198 260 499 
Group04_09.txt
23 267 283 604 
Group04_10.txt
73 199 431 507 510 946 1152 
Group04_11.txt
73 329 344 400 405 558 
Group04_12.txt
202 415 511 579 666 
Group04_13.txt
93 671 811 994 1033 
Group04_14.txt
117 205 293 507 
Group04_15.txt
248 820 827 1114 
Group04_16.txt
43 359 401 473 551 
Group04_17.txt
710 756 821 840 1017 1140 1152 
Group04_18.txt
16 255 325 344 444 493 
Group04_19.txt
69 139 250 363 386 
Group04_20.txt
110 218 314 379 
Group04_21.txt
511 530 556 567 604 610 780 
Group04_22.txt
389 563 585 
Group04_23.txt
122 255 294 387 395 511 703 
Group04_24.txt
27 271 387 401 591 669 684 
Group04_25.txt
184 396 463 567 624 649 653 
Group04_26.txt
748 
Group04_27.txt
133 355 556 736 
Group04_28.txt
610 
Group04_29.txt
143 532 541 
Group04_30.txt
81 162 187 540 569 616 841 926 
Group04_31.txt
202 444 519 
Group04_32.txt
306 349 478 777 
Group04_33.txt
5 18 267 515 585 713 
Group04_34.txt
187 424 
Group04_35.txt
3 249 280 374 387 407 438 
Group04_36.txt
22 214 316 354 544 
Group04_37.txt
75 178 193 519 534 
Group04_38.txt
553 566 
Group04_39.txt
6 59 83 182 289 406 444 644 770 808 815 832 850 918 
Group04_40.txt
47 174 281 
Group04_41.txt
66 137 223 621 859 1003 1031 1043 1080 
Group04_42.txt
470 488 
Group04_43.txt
64 161 418 441 553 688 
Group04_44.txt
34 74 127 150 268 289 335 348 472 
Group04_45.txt
45 73 380 
Group04_46.txt
72 171 201 260 365 470 476 492 555 646 659 669 687 888 1064 1083 1112 1145 
Group04_47.txt
16 41 85 126 129 166 196 271 337 381 439 542 628 
Group04_48.txt
208 269 438 496 
Group04_49.txt
22 85 339 
Group04_50.txt
18 33 178 301 392 514 558 594 
Group05_01.txt
183 
Group05_02.txt
19 78 230 246 316 559 614 690 813 1123 1220 1250 
Group05_03.txt
63 294 
Group05_04.txt
410 515 550 576 651 802 889 1076 
Group05_05.txt
112 250 424 
Group05_06.txt
2 151 203 234 288 406 692 782 792 802 883 974 1005 1009 1052 1076 1112 
Group05_07.txt
22 153 192 236 256 287 316 356 459 471 
Group05_08.txt
257 
Group05_09.txt
156 379 436 501 632 655 776 792 834 875 912 
Group05_10.txt
47 76 155 297 577 672 681 697 
Group05_11.txt
342 388 
Group05_12.txt
89 111 121 
Group05_13.txt
151 564 609 753 1152 
Group05_14.txt
257 307 366 401 835 886 
Group05_15.txt
172 343 655 
Group05_16.txt
286 937 
Group05_17.txt
62 113 171 354 530 666 721 735 795 890 1020 1038 1085 
Group05_18.txt
17 425 
Group05_19.txt
37 96 307 312 368 399 794 
Group05_20.txt
304 314 319 537 617 774 819 
Group05_21.txt
39 73 136 158 262 544 567 
Group05_22.txt
133 138 477 
Group05_23.txt
33 105 211 453 549 834 1030 1045 1302 
Group05_24.txt
154 530 538 548 563 
Group05_25.txt
54 78 249 316 358 559 804 811 906 
Group05_26.txt
132 176 446 570 836 895 
Group05_27.txt
12 133 354 398 552 663 764 864 1057 1116 1221 1348 1381 
Group05_28.txt
483 571 
Group05_29.txt
131 154 292 308 
Group05_30.txt
216 484 
Group05_31.txt
192 253 
Group05_32.txt
243 470 528 598 645 744 
Group05_33.txt
139 
Group05_34.txt
120 187 248 
Group05_35.txt
139 284 402 475 
Group05_36.txt
29 103 157 
Group05_37.txt
73 105 
Group05_38.txt
8 38 157 334 345 
Group05_39.txt
98 162 221 229 249 254 302 312 
Group05_40.txt
6 14 85 102 234 329 367 483 
Group05_41.txt
3 13 44 334 
Group05_42.txt
169 
Group05_43.txt
59 293 506 
Group05_44.txt
40 184 334 393 509 906 
Group05_45.txt
213 220 336 401 434 585 698 785 923 1169 1175 1300 
Group05_46.txt
99 121 185 444 481 499 512 592 
Group05_47.txt
76 
Group05_48.txt
384 
Group05_49.txt
275 341 397 447 603 678 882 
Group05_50.txt
104 116 205 376 695 
Group06_01.txt
78 139 
Group06_02.txt
13 105 168 321 392 600 677 
Group06_03.txt
7 200 213 256 298 354 499 
Group06_04.txt
2 58 61 105 192 258 642 764 
Group06_05.txt
51 159 192 310 350 541 736 
Group06_06.txt
108 238 535 795 
Group06_07.txt
162 319 469 599 
Group06_08.txt
193 248 
Group06_09.txt
19 349 388 423 550 
Group06_10.txt
418 462 619 
Group06_11.txt
308 559 685 741 773 
Group06_12.txt
78 
Group06_13.txt
600 
Group06_14.txt
175 305 344 396 
Group06_15.txt
152 214 338 456 
Group06_16.txt
44 192 331 498 622 739 1026 1039 1060 1075 
Group06_17.txt
35 305 452 695 805 
Group06_18.txt
234 682 724 
Group06_19.txt
184 279 305 425 524 543 555 733 
Group06_20.txt
82 329 415 
Group06_21.txt
154 277 281 338 519 575 648 737 
Group06_22.txt
208 313 337 666 
Group06_23.txt
4 473 549 727 898 
Group06_24.txt
102 332 529 
Group06_25.txt
18 196 373 
Group06_26.txt
17 150 364 
Group06_27.txt
173 
Group06_28.txt
147 245 331 371 518 679 717 729 
Group06_29.txt
36 144 245 494 
Group06_30.txt
235 265 272 
Group06_31.txt
35 305 452 695 805 
Group06_32.txt
89 300 598 606 
Group06_33.txt
266 546 559 576 782 854 
Group06_34.txt
333 464 
Group06_35.txt
194 386 459 
Group06_36.txt
197 295 417 573 628 659 
Group06_37.txt
296 340 511 528 
Group06_38.txt
268 
Group06_39.txt
286 450 465 484 504 
Group06_40.txt
333 372 
Group06_41.txt
115 129 282 555 
Group06_42.txt
198 439 468 482 554 
Group06_43.txt
306 630 
Group06_44.txt
11 332 435 681 810 816 871 
Group06_45.txt
185 406 525 579 634 
Group06_46.txt
51 115 320 429 512 650 681 735 
Group06_47.txt
62 383 569 
Group06_48.txt
420 534 
Group06_49.txt
37 85 167 244 249 258 542 
Group07_02.txt
9 115 295 417 442 518 541 551 736 788 830 
Group07_03.txt
98 221 360 400 524 573 604 611 808 908 988 1092 1132 1169 1204 1290 1474 1529 1539 1563 1602 1609 1630 1645 1866 1888 1933 2153 2196 2246 2290 2333 2538 2571 2727 2791 
Group07_04.txt
288 477 506 1077 
Group07_05.txt
72 88 337 350 391 424 456 556 696 836 899 
Group07_06.txt
9 36 98 225 523 673 680 
Group07_07.txt
161 240 245 283 832 836 843 895 960 1048 1146 1169 1183 1240 1422 
Group07_08.txt
152 425 433 519 
Group07_09.txt
26 42 56 111 199 337 424 
Group07_10.txt
184 388 
Group07_11.txt
63 78 93 106 396 437 470 
Group07_12.txt
185 343 499 549 631 859 895 959 
Group07_13.txt
103 112 156 164 219 267 284 484 497 575 
Group07_14.txt
25 104 138 161 178 206 237 495 
Group07_15.txt
52 84 152 238 264 370 449 492 499 
Group07_16.txt
6 190 494 675 768 
Group07_17.txt
26 57 212 279 386 
Group07_18.txt
28 484 682 687 768 1126 1215 1324 1348 1423 
Group07_19.txt
317 373 468 500 566 581 615 703 838 
Group07_20.txt
40 127 204 220 273 311 357 400 431 
Group07_21.txt
206 296 340 378 470 487 615 681 
Group07_22.txt
267 649 663 
Group07_23.txt
71 110 185 274 296 320 363 428 501 522 
Group07_24.txt
397 410 492 534 649 883 1021 1280 1291 1395 1428 1460 1523 1538 1667 1870 1903 1934 1952 1984 2051 2057 
Group07_25.txt
107 222 291 357 527 537 
Group07_26.txt
40 115 124 169 173 489 491 548 
Group07_27.txt
543 
Group07_28.txt
54 72 235 324 427 460 
Group07_29.txt
275 284 457 463 518 
Group07_30.txt
58 89 190 255 272 324 421 508 732 781 880 
Group07_31.txt
33 40 124 301 504 568 828 971 1164 1173 1280 1340 1964 
Group07_32.txt
45 113 154 185 214 269 320 368 481 488 
Group07_33.txt
9 96 109 263 389 506 525 705 
Group07_34.txt
63 191 202 310 442 530 598 671 
Group07_35.txt
117 268 276 286 432 452 492 
Group07_36.txt
11 52 60 345 455 497 712 847 936 1224 1232 
Group07_37.txt
158 240 285 375 675 704 766 861 883 934 1076 1218 1273 1354 1389 1396 1418 1466 1623 1664 1775 
Group07_38.txt
8 216 243 312 346 361 388 455 462 540 605 625 1141 1707 
Group07_39.txt
121 336 412 440 476 528 556 589 
Group07_40.txt
39 203 386 402 475 513 520 546 727 
Group07_41.txt
24 539 545 583 
Group07_42.txt
283 309 341 430 545 689 
Group07_44.txt
107 238 276 338 353 374 647 775 817 830 
Group07_45.txt
120 266 316 401 
Group07_46.txt
287 383 424 461 480 661 669 
Group07_47.txt
266 273 299 329 348 438 703 
Group07_48.txt
52 94 121 347 534 916 958 1103 1211 
Group07_49.txt
165 179 334 345 497 545 793 878 902 1136 1554 1643 1760 1819 1860 1977 2206 2368 2410 2494 
Group07_50.txt
412 
Group08_01.txt
367 422 633 
Group08_02.txt
258 372 446 491 522 
Group08_03.txt
87 125 218 255 501 569 
Group08_04.txt
157 186 725 769 
Group08_06.txt
224 239 377 468 732 762 
Group08_07.txt
106 379 
Group08_08.txt
0 110 122 223 
Group08_09.txt
3 222 335 414 487 635 
Group08_10.txt
466 521 732 
Group08_11.txt
394 647 728 778 
Group08_12.txt
316 517 734 
Group08_13.txt
469 496 652 700 983 1058 
Group08_14.txt
205 270 524 
Group08_15.txt
602 
Group08_16.txt
138 274 1033 1163 
Group08_17.txt
508 530 703 733 737 822 939 1059 1079 1129 
Group08_18.txt
520 531 581 
Group08_19.txt
333 362 480 632 777 
Group08_20.txt
130 150 167 299 328 679 834 843 989 1119 1193 1364 
Group08_21.txt
7 162 216 244 267 292 433 613 
Group08_22.txt
45 92 346 354 582 610 810 
Group08_23.txt
157 186 726 770 
Group08_24.txt
5 209 256 1045 
Group08_25.txt
99 114 150 948 1125 1182 1214 1311 
Group08_26.txt
72 78 127 
Group08_27.txt
46 67 357 424 
Group08_28.txt
264 274 324 427 480 563 581 599 690 694 704 769 
Group08_29.txt
521 812 889 992 1220 1293 1510 
Group08_30.txt
394 411 601 780 849 1090 1211 1269 1373 1410 1427 1465 1480 
Group08_31.txt
38 94 101 210 231 247 254 350 911 961 
Group08_32.txt
37 57 88 147 
Group08_33.txt
125 223 249 
Group08_34.txt
304 334 
Group08_35.txt
21 54 
Group08_36.txt
285 304 
Group08_37.txt
156 289 
Group08_39.txt
36 190 350 
Group08_40.txt
341 347 465 
Group08_41.txt
60 112 139 305 318 
Group08_43.txt
4 17 65 104 203 212 294 380 508 
Group08_44.txt
38 82 155 237 
Group08_45.txt
123 135 309 319 
Group08_46.txt
100 116 287 
Group08_47.txt
44 283 316 483 
Group08_48.txt
94 221 323 
Group08_49.txt
174 
Group08_50.txt
205 342 371 570 
Group09_01.txt
47 70 227 
Group09_02.txt
272 
Group09_03.txt
144 165 
Group09_05.txt
274 356 522 599 647 855 
Group09_07.txt
16 131 141 314 416 880 889 
Group09_08.txt
56 290 299 
Group09_09.txt
99 173 184 840 847 
Group09_10.txt
78 86 514 
Group09_11.txt
642 
Group09_12.txt
14 132 307 327 517 
Group09_13.txt
213 273 318 359 476 
Group09_14.txt
41 567 614 642 
Group09_15.txt
62 78 179 436 
Group09_16.txt
71 
Group09_17.txt
287 349 386 611 
Group09_18.txt
254 289 331 410 
Group09_19.txt
457 472 
Group09_20.txt
165 302 407 607 
Group09_21.txt
472 545 584 606 616 
Group09_22.txt
120 217 305 522 
Group09_23.txt
134 291 424 
Group09_24.txt
513 607 
Group09_25.txt
378 
Group09_26.txt
328 639 873 926 952 1080 1142 
Group09_27.txt
2 176 482 
Group09_28.txt
192 504 
Group09_29.txt
16 302 336 423 
Group09_30.txt
507 532 540 571 
Group09_31.txt
43 193 312 341 496 531 
Group09_34.txt
335 405 
Group09_35.txt
63 392 421 
Group09_36.txt
188 468 502 
Group09_37.txt
116 235 434 523 665 721 792 851 1139 
Group09_38.txt
4 409 
Group09_39.txt
316 364 483 528 574 
Group09_40.txt
346 440 782 
Group09_41.txt
34 202 258 336 429 434 
Group09_42.txt
514 539 545 
Group09_43.txt
249 507 655 
Group09_44.txt
42 144 155 395 
Group09_45.txt
72 452 666 
Group09_46.txt
188 260 
Group09_47.txt
134 325 479 
Group09_48.txt
114 334 390 397 517 551 
Group09_49.txt
268 
Group09_50.txt
121 161 201 631 
Group10_01.txt
24 75 254 423 479 523 569 
Group10_02.txt
64 187 
Group10_03.txt
169 740 
Group10_04.txt
43 56 114 208 259 496 534 
Group10_05.txt
103 132 230 248 440 605 680 
Group10_06.txt
444 525 571 629 
Group10_07.txt
340 376 495 
Group10_08.txt
11 145 225 395 460 478 
Group10_09.txt
285 305 481 822 847 1016 
Group10_10.txt
21 145 246 348 359 420 479 545 675 725 775 906 964 984 
Group10_11.txt
112 200 373 445 463 571 611 652 725 780 867 975 990 1190 1235 1238 1241 
Group10_12.txt
237 270 292 305 361 465 604 650 709 
Group10_13.txt
190 316 556 
Group10_14.txt
197 273 
Group10_15.txt
35 488 622 662 683 
Group10_16.txt
511 629 797 
Group10_17.txt
201 278 568 587 893 971 
Group10_18.txt
39 43 72 240 359 366 542 762 
Group10_19.txt
303 363 390 
Group10_20.txt
121 166 530 588 603 
Group10_21.txt
48 199 242 250 418 598 686 
Group10_22.txt
120 666 731 
Group10_23.txt
170 331 548 556 589 621 
Group10_24.txt
64 374 396 471 725 1103 
Group10_25.txt
36 77 115 159 247 422 438 761 777 1167 1249 1268 1282 
Group10_26.txt
64 187 
Group10_27.txt
124 142 411 528 630 643 669 701 726 888 984 
Group10_28.txt
122 223 298 444 516 564 599 771 821 857 
Group10_29.txt
129 539 672 838 891 
Group10_30.txt
218 228 
Group10_31.txt
431 617 633 
Group10_32.txt
143 715 
Group10_33.txt
25 67 326 357 532 611 668 845 949 963 1062 1103 1235 1295 1334 
Group10_34.txt
282 
Group10_35.txt
3 201 419 424 648 728 1056 1276 1299 1422 1551 1604 
Group10_36.txt
92 373 389 708 884 
Group10_38.txt
817 820 823 857 1016 1060 1079 
Group10_39.txt
24 152 166 226 366 556 689 698 781 890 
Group10_40.txt
220 396 621 
Group10_41.txt
98 
Group10_42.txt
294 681 
Group10_43.txt
276 294 536 912 928 1149 
Group10_44.txt
502 605 
Group10_45.txt
26 268 473 526 
Group10_46.txt
72 137 187 240 262 310 545 571 
Group10_47.txt
239 487 631 904 
Group10_48.txt
125 275 572 
Group10_49.txt
146 377 600 
Group10_50.txt
126 192 194 320 331 452 
Group11-01.txt
89 218 801 
Group11-02.txt
58 304 553 582 621 736 936 994 1017 
Group11-03.txt
148 154 163 200 452 521 538 607 659 
Group11-04.txt
11 320 543 632 
Group11-05.txt
9 351 995 1174 1673 1678 1744 1788 2216 2280 2348 
Group11-06.txt
194 242 271 392 
Group11-07.txt
620 719 
Group11-08.txt
276 294 
Group11-09.txt
392 
Group11-10.txt
20 74 
Group11-11.txt
3 128 172 400 559 
Group11-12.txt
265 691 
Group11-13.txt
84 255 272 361 398 
Group11-14.txt
294 298 385 655 837 902 921 1105 
Group11-15.txt
32 163 751 1325 1368 1410 1492 1614 1642 1650 1672 1768 1798 1806 1951 1957 1988 2147 2262 
Group11-16.txt
43 106 233 328 330 427 509 562 713 733 742 865 903 915 947 963 977 1050 1184 1226 1345 1488 1554 1720 1762 1869 1911 1920 2280 2306 2676 2753 3269 
Group11-17.txt
68 98 334 508 634 707 
Group11-18.txt
20 381 659 
Group11-19.txt
181 278 374 392 
Group11-20.txt
37 117 639 757 1198 1207 1327 
Group11-21.txt
67 250 585 820 
Group11-22.txt
139 339 651 672 727 788 831 863 912 
Group11-23.txt
144 261 281 321 359 459 731 
Group11-24.txt
19 170 227 490 619 733 754 787 977 994 1061 1083 1086 1115 1317 1374 1817 2040 2066 2108 2262 2332 2389 2464 
Group11-25.txt
46 70 99 219 349 515 526 659 
Group11-26.txt
133 199 207 228 
Group11-27.txt
101 
Group11-28.txt
273 637 695 719 1020 
Group11-29.txt
50 243 272 277 541 623 660 807 
Group11-30.txt
190 332 683 
Group11-31.txt
276 
Group11-32.txt
478 554 665 856 
Group11-33.txt
116 302 417 488 640 738 792 819 906 952 
Group11-34.txt
47 106 112 320 336 420 
Group11-35.txt
24 93 164 252 296 352 396 476 
Group11-36.txt
200 336 
Group11-37.txt
681 
Group11-38.txt
79 139 463 498 774 
Group11-39.txt
109 161 199 
Group11-40.txt
373 385 465 619 647 
Group11-41.txt
21 389 
Group11-42.txt
411 417 578 
Group11-43.txt
77 119 271 287 344 
Group11-44.txt
19 69 642 678 683 698 
Group11-45.txt
122 246 552 599 646 892 935 1004 1085 1173 1206 1256 
Group11-46.txt
180 300 368 427 639 726 829 835 891 991 1084 
Group11-47.txt
211 314 716 760 846 
Group11-48.txt
217 276 351 584 718 744 770 
Group11-49.txt
27 155 228 291 343 518 626 632 
Group11-50.txt
91 309 323 415 451 784 792 800 892 
Group12_01.txt
206 210 253 300 568 597 716 745 1099 1236 1334 1535 1570 
Group12_02.txt
173 192 443 490 570 602 767 1014 1123 1178 1237 1493 1527 1735 1872 1893 1911 1956 2013 2072 2082 
Group12_03.txt
176 333 340 385 430 499 549 620 625 651 711 1064 1094 1105 1122 1131 1143 1291 1433 1443 
Group12_04.txt
22 188 272 295 318 721 1017 1548 1576 2438 2792 
Group12_05.txt
146 221 374 
Group12_06.txt
286 507 869 906 977 1083 1210 1252 
Group12_07.txt
60 74 213 446 874 883 1096 1212 1308 1316 1338 1366 1372 
Group12_08.txt
225 233 279 326 429 438 
Group12_09.txt
148 328 437 568 591 609 620 885 
Group12_10.txt
50 89 158 432 512 591 637 828 880 
Group12_11.txt
402 565 801 
Group12_12.txt
402 565 801 
Group12_13.txt
256 329 399 413 513 546 624 799 850 887 901 1196 1235 1381 1599 1675 1756 1783 1908 2052 
Group12_14.txt
425 698 
Group12_15.txt
13 113 134 237 419 760 
Group12_16.txt
79 228 419 465 485 
Group12_17.txt
158 485 
Group12_18.txt
7 89 146 172 178 394 513 
Group12_19.txt
366 672 806 953 1134 1208 1220 
Group12_20.txt
399 556 
Group12_21.txt
12 23 147 404 465 
Group12_22.txt
590 
Group12_23.txt
5 256 301 
Group12_24.txt
367 739 
Group12_25.txt
66 257 429 552 671 707 
Group12_26.txt
122 129 215 244 481 562 610 823 846 1016 1029 1060 1126 1228 1327 1352 1432 1437 1516 1532 1574 1582 
Group12_27.txt
8 86 108 503 
Group12_28.txt
226 289 318 332 363 372 376 386 429 437 657 
Group12_29.txt
234 304 332 371 486 597 
Group12_30.txt
95 296 565 
Group12_31.txt
6 133 335 
Group12_32.txt
235 441 
Group12_33.txt
322 
Group12_34.txt
188 404 529 
Group12_35.txt
382 626 
Group12_36.txt
15 164 246 262 333 352 452 466 
Group12_37.txt
44 180 346 
Group12_38.txt
27 332 357 396 582 706 
Group12_40.txt
11 43 281 399 526 
Group12_41.txt
311 470 538 571 717 812 
Group12_42.txt
265 585 757 1102 
Group12_43.txt
157 176 507 549 605 735 755 822 
Group12_44.txt
361 470 
Group12_45.txt
238 537 
Group12_46.txt
185 206 272 313 441 448 523 549 635 647 650 
Group12_47.txt
214 252 313 390 435 454 
Group12_48.txt
10 58 107 172 270 296 320 391 468 576 638 653 
Group12_49.txt
4 50 233 554 742 842 885 926 938 963 978 985 1112 1502 1805 2032 2320 2354 2430 2578 2665 
Group12_50.txt
137 177 201 247 274 283 290 379 448 482 504 571 585 
Group13_01.txt
67 118 263 267 306 345 385 392 407 414 657 
Group13_02.txt
70 382 656 687 914 961 1052 1131 1407 1489 1554 1600 2219 2359 
Group13_03.txt
133 400 518 
Group13_04.txt
239 362 574 720 777 1188 1194 
Group13_05.txt
91 107 210 309 702 892 1006 1246 1409 1495 1588 2016 2145 
Group13_06.txt
215 867 1101 1565 1576 1584 1690 1704 1866 1940 1974 2018 2338 2362 2540 2570 2742 2757 
Group13_07.txt
231 290 445 528 565 
Group13_08.txt
48 76 272 279 678 711 922 944 1046 1070 1181 
Group13_09.txt
10 158 222 417 1104 1226 1255 1462 1551 1582 1803 
Group13_10.txt
276 511 785 806 872 
Group13_11.txt
486 
Group13_12.txt
156 176 263 438 
Group13_14.txt
318 332 525 617 
Group13_15.txt
113 118 142 354 364 424 452 527 647 
Group13_16.txt
17 102 
Group13_17.txt
40 331 356 583 
Group13_18.txt
39 461 502 
Group13_20.txt
243 528 683 
Group13_21.txt
155 342 357 371 499 843 1438 1447 1594 1823 1848 1976 
Group13_22.txt
2 175 583 936 953 1000 1058 1231 1295 1359 1415 1432 1464 1561 1587 1611 1632 2026 2403 2754 2875 2930 3232 3618 3866 4003 4018 4085 4373 4388 4417 4450 4472 4541 5031 5091 5294 5361 5503 5513 5604 5621 5659 5698 5901 5952 5967 6102 6109 6424 6603 6627 6648 6791 6848 6869 7141 7538 7544 7565 7612 7765 8208 8430 8605 8686 9038 9069 9228 9296 9428 9441 9506 9626 9694 9894 10018 10119 10254 10353 10480 10558 10594 10762 10795 10938 10954 11019 11030 11042 11142 11232 11709 11775 11800 11808 11829 11847 11972 12225 12362 12373 12698 12745 12954 12976 12989 13008 13011 13043 13118 13199 13386 13413 13433 13608 14046 14114 14568 14751 14901 14928 15021 15357 15661 15672 15928 16201 16576 
Group13_23.txt
6 258 795 1365 1442 1459 1482 1550 1613 1642 1730 1783 1924 2107 2171 2183 2224 2259 2315 2348 2400 2420 3199 3251 3467 3683 3722 
Group13_24.txt
230 348 393 605 699 1003 1371 1373 1927 2213 2295 2408 2589 2658 2923 2987 3000 3030 3281 3313 4421 4738 4887 5400 
Group13_25.txt
9 57 153 319 412 478 505 526 572 580 731 808 885 893 898 969 1076 1122 1203 1459 1541 1892 2342 2421 2424 
Group13_26.txt
103 140 471 581 916 1667 2000 2053 2264 2335 2404 2490 3228 3357 3421 3541 3606 3652 4068 4318 4400 4414 4583 4618 4625 4629 4720 4736 4806 5208 5354 5825 5848 6049 6281 6396 7178 7347 7451 7933 8078 8210 8250 8271 8900 9180 9397 9582 9643 10194 
Group13_27.txt
14 133 196 240 318 511 525 651 1012 1140 1157 1173 1188 1239 1279 1799 2019 2223 2404 2563 2637 3100 3249 3292 3407 
Group13_28.txt
125 212 245 332 482 551 751 802 819 976 1215 1231 1342 1713 1749 1754 1939 1980 2172 2204 2229 2508 2549 2657 2699 2969 3117 3243 
Group13_29.txt
22 149 199 234 250 296 1458 1588 1674 1735 2033 2707 2898 2995 3006 3029 3080 3130 3152 3183 3397 3916 3968 4003 4092 4159 4500 4556 4563 4995 5086 5274 5442 
Group13_30.txt
344 1346 1427 1499 1560 1577 1588 1687 1806 1955 2026 2317 2361 2580 3009 3073 3105 3212 3519 3722 3809 3969 3977 4021 
Group13_32.txt
15 52 175 271 280 549 633 733 781 
Group13_33.txt
315 421 465 490 503 570 583 724 834 876 1221 1294 1417 1468 1476 1922 2018 
Group13_34.txt
110 286 
Group13_35.txt
64 411 580 628 640 910 1044 1151 1221 1228 1415 1420 1433 1449 1483 1495 
Group13_36.txt
87 195 545 589 613 1182 1312 1456 
Group13_37.txt
129 159 191 255 321 328 356 421 559 804 821 842 1081 1093 1266 1478 1498 1505 1647 
Group13_38.txt
115 121 159 232 337 500 739 873 1023 1037 1152 
Group13_39.txt
49 131 257 519 604 617 850 856 1119 1270 1583 1771 1788 1829 1840 2228 
Group13_40.txt
21 128 182 239 301 494 531 538 793 814 864 871 
Group13_41.txt
5 159 415 471 486 623 629 913 1070 1312 
Group13_42.txt
57 83 311 403 507 894 
Group13_43.txt
211 214 232 252 280 585 675 692 873 1067 1076 1081 1265 1507 1773 
Group13_44.txt
20 363 488 695 778 1006 1193 1213 1348 1619 1643 1685 2097 2701 3040 3053 3260 3543 3606 3679 
Group13_45.txt
96 654 913 1052 1088 1217 
Group13_46.txt
126 1071 1262 1385 1479 1631 1670 1702 1805 1919 1942 1962 2157 2379 
Group13_47.txt
429 453 870 905 1012 1207 
Group13_48.txt
28 176 265 371 915 920 1045 1102 1169 1178 1369 1407 1684 1817 1888 1910 1922 1996 2143 2319 2646 
Group13_49.txt
23 141 286 362 373 420 684 720 732 979 1140 1150 1178 1192 1236 1315 1563 1594 1609 1922 1927 2039 2142 2181 2189 2233 
Group13_50.txt
147 371 404 463 675 949 960 1034 1197 1252 1264 1303 
Group14_01.txt
19 228 
Group14_02.txt
91 152 187 233 378 386 
Group14_03.txt
102 135 228 277 335 378 431 460 
Group14_04.txt
264 343 397 479 
Group14_05.txt
222 487 
Group14_06.txt
48 152 292 
Group14_07.txt
29 201 226 262 283 301 380 
Group14_08.txt
312 334 449 
Group14_09.txt
6 147 444 
Group14_10.txt
76 221 481 
Group14_11.txt
53 218 254 335 386 394 400 442 445 
Group14_12.txt
76 99 125 327 455 489 
Group14_13.txt
46 120 126 129 172 197 444 506 
Group14_14.txt
95 432 508 
Group14_15.txt
256 
Group14_16.txt
141 320 385 424 509 
Group14_17.txt
182 511 538 549 
Group14_18.txt
156 170 203 477 
Group14_19.txt
273 287 309 338 451 471 580 754 
Group14_20.txt
174 213 297 470 489 525 711 716 718 755 806 821 835 843 880 905 
Group14_21.txt
343 398 499 
Group14_22.txt
23 47 105 313 334 341 455 474 481 
Group14_23.txt
107 310 340 366 437 
Group14_24.txt
30 87 124 291 330 412 472 630 634 
Group14_25.txt
111 115 504 518 
Group14_26.txt
138 143 179 479 571 573 586 637 718 771 814 867 
Group14_27.txt
89 221 335 692 773 788 833 845 
Group14_28.txt
129 593 731 744 763 885 943 1028 
Group14_29.txt
2 352 416 
Group14_30.txt
113 224 449 532 794 858 876 
Group14_31.txt
116 521 581 590 602 632 694 
Group14_32.txt
48 390 426 509 690 765 817 873 1002 1037 1048 
Group14_33.txt
159 210 593 692 698 723 907 1110 
Group14_34.txt
26 93 98 167 189 412 565 
Group14_35.txt
15 31 174 268 706 708 929 1277 1623 1666 
Group14_36.txt
32 41 104 189 418 462 499 
Group14_37.txt
40 90 120 248 321 415 485 530 587 781 
Group14_38.txt
206 214 254 275 368 
Group14_39.txt
80 169 247 436 451 475 591 696 
Group14_40.txt
83 659 801 834 926 
Group14_41.txt
19 59 154 165 223 291 298 385 398 469 508 524 559 590 831 881 975 
Group14_42.txt
82 227 260 369 456 712 787 903 
Group14_43.txt
147 204 270 294 327 465 594 
Group14_44.txt
52 134 142 185 287 299 360 367 378 660 680 737 914 917 959 
Group14_45.txt
11 52 138 202 387 395 
Group14_46.txt
89 128 148 293 354 365 512 535 561 678 687 745 
Group14_47.txt
20 311 605 614 736 
Group14_48.txt
31 152 554 639 665 
Group14_49.txt
70 221 260 669 682 755 
Group14_50.txt
70 115 197 286 313 342 494 528 
