Group01_11.txt
922 
Group03_16.txt
46 95 789 
Group03_21.txt
42 213 238 265 344 386 462 531 608 621 637 651 778 817 872 923 945 955 1017 1030 1091 1133 1202 1213 1245 1273 1435 1708 1978 1991 2008 2026 2038 
Group03_22.txt
2 37 265 274 366 401 434 546 566 633 707 799 959 1022 1074 1138 
Group03_23.txt
344 
Group03_25.txt
2 65 135 256 
Group03_26.txt
1 42 152 172 398 508 971 1089 1150 1198 1288 1297 1318 1437 1498 
Group03_27.txt
4 45 63 101 231 387 397 451 499 501 599 667 737 863 892 943 956 998 1100 1127 1143 1195 1211 1218 1263 1273 1286 1369 1445 1566 1613 1645 1664 1721 1765 1884 
Group03_37.txt
32 367 
Group03_46.txt
140 154 
Group04_07.txt
327 
Group04_08.txt
242 
Group04_11.txt
328 
Group04_38.txt
571 
Group05_28.txt
456 
Group05_45.txt
861 
Group07_05.txt
866 
Group07_10.txt
2 320 500 601 
Group07_11.txt
532 
Group07_16.txt
47 
Group07_24.txt
417 
Group07_25.txt
192 
Group07_33.txt
674 
Group07_43.txt
328 
Group08_02.txt
86 135 157 349 354 
Group08_19.txt
299 
Group08_39.txt
31 
Group09_39.txt
93 
Group10_05.txt
1 
Group10_40.txt
43 569 
Group10_43.txt
969 
Group10_44.txt
811 
Group10_45.txt
372 
Group10_48.txt
64 
Group11-17.txt
653 
Group11-18.txt
130 
Group11-21.txt
207 
Group11-22.txt
245 841 
Group11-23.txt
555 
Group11-25.txt
262 
Group12_04.txt
2122 
Group12_13.txt
1333 1729 
Group12_16.txt
0 29 108 215 372 467 
Group12_20.txt
331 471 
Group12_30.txt
76 401 
Group12_32.txt
3 
Group12_33.txt
252 315 
Group12_38.txt
123 
Group12_41.txt
83 
Group12_43.txt
348 
Group12_48.txt
559 
Group12_49.txt
12 337 409 898 
Group13_03.txt
35 56 115 234 
Group13_05.txt
11 24 64 72 432 485 494 560 579 598 601 639 659 672 763 789 935 948 966 1044 1103 1118 1365 1585 1603 1623 1644 1672 1864 2018 2036 2057 2073 2176 
Group13_06.txt
102 185 214 777 2400 
Group13_21.txt
190 1465 
Group13_23.txt
454 470 1256 1313 1402 1485 1927 2351 2510 2854 3172 3713 
Group13_24.txt
862 1333 1417 4452 5312 
Group13_25.txt
116 
Group13_28.txt
127 136 221 535 879 1191 1262 1290 1594 1647 1758 1893 2022 3151 
Group13_29.txt
3126 3147 
Group13_32.txt
972 1393 
Group13_33.txt
1432 1488 
Group13_35.txt
106 288 307 667 
Group13_39.txt
385 1047 
Group13_42.txt
482 
Group13_43.txt
431 1535 1819 1824 1834 
Group13_44.txt
75 118 147 175 232 1715 1921 2134 2167 2192 2206 2518 2931 3733 
Group13_45.txt
832 930 1298 1347 
Group13_49.txt
135 
Group14_34.txt
717 
