Group01_43.txt
267 
Group03_08.txt
287 392 411 463 
Group03_09.txt
102 217 557 
Group03_11.txt
49 
Group03_21.txt
692 730 1040 1644 1732 1786 2050 
Group03_22.txt
884 
Group03_26.txt
1035 1182 1346 1384 
Group03_27.txt
364 369 574 717 1092 1405 1455 1524 1543 1595 
Group03_46.txt
41 239 258 278 284 528 
Group04_02.txt
333 371 373 
Group04_08.txt
374 652 
Group04_32.txt
80 376 477 515 529 550 566 621 679 757 
Group04_34.txt
404 
Group04_36.txt
199 
Group04_38.txt
349 495 527 
Group04_47.txt
29 66 149 190 201 523 640 653 669 
Group04_50.txt
165 
Group05_24.txt
18 52 158 185 188 374 397 421 443 467 468 
Group05_28.txt
10 29 48 64 83 128 176 232 252 286 300 314 332 358 365 398 434 
Group06_02.txt
826 
Group06_08.txt
136 
Group06_21.txt
731 755 
Group07_01.txt
47 122 307 
Group07_05.txt
598 
Group07_16.txt
311 
Group07_21.txt
866 
Group07_24.txt
37 838 
Group07_30.txt
291 
Group07_32.txt
100 272 
Group07_36.txt
775 785 828 1191 
Group07_37.txt
251 
Group07_42.txt
704 
Group07_47.txt
137 298 
Group08_06.txt
489 
Group08_07.txt
165 
Group09_14.txt
598 634 675 738 750 850 
Group09_17.txt
693 
Group09_28.txt
309 
Group10_12.txt
288 325 377 388 427 475 
Group10_23.txt
326 482 
Group10_27.txt
342 
Group10_28.txt
933 
Group10_44.txt
14 36 52 259 275 333 457 483 499 547 584 606 623 712 737 771 816 
Group10_46.txt
8 342 
Group11-16.txt
2385 
Group11-21.txt
470 
Group11-25.txt
637 
Group12_02.txt
865 938 
Group12_06.txt
801 
Group12_19.txt
965 
Group13_02.txt
180 805 
Group13_05.txt
174 262 
Group13_06.txt
431 2319 
Group13_21.txt
990 
Group13_22.txt
5432 6602 14498 15327 
Group13_23.txt
8 35 40 578 1147 1509 1525 1682 1866 2069 2079 2280 2369 2402 2405 2462 2581 2643 3237 3391 3539 3642 3664 
Group13_24.txt
7 38 96 148 357 435 449 707 778 793 832 929 1033 1052 1242 1396 1515 1527 1691 1722 1769 1775 1894 1900 1980 2030 2073 2533 2597 2650 2694 2896 2935 2986 2999 3255 3387 3487 4759 4804 4822 4914 4934 4970 5160 5296 5581 5596 
Group13_28.txt
681 852 966 2366 3089 3122 3216 3247 
Group13_32.txt
831 
Group13_35.txt
5 51 153 205 226 243 396 487 530 559 648 1165 
Group13_37.txt
1107 
Group13_38.txt
497 
Group13_39.txt
104 302 365 379 432 481 493 622 1060 1873 
Group13_42.txt
339 645 
Group13_43.txt
3 178 200 310 769 866 1065 1099 1113 1122 1133 1143 1397 1408 1421 1583 1593 1731 1750 1764 1793 
Group13_44.txt
4 436 575 713 842 844 847 850 861 982 1064 1101 1104 1159 1200 1255 1567 1582 1768 1875 1897 2024 2062 2096 2294 2355 2659 2784 2822 2843 2892 2939 3110 3320 3344 3383 3387 3389 3391 3451 3460 3477 3483 3495 3564 3571 3664 3718 3813 3887 
Group13_46.txt
381 
Group13_47.txt
1065 1112 
Group13_48.txt
2380 
Group13_49.txt
158 223 
Group14_17.txt
75 
Group14_23.txt
1 
