Group01_15.txt
30 
Group02_40.txt
1229 1876 
Group03_16.txt
45 94 788 
Group03_21.txt
4 41 87 104 153 191 212 237 264 343 385 408 461 493 530 537 607 620 636 650 742 753 777 816 871 922 944 954 985 1016 1029 1090 1132 1201 1212 1244 1254 1272 1299 1327 1374 1434 1474 1622 1683 1707 1778 1942 1959 1977 1990 2007 2025 2037 
Group03_22.txt
1 36 264 273 365 400 433 545 565 632 706 798 958 1021 1053 1073 1137 
Group03_25.txt
1 64 134 255 
Group03_26.txt
0 41 151 323 397 507 870 970 1005 1088 1149 1197 1287 1317 1391 1436 1497 1585 1592 
Group03_27.txt
3 44 62 100 188 386 396 450 500 648 666 736 856 891 942 955 997 1074 1099 1126 1142 1194 1210 1217 1243 1262 1272 1285 1387 1644 1663 1720 1764 1806 1883 
Group03_32.txt
15 744 
Group03_39.txt
727 
Group03_41.txt
153 
Group04_23.txt
719 
Group07_03.txt
1575 
Group07_04.txt
80 
Group07_10.txt
1 76 129 140 319 499 
Group07_24.txt
808 
Group07_29.txt
386 
Group07_33.txt
673 
Group07_37.txt
1367 
Group07_42.txt
352 
Group10_08.txt
521 577 
Group11-07.txt
358 
Group11-08.txt
562 
Group11-15.txt
2470 
Group11-16.txt
2023 
Group11-18.txt
314 
Group11-42.txt
471 
Group12_09.txt
661 
Group12_10.txt
162 204 
Group12_13.txt
819 2015 
Group12_22.txt
8 131 
Group12_49.txt
275 877 
Group13_05.txt
10 23 63 71 431 484 493 559 578 597 600 638 658 671 762 788 934 947 965 1043 1102 1117 1364 1469 1584 1602 1622 1643 1671 1863 2017 2035 2056 2072 2175 
Group13_21.txt
359 
Group13_24.txt
2372 
Group13_32.txt
1285 
Group13_33.txt
1201 1411 1869 
Group13_38.txt
1362 
Group13_40.txt
477 
Group13_41.txt
226 
Group13_47.txt
939 1198 
Group14_12.txt
379 
Group14_34.txt
716 
