Group01_02.txt
257 273 
Group01_03.txt
1183 
Group01_04.txt
85 119 337 
Group01_06.txt
235 
Group01_11.txt
452 459 996 
Group01_14.txt
360 545 
Group01_16.txt
363 
Group01_20.txt
356 438 443 
Group01_21.txt
543 
Group01_23.txt
40 
Group01_24.txt
85 119 330 
Group01_26.txt
430 527 553 789 
Group01_29.txt
526 628 768 
Group01_30.txt
73 122 216 634 
Group01_31.txt
179 217 
Group01_32.txt
58 68 103 
Group01_33.txt
592 606 743 
Group01_34.txt
587 699 
Group01_35.txt
506 1263 1281 
Group01_37.txt
286 
Group01_38.txt
540 
Group01_39.txt
478 
Group01_40.txt
100 112 246 
Group01_43.txt
84 423 437 481 
Group01_44.txt
199 412 
Group01_46.txt
9 289 306 382 430 464 511 
Group01_48.txt
101 303 
Group01_49.txt
270 
Group01_50.txt
409 
Group02_02.txt
536 933 
Group02_03.txt
331 
Group02_04.txt
81 135 
Group02_05.txt
264 705 
Group02_08.txt
621 
Group02_09.txt
565 
Group02_10.txt
1102 
Group02_11.txt
297 313 657 757 
Group02_12.txt
484 523 
Group02_13.txt
781 
Group02_14.txt
289 
Group02_16.txt
361 391 412 484 527 540 642 
Group02_17.txt
1 188 199 232 309 
Group02_18.txt
370 429 464 492 685 709 889 910 999 1344 2397 2984 
Group02_20.txt
1370 1759 
Group02_21.txt
704 708 936 
Group02_22.txt
984 1704 1728 2639 
Group02_23.txt
360 370 376 
Group02_24.txt
26 
Group02_25.txt
98 765 
Group02_26.txt
46 139 
Group02_27.txt
730 839 854 889 958 1097 1756 1815 
Group02_30.txt
361 391 636 1621 2125 3225 3258 3499 3517 3532 
Group02_31.txt
33 290 305 486 1899 2028 2064 2426 
Group02_32.txt
169 1820 2654 
Group02_33.txt
952 990 1151 1160 1168 2308 2768 
Group02_36.txt
313 
Group02_38.txt
183 753 
Group02_39.txt
688 694 1339 1442 
Group02_40.txt
900 1926 1930 
Group02_41.txt
697 
Group02_42.txt
183 
Group02_43.txt
380 597 989 1313 1439 
Group02_44.txt
482 485 511 872 885 900 1240 1429 
Group02_47.txt
741 945 1080 1383 1396 
Group02_48.txt
563 
Group02_49.txt
1056 3643 4274 
Group03_02.txt
640 
Group03_03.txt
515 1239 
Group03_04.txt
1395 1480 1707 
Group03_05.txt
370 
Group03_06.txt
809 1079 1950 
Group03_07.txt
175 229 267 313 574 1393 2067 2216 2607 2616 
Group03_08.txt
273 277 302 329 683 
Group03_09.txt
509 513 523 576 707 732 814 1079 
Group03_10.txt
278 439 508 823 
Group03_11.txt
849 860 
Group03_12.txt
39 90 1328 
Group03_13.txt
278 1071 
Group03_14.txt
84 197 206 232 264 345 
Group03_15.txt
721 
Group03_17.txt
89 
Group03_18.txt
663 673 730 
Group03_19.txt
322 
Group03_20.txt
750 
Group03_21.txt
605 1262 
Group03_24.txt
346 498 1384 1678 1906 1926 1945 
Group03_25.txt
88 148 157 545 
Group03_26.txt
582 656 893 1493 
Group03_27.txt
608 849 1751 1763 1785 
Group03_28.txt
703 
Group03_29.txt
646 988 1435 1472 1602 1765 1778 
Group03_30.txt
491 
Group03_31.txt
196 601 654 701 996 1109 1907 2182 2216 2313 2334 2452 2569 2679 2738 
Group03_32.txt
897 1034 1129 
Group03_33.txt
993 1042 
Group03_34.txt
68 130 720 1337 1385 2400 2581 
Group03_35.txt
392 517 
Group03_36.txt
504 556 662 721 1021 1160 1328 
Group03_37.txt
819 1337 1806 2196 2207 
Group03_38.txt
351 615 857 885 
Group03_39.txt
880 
Group03_40.txt
972 1021 
Group03_42.txt
636 981 1453 1490 1623 
Group03_43.txt
2 249 584 
Group03_44.txt
177 706 
Group03_46.txt
55 438 
Group03_47.txt
41 126 172 405 969 1028 
Group03_48.txt
159 259 
Group03_49.txt
163 
Group03_50.txt
202 829 1380 
Group04_01.txt
900 
Group04_03.txt
248 290 
Group04_04.txt
218 336 
Group04_05.txt
167 536 
Group04_07.txt
548 647 980 994 1009 
Group04_10.txt
461 
Group04_13.txt
950 1135 
Group04_14.txt
438 462 
Group04_15.txt
272 695 1027 1076 1137 
Group04_17.txt
192 435 448 458 676 706 946 
Group04_18.txt
273 408 
Group04_19.txt
359 
Group04_20.txt
396 
Group04_21.txt
330 983 
Group04_24.txt
152 566 572 719 
Group04_26.txt
379 
Group04_27.txt
65 504 
Group04_32.txt
316 
Group04_34.txt
442 735 
Group04_39.txt
796 
Group04_44.txt
95 477 
Group04_46.txt
454 466 
Group05_02.txt
256 581 640 933 962 972 1013 1024 1057 1078 1190 
Group05_07.txt
499 
Group05_09.txt
187 206 577 605 
Group05_10.txt
106 
Group05_13.txt
185 294 378 462 535 574 580 589 813 958 968 996 1126 
Group05_14.txt
768 
Group05_15.txt
229 536 
Group05_16.txt
17 49 78 262 327 353 537 544 604 623 694 723 757 769 787 795 804 809 824 851 879 925 
Group05_17.txt
413 419 
Group05_18.txt
254 
Group05_19.txt
28 54 359 603 655 
Group05_21.txt
194 804 
Group05_23.txt
794 970 1237 
Group05_24.txt
288 332 
Group05_25.txt
872 
Group05_27.txt
360 1424 
Group05_29.txt
326 
Group05_30.txt
538 551 704 903 
Group05_32.txt
201 255 288 541 
Group05_35.txt
131 
Group05_38.txt
359 
Group05_41.txt
105 340 
Group05_43.txt
342 
Group05_46.txt
437 
Group05_48.txt
478 
Group05_50.txt
262 576 
Group06_03.txt
379 577 590 625 
Group06_04.txt
674 
Group06_07.txt
120 264 490 505 514 549 
Group06_08.txt
436 
Group06_09.txt
572 589 
Group06_14.txt
155 608 
Group06_15.txt
224 452 470 
Group06_16.txt
761 921 
Group06_17.txt
74 398 459 716 
Group06_19.txt
301 743 
Group06_20.txt
610 
Group06_21.txt
406 454 
Group06_23.txt
99 606 
Group06_24.txt
325 
Group06_27.txt
343 
Group06_28.txt
440 459 703 734 
Group06_31.txt
74 398 459 716 
Group06_32.txt
31 
Group06_33.txt
158 
Group06_37.txt
521 
Group06_40.txt
277 519 
Group06_42.txt
300 
Group06_44.txt
733 808 
Group06_45.txt
334 
Group06_46.txt
427 566 705 
Group06_48.txt
71 515 
Group06_50.txt
241 
Group07_01.txt
404 887 
Group07_02.txt
170 614 
Group07_03.txt
45 77 207 854 873 1310 2534 2576 
Group07_04.txt
419 
Group07_05.txt
464 
Group07_06.txt
717 757 
Group07_07.txt
157 383 
Group07_08.txt
122 
Group07_09.txt
274 
Group07_11.txt
430 
Group07_12.txt
433 1017 
Group07_13.txt
566 671 
Group07_14.txt
555 
Group07_16.txt
145 325 
Group07_17.txt
210 227 244 254 
Group07_18.txt
492 499 519 699 838 846 1116 
Group07_19.txt
22 254 965 
Group07_21.txt
103 808 
Group07_24.txt
90 1392 
Group07_26.txt
157 
Group07_27.txt
385 
Group07_28.txt
294 436 476 
Group07_29.txt
64 
Group07_31.txt
371 945 
Group07_33.txt
313 345 662 
Group07_36.txt
206 302 326 531 814 1412 
Group07_37.txt
1097 
Group07_38.txt
1719 1753 1869 1880 1889 1901 
Group07_40.txt
318 534 
Group07_42.txt
224 
Group07_48.txt
445 606 973 
Group07_49.txt
2046 
Group08_02.txt
223 299 
Group08_03.txt
526 
Group08_06.txt
849 
Group08_07.txt
134 
Group08_09.txt
696 
Group08_11.txt
15 50 106 154 199 321 342 718 733 751 
Group08_12.txt
160 253 332 373 446 502 547 563 569 584 631 805 827 860 883 914 932 967 981 1017 1029 1062 1067 
Group08_13.txt
460 590 667 945 
Group08_14.txt
337 
Group08_16.txt
180 
Group08_17.txt
750 
Group08_20.txt
458 521 628 754 1015 
Group08_22.txt
299 394 407 
Group08_28.txt
492 
Group08_29.txt
161 263 306 465 
Group08_31.txt
749 
Group08_33.txt
120 
Group08_34.txt
331 431 
Group08_37.txt
294 
Group08_43.txt
100 454 
Group09_01.txt
286 
Group09_02.txt
11 
Group09_03.txt
315 
Group09_06.txt
484 
Group09_08.txt
313 
Group09_09.txt
677 949 
Group09_10.txt
605 
Group09_14.txt
116 842 
Group09_16.txt
430 
Group09_17.txt
216 591 
Group09_18.txt
444 
Group09_20.txt
584 
Group09_21.txt
563 597 620 633 
Group09_22.txt
452 476 
Group09_26.txt
68 228 603 637 672 692 710 720 744 794 805 817 831 857 877 885 
Group09_27.txt
435 
Group09_28.txt
122 
Group09_29.txt
122 393 405 419 461 
Group09_30.txt
289 
Group09_31.txt
100 138 470 593 
Group09_32.txt
329 521 535 
Group09_34.txt
124 153 421 450 
Group09_36.txt
161 519 
Group09_37.txt
247 462 494 607 734 
Group09_38.txt
308 400 
Group09_39.txt
117 
Group09_42.txt
345 
Group09_44.txt
305 327 481 
Group09_46.txt
207 
Group09_49.txt
500 611 635 
Group09_50.txt
418 
Group10_02.txt
261 
Group10_04.txt
53 
Group10_07.txt
223 255 330 420 548 564 586 595 
Group10_08.txt
522 
Group10_09.txt
514 1009 
Group10_10.txt
189 301 
Group10_11.txt
563 584 
Group10_13.txt
269 300 369 
Group10_14.txt
478 
Group10_17.txt
886 
Group10_18.txt
163 248 369 420 469 
Group10_19.txt
319 
Group10_21.txt
354 850 
Group10_22.txt
367 
Group10_23.txt
237 358 
Group10_24.txt
1018 1155 
Group10_25.txt
595 607 620 934 946 959 1201 1214 1226 
Group10_26.txt
261 
Group10_27.txt
602 714 
Group10_28.txt
671 923 
Group10_29.txt
582 
Group10_30.txt
517 
Group10_32.txt
592 
Group10_33.txt
30 620 709 731 1417 1425 1433 1647 1724 
Group10_34.txt
436 
Group10_35.txt
1535 1556 
Group10_36.txt
787 825 
Group10_37.txt
130 362 374 
Group10_38.txt
992 
Group10_39.txt
12 180 204 484 
Group10_40.txt
66 
Group10_41.txt
528 539 
Group10_43.txt
286 443 479 561 655 716 765 841 884 907 926 1019 1131 
Group10_44.txt
82 210 704 782 
Group10_46.txt
119 456 
Group10_47.txt
407 529 738 
Group10_48.txt
353 359 511 
Group10_49.txt
257 
Group10_50.txt
313 
Group11-01.txt
127 276 717 
Group11-02.txt
1067 1119 
Group11-03.txt
368 387 714 735 
Group11-04.txt
777 
Group11-05.txt
1117 2171 2276 
Group11-07.txt
193 474 
Group11-09.txt
275 315 324 388 
Group11-11.txt
124 350 
Group11-14.txt
323 470 780 
Group11-15.txt
723 862 1215 1999 
Group11-16.txt
150 539 576 627 641 1033 1515 1782 1803 2564 2627 3182 3225 
Group11-18.txt
247 
Group11-19.txt
345 420 503 653 
Group11-20.txt
732 1297 
Group11-21.txt
259 301 415 482 512 563 696 728 
Group11-22.txt
408 
Group11-23.txt
184 
Group11-24.txt
821 1297 1361 1474 2003 
Group11-25.txt
473 
Group11-28.txt
308 431 832 1045 
Group11-29.txt
832 
Group11-30.txt
485 708 
Group11-31.txt
429 535 
Group11-32.txt
72 881 
Group11-33.txt
528 1036 
Group11-34.txt
22 149 
Group11-35.txt
404 
Group11-36.txt
369 
Group11-37.txt
591 
Group11-41.txt
191 251 356 377 
Group11-43.txt
247 
Group11-44.txt
118 491 
Group11-46.txt
131 163 786 
Group11-48.txt
299 672 865 
Group11-50.txt
370 544 
Group12_01.txt
345 546 640 694 788 869 
Group12_03.txt
2 
Group12_04.txt
553 666 1452 2079 2147 
Group12_05.txt
670 
Group12_06.txt
269 305 636 
Group12_07.txt
607 
Group12_08.txt
340 
Group12_09.txt
1091 
Group12_10.txt
405 608 
Group12_11.txt
269 413 431 563 
Group12_12.txt
269 413 431 563 
Group12_13.txt
664 1453 
Group12_14.txt
666 
Group12_19.txt
455 903 1092 1335 1381 
Group12_21.txt
296 
Group12_22.txt
281 
Group12_24.txt
292 299 653 675 
Group12_26.txt
1003 1341 1383 1543 
Group12_27.txt
385 
Group12_28.txt
398 
Group12_29.txt
537 558 
Group12_30.txt
156 397 
Group12_33.txt
326 
Group12_34.txt
491 
Group12_35.txt
297 
Group12_37.txt
264 417 
Group12_41.txt
299 
Group12_42.txt
1525 
Group12_43.txt
416 844 
Group12_45.txt
116 289 560 
Group12_46.txt
507 569 697 
Group12_47.txt
301 
Group12_49.txt
1871 
Group12_50.txt
256 431 563 
Group13_01.txt
156 462 
Group13_02.txt
581 812 1253 1363 1614 
Group13_04.txt
865 869 881 891 1001 1007 1168 
Group13_05.txt
620 843 1209 1221 1507 1575 1911 1941 1994 2069 
Group13_06.txt
449 1315 2026 2468 2500 2665 
Group13_08.txt
159 178 262 295 307 324 436 474 827 849 961 975 
Group13_11.txt
118 188 
Group13_12.txt
5 27 59 133 223 244 
Group13_13.txt
142 
Group13_14.txt
40 64 
Group13_16.txt
191 
Group13_17.txt
614 
Group13_18.txt
113 186 280 352 413 562 802 
Group13_20.txt
35 
Group13_21.txt
940 1107 1254 1577 
Group13_22.txt
1374 1381 1554 2219 2779 2806 3043 3999 4687 4910 5203 5216 5820 5880 6244 6750 6826 7087 7120 7257 7272 7629 8171 8272 8462 9172 9435 10565 10897 11064 11376 11856 12055 12072 13120 13887 13928 14253 14264 14810 14851 15098 15148 15158 15213 15558 15814 16081 16153 16289 
Group13_23.txt
2838 3156 3691 
Group13_24.txt
921 1158 1169 1615 2868 5211 
Group13_25.txt
1245 1385 
Group13_26.txt
538 705 852 877 889 2369 2388 2423 2834 2883 3042 3108 3746 3769 3849 3877 4580 4604 4787 5464 5474 6258 6272 6482 6577 8995 9758 
Group13_27.txt
1912 1939 2682 2686 
Group13_28.txt
526 1241 1255 2060 2622 2738 3297 
Group13_29.txt
2464 2489 2500 2726 2748 3716 
Group13_30.txt
185 790 1551 1818 2041 2090 2604 2831 3786 3945 
Group13_31.txt
31 154 243 490 645 718 
Group13_32.txt
110 179 192 209 284 483 
Group13_33.txt
388 626 1094 1100 2088 
Group13_35.txt
1231 
Group13_36.txt
1001 
Group13_37.txt
53 556 1032 1424 
Group13_39.txt
528 1158 1431 1898 2040 
Group13_41.txt
165 558 
Group13_42.txt
521 699 846 1172 
Group13_43.txt
1058 
Group13_44.txt
192 2278 2587 3452 
Group13_45.txt
412 539 
Group13_46.txt
1034 
Group13_47.txt
1232 1493 
Group13_48.txt
2079 
Group14_02.txt
69 
Group14_05.txt
47 301 
Group14_08.txt
373 462 536 
Group14_09.txt
12 
Group14_14.txt
240 
Group14_16.txt
31 
Group14_17.txt
258 
Group14_18.txt
379 
Group14_19.txt
409 
Group14_20.txt
11 
Group14_22.txt
20 508 570 
Group14_23.txt
229 
Group14_28.txt
192 533 560 775 809 
Group14_31.txt
744 
Group14_35.txt
228 
Group14_37.txt
27 
Group14_39.txt
217 655 
Group14_41.txt
807 
Group14_45.txt
225 
Group14_48.txt
364 
Group14_50.txt
405 656 
