Group01_22.txt
328 
Group01_32.txt
138 1156 
Group01_33.txt
590 602 
Group02_20.txt
603 1380 1643 1719 
Group02_21.txt
228 
Group02_22.txt
1518 1973 
Group02_23.txt
689 701 712 715 741 749 754 757 1338 1342 1344 1348 1350 1352 1419 1423 1425 1429 1431 1433 
Group02_24.txt
126 224 227 341 344 572 777 795 834 1261 1310 1335 
Group02_25.txt
153 156 254 321 396 546 584 593 660 673 685 687 728 744 748 824 826 834 1133 1137 1152 1199 1221 1257 
Group02_26.txt
65 772 779 
Group02_27.txt
391 432 433 
Group02_28.txt
601 627 693 755 1845 
Group02_30.txt
932 950 976 1020 2772 2774 2822 2849 
Group02_31.txt
1620 2272 2628 
Group02_33.txt
2073 3222 3241 
Group02_36.txt
262 439 601 1042 1050 1072 1074 1095 1100 1102 
Group02_38.txt
2271 
Group02_40.txt
485 743 753 783 849 862 879 987 1039 1048 1140 1150 1277 1332 1344 1507 1609 2060 
Group02_41.txt
287 294 486 498 511 515 517 528 837 1102 1196 1204 
Group02_42.txt
380 382 384 390 392 394 396 426 428 430 432 434 436 438 
Group02_45.txt
1334 1344 1607 1625 
Group02_46.txt
103 106 122 124 273 310 517 529 539 1315 1366 1417 1435 1449 1557 1617 1901 1910 1965 1977 2083 2098 2143 2189 2208 2451 
Group02_47.txt
770 967 
Group02_49.txt
323 420 431 446 473 640 1493 1995 2057 2064 
Group02_50.txt
671 684 692 722 732 970 988 1591 1615 1857 1862 1868 1879 2015 2030 
Group05_07.txt
47 135 290 341 352 
Group05_23.txt
461 
Group06_11.txt
429 
Group06_27.txt
434 
Group06_40.txt
249 
Group06_46.txt
182 
Group07_27.txt
379 
Group09_18.txt
296 298 
Group10_05.txt
466 
Group10_08.txt
10 40 90 271 501 695 
Group10_12.txt
157 
Group10_27.txt
322 346 
Group10_29.txt
111 
Group11-15.txt
564 1135 2180 2254 
Group13_22.txt
3207 3298 3312 3353 3479 3506 
Group13_46.txt
781 
Group13_50.txt
128 
