Group01_50.txt
382 
Group02_20.txt
1644 1721 
Group02_22.txt
1520 
Group02_23.txt
690 702 713 716 743 751 760 763 
Group02_24.txt
128 225 228 342 345 
Group02_25.txt
154 157 256 325 405 548 586 595 615 740 746 750 791 829 832 837 
Group02_26.txt
67 
Group02_28.txt
602 628 694 756 
Group02_30.txt
2808 2820 2847 2851 
Group02_31.txt
2622 2664 2700 2729 2746 
Group02_36.txt
258 264 443 447 
Group02_40.txt
751 781 1138 1148 
Group02_45.txt
1613 1620 
Group02_46.txt
104 107 126 128 361 405 589 1326 1425 1441 1903 1912 1918 1940 1967 1979 2085 2100 2138 2145 2191 2210 2223 
Group02_49.txt
1997 
Group02_50.txt
673 691 694 733 783 796 997 1028 1082 1521 1632 1858 1866 1869 1881 2016 2031 
Group04_07.txt
1006 
Group04_13.txt
132 
Group06_11.txt
430 
Group07_27.txt
431 
Group09_14.txt
704 
Group10_27.txt
324 329 357 
Group10_29.txt
120 
Group12_01.txt
1508 
Group13_22.txt
3413 
Group13_50.txt
486 
