Group01_01.txt
609 
Group01_03.txt
15 74 190 308 369 375 478 490 501 568 598 607 611 668 699 715 954 1014 1145 1163 
Group01_05.txt
146 
Group01_06.txt
71 74 82 113 150 804 825 830 843 852 861 888 1026 1034 1038 1063 1077 1115 1129 1135 1195 
Group01_07.txt
47 56 402 
Group01_08.txt
54 208 237 239 294 315 323 395 405 419 591 1018 1063 1077 1083 1163 
Group01_09.txt
48 69 118 173 249 488 534 568 579 609 621 631 657 695 709 715 775 
Group01_10.txt
3 7 13 38 198 725 904 937 
Group01_11.txt
18 57 62 70 76 153 217 249 266 284 315 322 335 344 368 376 379 385 400 428 441 451 453 460 526 566 582 616 629 634 644 657 748 803 867 874 879 886 914 930 935 944 954 968 997 1004 
Group01_14.txt
87 94 208 231 238 
Group01_15.txt
60 156 
Group01_16.txt
95 176 285 360 365 
Group01_18.txt
0 36 55 75 120 145 230 240 254 278 306 318 
Group01_19.txt
110 200 206 222 225 285 293 378 588 619 626 642 647 695 
Group01_20.txt
252 257 336 387 421 425 435 542 556 
Group01_25.txt
1150 
Group01_26.txt
750 
Group01_27.txt
367 
Group01_31.txt
205 
Group01_39.txt
2 13 
Group01_43.txt
374 
Group01_44.txt
173 221 234 440 
Group01_46.txt
52 346 
Group01_47.txt
310 312 
Group01_50.txt
288 449 462 549 
Group02_01.txt
343 350 356 
Group02_02.txt
469 509 517 522 524 543 559 916 
Group02_03.txt
142 184 423 479 569 590 726 774 
Group02_04.txt
474 480 778 
Group02_05.txt
12 15 32 64 103 118 189 194 210 359 383 451 518 555 635 660 719 734 
Group02_08.txt
498 503 
Group02_09.txt
29 439 
Group02_10.txt
552 
Group02_11.txt
108 167 180 497 543 
Group02_13.txt
1 5 15 451 
Group02_14.txt
28 
Group02_15.txt
254 276 304 367 373 394 
Group02_17.txt
2 5 29 43 198 293 337 353 377 393 498 526 564 624 757 
Group02_18.txt
187 351 444 567 676 1996 2005 2035 2092 2112 2151 2368 2729 2755 2990 3058 3082 3109 
Group02_19.txt
14 15 29 36 49 50 55 88 93 100 128 220 226 246 293 314 324 358 391 528 550 611 674 776 936 961 972 1028 1034 1058 1232 1324 1436 1465 1475 1478 1489 1804 1818 1852 
Group02_20.txt
92 135 153 357 430 440 465 499 711 829 917 1046 1083 1136 1218 1274 1402 1629 1645 1680 1727 1784 1877 1932 1958 2020 2051 2237 2352 2404 2487 2496 2745 2789 2799 3132 3169 3235 3299 3312 3323 3348 3374 3396 3515 3853 4008 4020 4091 4116 4133 4140 
Group02_21.txt
137 189 213 297 323 341 359 421 464 501 538 580 582 613 641 650 663 684 696 707 871 882 897 908 944 955 1037 1062 1104 1113 1127 1146 1156 1162 1169 1319 1334 1356 1418 1428 1438 1443 1485 1492 1549 1597 1628 1635 1706 1820 1824 1869 1878 1883 1887 1932 1948 1980 2031 2039 2048 2071 2101 2109 2119 2143 2151 2266 2354 2402 2413 2454 2489 2621 2655 2688 2706 2732 2792 2800 2808 2859 2868 
Group02_22.txt
28 32 61 83 132 162 231 259 279 315 331 344 351 466 542 554 601 694 715 839 860 905 943 951 1010 1013 1051 1061 1158 1176 1192 1274 1283 1310 1315 1349 1387 1395 1418 1423 1430 1499 1541 1569 1688 1694 1703 1711 1746 1830 1834 1856 1945 1956 1982 1991 2095 2174 2209 2275 2286 2319 2327 2345 2432 2441 2486 2509 2540 2550 2573 3057 3170 3185 3194 3256 3265 3274 3317 3385 3425 3435 3450 3465 3479 3497 3538 3544 3563 3571 3578 3606 3612 3647 3706 3719 3727 
Group02_24.txt
206 220 256 448 714 724 785 1116 1124 1219 
Group02_25.txt
57 192 215 278 316 332 344 353 361 388 406 443 486 1041 1335 
Group02_26.txt
38 210 217 314 324 328 752 816 827 834 
Group02_27.txt
98 213 237 435 571 590 622 922 927 941 1078 1096 1196 1242 1335 1820 
Group02_28.txt
928 946 989 1006 1159 1211 1248 1322 1333 1336 1586 
Group02_29.txt
97 110 174 425 1189 1308 
Group02_30.txt
681 686 1713 1722 1732 1751 1829 1911 4199 4217 4249 4251 4293 4305 4457 
Group02_31.txt
43 75 1632 1641 1655 1915 1930 1936 1942 2282 2291 2299 2308 2332 2348 2352 2358 2404 2981 
Group02_32.txt
11 69 87 104 387 519 939 999 1239 1609 2256 2280 
Group02_33.txt
21 880 964 1029 1120 1412 2146 2805 3186 3419 3425 3429 3437 3451 3458 
Group02_34.txt
18 711 773 818 1005 1014 1159 1168 1175 1187 1197 1230 1243 1281 1421 
Group02_35.txt
7 13 45 72 566 762 764 
Group02_36.txt
172 211 417 531 561 567 631 779 827 941 950 952 985 1497 
Group02_37.txt
28 33 45 61 114 121 196 210 226 234 504 565 639 722 757 924 932 1161 1255 1293 1330 1398 1425 1429 1520 
Group02_38.txt
71 99 137 193 396 449 517 716 720 727 1147 1150 1171 1182 1445 2098 2112 2138 2166 2188 2265 2353 2376 
Group02_39.txt
107 147 972 980 1622 
Group02_40.txt
245 257 272 358 586 591 600 832 865 884 899 1063 1126 1590 1629 1655 1740 1873 2019 2120 2154 2163 2196 2218 2238 
Group02_41.txt
114 253 979 1214 1217 1233 1264 1317 
Group02_42.txt
363 
Group02_43.txt
80 302 393 894 1050 1147 1152 
Group02_44.txt
646 800 809 980 1439 1613 1645 1674 
Group02_45.txt
34 42 57 87 309 313 319 826 1793 1893 1919 1929 
Group02_46.txt
187 2331 
Group02_47.txt
414 447 740 749 1193 1207 1238 1301 1324 1410 1447 
Group02_48.txt
73 
Group02_49.txt
2450 3863 4178 4251 
Group02_50.txt
26 75 569 573 1209 1212 1845 2036 2042 
Group03_02.txt
627 793 
Group03_04.txt
105 1509 1584 1749 1789 1795 1986 2106 2207 
Group03_05.txt
264 1043 
Group03_06.txt
2 1278 1309 1321 
Group03_07.txt
1062 
Group03_08.txt
164 354 507 533 538 800 849 
Group03_09.txt
433 627 
Group03_10.txt
49 475 
Group03_12.txt
551 582 695 
Group03_13.txt
153 616 625 1120 1126 
Group03_14.txt
72 
Group03_15.txt
387 
Group03_17.txt
32 386 511 842 850 852 
Group03_19.txt
403 642 
Group03_20.txt
260 
Group03_21.txt
654 1128 
Group03_23.txt
632 639 661 766 770 
Group03_24.txt
499 513 620 897 926 946 948 1014 1019 1138 1153 1415 1418 1420 1423 
Group03_25.txt
292 294 546 794 
Group03_26.txt
37 138 1492 
Group03_27.txt
157 240 241 848 1014 1020 1026 
Group03_29.txt
118 179 244 260 387 396 451 825 940 1474 1477 1560 1624 
Group03_30.txt
961 1118 
Group03_32.txt
1205 
Group03_34.txt
35 57 65 438 1344 1364 1388 1400 1767 1822 1853 1992 
Group03_35.txt
18 286 833 871 
Group03_37.txt
1278 1355 1365 1604 1612 1617 
Group03_38.txt
182 
Group03_41.txt
148 
Group03_42.txt
99 160 225 241 371 380 435 815 933 1492 1495 1581 1645 
Group03_43.txt
406 
Group03_44.txt
626 628 636 1531 
Group03_45.txt
175 185 190 210 284 
Group03_47.txt
793 860 909 1021 
Group03_48.txt
237 241 278 331 395 634 644 680 688 849 
Group03_49.txt
218 222 439 469 530 
Group04_01.txt
871 
Group04_05.txt
455 
Group04_07.txt
547 
Group04_10.txt
143 273 653 
Group04_14.txt
45 
Group04_15.txt
180 711 930 978 993 1073 1165 
Group04_16.txt
322 
Group04_17.txt
830 
Group04_21.txt
342 653 810 
Group04_23.txt
52 
Group04_26.txt
699 706 714 
Group04_27.txt
201 410 415 750 772 778 797 829 835 842 858 875 
Group04_28.txt
476 535 
Group04_29.txt
505 515 518 
Group04_30.txt
683 
Group04_32.txt
582 
Group04_34.txt
451 573 744 751 
Group04_36.txt
282 
Group04_37.txt
466 
Group04_39.txt
90 101 139 169 175 714 722 726 735 738 841 866 
Group04_40.txt
6 23 32 40 76 101 136 170 181 204 210 234 261 279 311 361 374 392 398 407 466 474 490 510 516 520 529 559 582 
Group04_41.txt
25 280 873 896 917 927 933 1110 1117 1169 
Group04_42.txt
322 
Group04_43.txt
97 106 111 331 335 
Group04_45.txt
16 
Group04_46.txt
157 338 533 901 973 1004 1028 1044 
Group04_49.txt
2 219 224 239 289 292 
Group05_06.txt
105 109 
Group05_09.txt
451 
Group05_12.txt
13 29 
Group05_13.txt
395 
Group05_14.txt
273 276 779 
Group05_16.txt
418 
Group05_17.txt
176 
Group05_18.txt
144 158 
Group05_20.txt
185 213 221 226 673 680 900 
Group05_22.txt
355 
Group05_23.txt
207 245 556 558 590 594 600 605 727 740 765 823 847 953 1004 1011 1023 1084 1087 1112 1121 1143 1182 1190 1228 1251 1262 1280 1300 1438 
Group05_24.txt
260 291 326 402 
Group05_26.txt
887 
Group05_27.txt
208 748 
Group05_28.txt
22 
Group05_29.txt
2 
Group05_37.txt
95 
Group05_42.txt
5 81 125 136 
Group05_43.txt
161 
Group05_44.txt
671 721 781 
Group05_45.txt
242 273 471 496 630 656 664 896 929 939 977 999 1001 1065 1228 1248 
Group05_46.txt
589 623 635 655 
Group05_49.txt
413 416 622 
Group06_03.txt
426 
Group06_04.txt
14 35 317 714 
Group06_05.txt
163 183 
Group06_08.txt
347 
Group06_09.txt
582 
Group06_11.txt
478 
Group06_12.txt
92 98 
Group06_15.txt
175 209 335 376 404 499 604 622 671 
Group06_16.txt
881 
Group06_20.txt
24 593 
Group06_22.txt
375 530 537 541 
Group06_23.txt
817 
Group06_26.txt
595 
Group06_28.txt
467 
Group06_29.txt
531 
Group06_42.txt
96 
Group06_45.txt
213 
Group06_47.txt
190 198 205 213 
Group06_48.txt
277 
Group06_50.txt
508 
Group07_01.txt
7 19 85 141 148 189 199 244 390 608 624 656 721 803 839 856 888 
Group07_02.txt
8 132 144 499 732 816 
Group07_03.txt
113 661 1810 1813 2150 
Group07_04.txt
374 401 421 441 498 774 845 875 1020 1025 1206 1220 1226 
Group07_05.txt
248 253 536 848 
Group07_06.txt
31 346 359 390 
Group07_07.txt
329 334 590 
Group07_09.txt
131 147 186 208 299 303 440 445 555 580 639 642 673 681 
Group07_10.txt
590 
Group07_11.txt
284 
Group07_12.txt
449 664 667 671 1031 
Group07_13.txt
152 245 
Group07_14.txt
338 427 
Group07_16.txt
633 
Group07_17.txt
9 89 93 97 107 113 120 164 171 209 218 226 243 259 340 347 360 363 424 444 
Group07_18.txt
854 869 944 1068 1413 
Group07_19.txt
26 
Group07_20.txt
26 84 90 97 178 245 350 419 
Group07_21.txt
253 837 886 
Group07_22.txt
164 211 609 745 768 
Group07_23.txt
202 302 494 546 
Group07_24.txt
292 333 343 488 661 770 817 1214 1281 1542 1570 1696 2107 2126 
Group07_25.txt
69 89 116 159 213 228 280 313 432 475 
Group07_26.txt
429 461 465 514 532 538 544 
Group07_27.txt
474 
Group07_28.txt
155 176 472 550 
Group07_29.txt
5 181 
Group07_30.txt
8 35 267 548 549 558 605 
Group07_31.txt
80 317 357 709 1077 1101 1112 1471 1745 1768 
Group07_32.txt
325 
Group07_33.txt
190 201 414 605 618 695 706 
Group07_34.txt
328 415 
Group07_35.txt
96 139 149 167 230 235 248 251 298 317 378 424 564 
Group07_36.txt
708 747 926 1132 1178 
Group07_37.txt
596 1785 
Group07_38.txt
480 538 589 741 831 1084 1144 1228 1349 1356 1387 1456 1499 1564 1683 1700 1726 1738 1764 1768 
Group07_39.txt
156 615 622 628 
Group07_40.txt
89 582 621 747 813 
Group07_41.txt
141 246 253 282 306 368 377 465 478 613 648 
Group07_42.txt
596 602 606 610 617 
Group07_44.txt
582 625 
Group07_46.txt
61 84 531 583 623 
Group07_47.txt
241 645 
Group07_48.txt
84 645 785 806 979 986 1004 1014 1080 1083 
Group07_49.txt
31 37 40 183 203 230 295 399 638 756 884 1063 1071 1175 1213 1410 1490 1498 1579 2165 2282 2436 2551 2572 2705 2715 
Group08_04.txt
460 465 770 
Group08_06.txt
585 
Group08_08.txt
116 246 
Group08_11.txt
420 426 698 
Group08_15.txt
6 244 248 252 259 478 
Group08_16.txt
145 209 388 393 1596 1633 1704 1768 1771 1776 
Group08_17.txt
322 576 650 659 1014 
Group08_19.txt
307 
Group08_20.txt
457 476 491 526 531 798 903 961 1016 1087 1269 1361 1494 
Group08_21.txt
233 
Group08_23.txt
460 465 771 
Group08_24.txt
350 371 573 584 898 989 1041 1064 
Group08_25.txt
237 654 710 716 1297 1304 1306 1332 
Group08_29.txt
138 
Group08_30.txt
1383 
Group08_44.txt
100 
Group09_01.txt
324 333 342 349 
Group09_03.txt
435 
Group09_10.txt
626 631 633 
Group09_13.txt
144 
Group09_15.txt
7 24 
Group09_22.txt
48 
Group09_27.txt
22 325 
Group09_28.txt
545 
Group09_31.txt
516 
Group09_33.txt
135 
Group09_37.txt
975 1101 1118 
Group09_39.txt
6 487 493 497 532 
Group09_40.txt
177 191 205 
Group09_45.txt
509 
Group09_49.txt
869 
Group09_50.txt
417 
Group10_02.txt
287 
Group10_03.txt
645 923 954 
Group10_04.txt
235 
Group10_05.txt
28 62 145 453 
Group10_06.txt
150 172 175 261 278 282 284 437 464 471 476 487 490 532 541 554 561 585 599 606 619 633 638 659 683 
Group10_08.txt
368 392 408 439 481 534 597 612 
Group10_09.txt
82 105 113 131 150 258 314 316 334 377 450 511 513 523 527 541 545 681 709 780 814 826 829 833 872 909 1000 1039 1042 
Group10_11.txt
1230 
Group10_13.txt
265 
Group10_14.txt
210 232 
Group10_17.txt
26 49 111 120 291 311 356 393 407 413 445 466 468 551 592 595 681 795 861 908 923 962 
Group10_19.txt
157 210 531 
Group10_21.txt
136 149 153 344 545 
Group10_24.txt
18 114 139 155 221 288 409 454 540 543 567 578 587 589 602 629 639 647 693 721 768 773 776 821 835 890 1040 1055 1094 1130 1136 1205 1219 1257 1270 1295 1300 1308 
Group10_26.txt
287 
Group10_28.txt
56 201 795 922 1071 
Group10_29.txt
11 17 21 40 56 58 90 113 122 165 166 178 185 200 264 386 419 426 436 484 502 574 584 596 606 620 646 706 825 919 990 1028 
Group10_30.txt
127 133 518 
Group10_31.txt
667 
Group10_33.txt
1429 1435 
Group10_34.txt
297 
Group10_35.txt
668 870 875 1311 1352 1581 
Group10_36.txt
705 737 
Group10_37.txt
264 295 
Group10_38.txt
344 685 696 
Group10_40.txt
303 328 331 
Group10_41.txt
550 
Group10_43.txt
346 352 384 600 
Group10_44.txt
674 
Group10_45.txt
605 
Group10_46.txt
279 431 
Group10_47.txt
238 249 303 320 451 480 
Group10_49.txt
441 614 655 
Group10_50.txt
243 289 297 308 356 367 373 378 385 402 407 448 
Group11-01.txt
280 
Group11-02.txt
741 
Group11-03.txt
110 298 
Group11-04.txt
291 673 860 
Group11-05.txt
278 305 629 651 714 812 935 938 963 1258 1377 1578 1661 1773 1814 2067 2292 2303 2306 
Group11-14.txt
299 305 372 429 439 449 456 
Group11-15.txt
258 517 554 602 629 899 920 1554 1602 1629 1933 2135 2192 2463 2496 
Group11-16.txt
172 176 376 390 923 929 1639 1659 1787 1793 1974 2175 2185 2774 3125 
Group11-17.txt
519 664 666 761 
Group11-18.txt
106 239 248 323 447 582 640 649 
Group11-19.txt
675 
Group11-20.txt
135 161 185 1367 
Group11-21.txt
556 561 704 
Group11-22.txt
43 49 297 713 832 871 
Group11-23.txt
59 354 519 591 
Group11-24.txt
86 99 125 276 280 294 344 438 449 520 578 618 738 820 986 1166 1238 1241 1252 1255 1469 1574 1849 1912 1918 2009 2249 2252 2554 2628 2632 
Group11-28.txt
567 635 937 
Group11-29.txt
724 
Group11-30.txt
600 
Group11-31.txt
587 
Group11-32.txt
773 
Group11-37.txt
549 
Group11-39.txt
413 418 434 439 
Group11-40.txt
53 68 83 110 122 132 193 252 258 301 335 377 389 408 418 427 469 489 494 536 556 601 631 645 657 669 
Group11-44.txt
791 
Group11-45.txt
375 380 500 761 767 859 1022 
Group11-46.txt
338 532 535 683 947 950 961 983 1003 1237 1470 1484 1490 1511 1524 1537 
Group11-47.txt
216 
Group11-50.txt
76 388 394 
Group12_01.txt
601 749 
Group12_03.txt
3 96 119 152 204 252 284 347 896 966 1016 1119 1174 1214 1302 
Group12_04.txt
793 800 
Group12_06.txt
710 1172 1175 
Group12_07.txt
496 827 855 871 880 887 1045 
Group12_09.txt
804 868 879 1071 
Group12_10.txt
283 300 312 701 708 
Group12_13.txt
5 469 495 816 968 1009 1266 1275 1280 1296 
Group12_14.txt
397 665 831 
Group12_18.txt
416 449 453 457 461 
Group12_21.txt
398 
Group12_22.txt
150 162 
Group12_24.txt
281 
Group12_26.txt
1102 
Group12_27.txt
479 
Group12_28.txt
37 186 357 406 441 446 461 470 476 481 498 503 515 580 598 
Group12_29.txt
536 
Group12_30.txt
352 541 588 
Group12_32.txt
328 
Group12_34.txt
408 415 608 
Group12_36.txt
247 432 
Group12_37.txt
17 168 352 534 
Group12_38.txt
478 
Group12_39.txt
197 515 565 619 734 766 793 
Group12_40.txt
56 109 190 
Group12_41.txt
157 177 189 408 429 434 468 636 641 659 665 823 842 
Group12_42.txt
753 924 
Group12_46.txt
541 
Group12_48.txt
258 293 
Group12_49.txt
779 784 799 807 823 
Group13_02.txt
902 912 924 929 932 1520 1543 1918 1923 1931 1942 2213 2221 2227 
Group13_04.txt
275 424 855 1158 
Group13_05.txt
44 251 668 684 1076 1273 1282 1516 
Group13_06.txt
121 147 300 308 322 395 421 517 1125 1136 1383 1390 1473 1475 1485 1499 1744 1754 1764 1783 1786 1794 1797 1893 2010 2013 2047 2057 2062 2070 2074 2092 2097 2129 2135 2201 2206 2212 2375 2743 
Group13_09.txt
0 8 41 43 57 66 80 86 94 107 110 130 151 165 168 266 279 300 304 338 351 369 385 388 400 421 451 462 501 517 520 577 633 637 643 656 665 709 723 796 827 856 872 902 915 948 956 993 1053 1067 1078 1090 1151 1172 1187 1190 1207 1295 1314 1325 1349 1367 1435 1441 1446 1508 1529 1690 1692 1709 1731 1772 1779 1810 1830 1865 1886 
Group13_17.txt
491 
Group13_20.txt
89 
Group13_21.txt
158 592 1555 1599 
Group13_22.txt
1133 1694 2019 2864 3252 3367 3380 3430 3449 3499 3516 3532 3537 4267 6028 6272 6431 6886 7083 7116 7333 7387 7412 7414 7507 7539 7722 8672 8679 8682 10035 10280 10291 10299 11352 13495 13498 13834 14705 14790 14793 14804 15526 15531 16492 
Group13_23.txt
140 715 726 887 898 993 1637 1648 
Group13_24.txt
439 2918 2921 
Group13_25.txt
336 725 883 1143 1175 1219 1225 1250 1390 2417 2432 2453 2460 2463 2488 2490 2499 2507 2512 
Group13_26.txt
1572 1589 1952 2190 3605 3623 3642 3664 3931 4047 4535 4541 5058 6178 6186 7462 
Group13_27.txt
1047 1081 2649 2705 2915 
Group13_28.txt
319 1314 1319 1471 1476 1794 1801 2764 2770 2881 2889 3110 3137 
Group13_29.txt
4467 4533 
Group13_30.txt
2156 2163 2167 3346 
Group13_32.txt
476 630 713 720 1080 1390 
Group13_33.txt
220 864 1384 1399 1621 1628 1677 
Group13_35.txt
117 131 185 286 316 324 342 347 354 368 557 562 572 684 750 819 835 859 1359 1380 1445 1501 
Group13_36.txt
395 397 454 597 719 871 874 896 986 990 1010 1025 1047 1426 1436 
Group13_37.txt
692 1166 1180 1638 
Group13_38.txt
61 204 348 642 794 925 1535 
Group13_39.txt
421 566 576 1526 
Group13_40.txt
656 789 
Group13_41.txt
907 1470 
Group13_42.txt
1138 1163 1167 
Group13_43.txt
520 542 712 
Group13_44.txt
126 131 949 994 1510 1513 2118 2122 2128 2223 2232 2236 2242 2387 2393 2405 2869 3401 3902 
Group13_45.txt
94 619 700 706 1545 1549 1553 
Group13_46.txt
64 66 1823 1846 
Group13_47.txt
1234 1563 
Group13_48.txt
74 1051 1088 1341 1506 2005 2069 2286 2292 2304 2334 2367 
Group13_49.txt
654 790 815 1955 
Group14_01.txt
231 288 301 331 334 449 
Group14_02.txt
517 527 
Group14_06.txt
410 
Group14_09.txt
13 388 
Group14_10.txt
180 339 
Group14_11.txt
140 147 382 390 397 513 
Group14_13.txt
204 491 
Group14_15.txt
501 
Group14_16.txt
14 21 33 55 
Group14_17.txt
465 
Group14_18.txt
9 382 458 
Group14_19.txt
246 280 520 679 707 788 
Group14_20.txt
12 458 463 889 904 
Group14_25.txt
298 
Group14_26.txt
118 
Group14_27.txt
605 765 767 
Group14_28.txt
736 
Group14_30.txt
594 603 866 950 962 
Group14_31.txt
258 305 314 319 324 515 531 
Group14_32.txt
374 376 515 550 560 
Group14_33.txt
10 173 676 730 748 1075 1082 
Group14_34.txt
83 224 240 516 533 607 685 700 758 
Group14_35.txt
229 313 484 606 623 786 811 845 979 1056 1086 1173 1247 1344 1349 1425 1543 1557 
Group14_36.txt
22 31 64 88 126 138 148 156 190 203 216 227 256 282 306 369 414 421 469 491 497 
Group14_37.txt
30 211 337 449 488 511 537 566 613 643 
Group14_38.txt
111 195 223 233 240 247 289 366 424 427 481 525 532 614 687 787 933 944 
Group14_39.txt
50 135 206 342 426 543 601 626 679 739 792 805 834 848 864 
Group14_40.txt
121 127 130 141 163 345 413 562 567 571 729 761 773 829 832 850 
Group14_41.txt
100 226 234 240 360 428 460 505 552 575 677 686 705 722 778 874 
Group14_42.txt
216 337 390 416 552 561 606 611 672 724 739 744 849 919 
Group14_43.txt
155 164 169 210 297 366 426 429 456 
Group14_44.txt
33 51 239 305 423 458 465 481 489 505 518 606 667 736 740 843 859 866 879 882 894 938 954 965 970 
Group14_45.txt
157 167 210 212 279 298 325 335 357 363 437 535 
Group14_46.txt
427 533 554 586 611 619 653 
Group14_47.txt
130 184 186 444 494 
Group14_48.txt
104 138 143 147 158 295 331 333 386 393 420 431 463 473 486 489 509 511 516 539 541 618 635 
Group14_49.txt
19 39 57 79 82 88 111 234 246 328 353 467 496 536 584 
Group14_50.txt
200 285 302 312 333 337 357 413 440 446 471 527 534 561 627 
