Group01_08.txt
101 380 
Group01_10.txt
399 
Group01_12.txt
727 
Group01_41.txt
200 
Group03_03.txt
1298 
Group03_06.txt
2112 
Group03_07.txt
442 
Group03_08.txt
174 
Group03_10.txt
989 
Group03_13.txt
22 303 368 
Group03_15.txt
124 439 
Group03_17.txt
191 
Group03_22.txt
651 
Group03_25.txt
342 379 
Group03_26.txt
1334 
Group03_27.txt
546 
Group03_34.txt
693 
Group03_44.txt
1323 
Group03_46.txt
225 
Group04_09.txt
261 371 391 
Group04_21.txt
721 
Group04_23.txt
627 
Group04_24.txt
506 
Group04_26.txt
735 
Group04_32.txt
27 32 79 271 297 348 783 
Group04_38.txt
11 55 190 249 275 346 384 431 444 457 
Group04_44.txt
291 
Group04_46.txt
24 
Group04_50.txt
554 733 
Group05_04.txt
67 
Group05_44.txt
311 
Group06_09.txt
524 
Group06_23.txt
660 
Group07_04.txt
779 793 
Group07_12.txt
196 
Group07_13.txt
206 580 
Group07_27.txt
321 413 
Group07_32.txt
219 
Group07_33.txt
415 
Group07_37.txt
120 517 1126 
Group07_41.txt
447 
Group07_48.txt
321 
Group08_02.txt
310 
Group08_06.txt
72 135 
Group08_08.txt
322 
Group08_29.txt
235 
Group08_30.txt
1331 
Group08_39.txt
290 
Group08_44.txt
120 
Group09_12.txt
24 
Group09_37.txt
224 
Group09_39.txt
399 409 459 490 501 522 
Group10_12.txt
393 
Group10_13.txt
231 543 
Group10_20.txt
493 
Group10_21.txt
398 577 
Group10_24.txt
342 368 
Group10_33.txt
301 
Group10_44.txt
188 
Group10_46.txt
48 
Group11-15.txt
1158 
Group11-16.txt
591 2384 3260 
Group11-20.txt
38 418 568 615 627 665 897 
Group11-25.txt
22 43 151 217 256 452 502 539 650 
Group11-28.txt
427 
Group11-45.txt
1086 1202 1269 
Group12_01.txt
536 573 721 
Group12_06.txt
349 
Group12_07.txt
106 
Group12_10.txt
657 729 
Group12_11.txt
292 
Group12_12.txt
292 
Group12_13.txt
656 
Group12_19.txt
813 1014 
Group12_26.txt
115 
Group12_30.txt
11 338 362 434 589 
Group12_33.txt
149 292 
Group12_38.txt
121 
Group12_46.txt
551 
Group12_47.txt
340 
Group12_49.txt
407 
Group13_02.txt
179 758 804 1456 1999 
Group13_06.txt
1768 1774 
Group13_07.txt
463 566 
Group13_12.txt
233 
Group13_21.txt
610 
Group13_22.txt
19 216 306 313 343 375 803 2599 2745 2924 3000 3027 3070 3090 3102 3115 3148 3172 3200 3212 3260 3273 3301 3315 3358 3387 3411 3424 3440 3484 3495 3511 3527 3842 4000 4015 4060 4186 4229 4272 4318 4339 4353 4415 4422 4488 4738 4803 4879 5000 5068 5086 5124 5249 5431 5498 5508 5771 5819 5842 5847 5856 5887 5927 5994 6042 6070 6153 6341 6371 6443 6483 6539 6730 6765 6782 6815 6943 7138 7178 7187 7207 7284 7358 7480 7502 7550 7668 7729 7742 7760 7784 7944 8015 8038 8087 8170 8282 8296 8987 9066 9080 9360 9844 10334 10422 10470 10509 10549 10603 10623 10734 10748 10772 10815 10889 10939 10996 11270 11311 11611 11728 11748 11819 11837 11855 11902 12083 12128 12239 12262 12398 12445 12639 12667 12696 14075 14177 14210 14233 14274 14302 14394 14402 14425 14497 14598 14642 14670 14687 14962 15044 15326 15583 15711 15772 15819 15858 15930 15970 16042 16195 16230 16270 16588 
Group13_23.txt
1976 
Group13_24.txt
2 37 65 1032 1051 1789 5188 5580 
Group13_26.txt
5437 5451 
Group13_32.txt
830 
Group13_35.txt
1225 
Group13_36.txt
255 541 558 1168 1220 1291 1322 
Group13_37.txt
731 1063 
Group13_38.txt
293 496 943 
Group13_39.txt
294 1150 1586 
Group13_42.txt
123 481 
Group13_44.txt
1714 1920 
Group13_45.txt
929 
Group13_46.txt
1328 
Group13_49.txt
1557 
Group13_50.txt
13 308 425 
Group14_09.txt
64 
Group14_10.txt
150 
Group14_12.txt
252 382 429 
Group14_20.txt
629 
Group14_30.txt
571 711 
Group14_41.txt
79 
