Group01_01.txt
0 
Group01_03.txt
99 107 122 542 679 798 809 833 872 882 1064 1240 
Group01_04.txt
369 
Group01_06.txt
25 43 120 126 159 845 880 883 951 1191 
Group01_07.txt
523 
Group01_08.txt
40 63 77 308 402 425 577 1028 1159 
Group01_09.txt
45 113 228 315 595 613 771 
Group01_10.txt
22 42 65 230 731 
Group01_11.txt
236 287 373 382 398 413 443 482 516 572 598 601 605 611 620 642 757 871 883 905 946 
Group01_12.txt
22 721 
Group01_14.txt
38 66 96 214 235 
Group01_16.txt
280 340 
Group01_18.txt
11 32 44 51 64 72 113 122 287 
Group01_19.txt
655 
Group01_20.txt
411 
Group01_24.txt
362 
Group01_26.txt
747 
Group01_32.txt
1142 
Group01_44.txt
169 
Group01_47.txt
9 
Group01_50.txt
68 135 162 
Group02_01.txt
556 
Group02_04.txt
495 501 789 798 
Group02_05.txt
3 35 56 124 182 321 387 525 602 616 
Group02_10.txt
729 
Group02_11.txt
63 112 545 
Group02_13.txt
10 
Group02_15.txt
263 541 
Group02_17.txt
7 380 466 478 513 570 605 
Group02_18.txt
361 2121 2759 3112 
Group02_19.txt
22 115 275 372 394 902 939 979 1040 1052 1205 
Group02_20.txt
140 225 375 517 1939 2034 4049 
Group02_21.txt
221 314 336 345 353 446 453 508 572 595 638 731 866 873 1091 1121 1135 1140 1153 1258 1272 1282 1291 1309 1316 1322 1337 1387 1413 1452 1591 1601 1835 1954 1975 2094 2234 2259 2263 2274 2368 2474 2484 2572 2618 2644 2675 2682 2737 2741 2771 2819 
Group02_22.txt
91 268 282 297 327 369 562 637 748 823 877 1084 1160 1294 1303 1425 1432 1625 1726 2107 2234 2879 2889 3319 3328 3391 3513 3582 3585 3618 3627 3638 3703 3714 3739 
Group02_24.txt
1133 
Group02_25.txt
371 416 447 1025 
Group02_27.txt
452 
Group02_28.txt
1095 
Group02_29.txt
91 1326 
Group02_30.txt
4204 
Group02_31.txt
36 
Group02_32.txt
80 
Group02_33.txt
1117 
Group02_34.txt
86 
Group02_35.txt
32 
Group02_36.txt
627 
Group02_37.txt
1351 1460 
Group02_38.txt
129 1195 1206 2164 2200 2363 2678 
Group02_39.txt
1661 
Group02_40.txt
392 1617 1647 1729 1758 1853 2106 2304 
Group02_41.txt
1091 1294 
Group02_43.txt
707 718 1129 1159 
Group02_44.txt
1077 
Group02_45.txt
1899 1925 
Group02_47.txt
458 
Group03_02.txt
313 
Group03_10.txt
493 
Group03_17.txt
109 
Group03_19.txt
314 391 557 
Group03_20.txt
121 
Group03_23.txt
175 641 714 
Group03_24.txt
1 516 895 1132 1141 1156 1159 
Group03_25.txt
553 
Group03_27.txt
1032 
Group03_29.txt
245 831 1423 1437 1594 1608 1935 
Group03_30.txt
637 977 
Group03_32.txt
1185 
Group03_35.txt
845 1043 
Group03_37.txt
1274 1344 1626 2215 
Group03_42.txt
226 821 1441 1455 1615 1629 
Group03_43.txt
327 
Group03_47.txt
670 
Group03_48.txt
252 261 334 400 409 872 
Group04_15.txt
314 749 1011 1018 
Group04_16.txt
19 
Group04_19.txt
2 
Group04_21.txt
346 649 
Group04_27.txt
5 747 783 812 
Group04_29.txt
511 
Group04_30.txt
676 688 
Group04_31.txt
4 
Group04_32.txt
818 
Group04_34.txt
454 550 723 727 747 767 
Group04_36.txt
210 287 297 340 350 475 821 
Group04_37.txt
515 
Group04_39.txt
40 42 45 507 515 740 
Group04_40.txt
124 179 196 355 376 379 400 478 525 567 572 
Group04_41.txt
83 842 935 960 1081 1086 
Group04_42.txt
19 521 
Group04_43.txt
237 
Group04_46.txt
333 
Group04_49.txt
236 
Group04_50.txt
4 
Group05_05.txt
243 251 
Group05_09.txt
541 
Group05_20.txt
676 
Group05_22.txt
176 
Group05_23.txt
20 391 401 419 423 429 579 811 825 865 907 937 941 1008 1016 1025 1080 1092 1186 1196 1223 1231 1234 1257 1267 1276 1317 1321 1324 1357 1372 1424 1429 
Group05_24.txt
141 249 256 265 275 587 
Group05_28.txt
3 25 
Group05_31.txt
26 33 
Group05_45.txt
294 548 949 1170 1240 1243 
Group05_46.txt
578 
Group05_48.txt
1 
Group06_05.txt
637 
Group06_12.txt
4 
Group06_15.txt
198 
Group06_45.txt
8 216 
Group07_01.txt
87 92 341 421 441 467 523 646 723 726 743 746 749 763 774 842 
Group07_03.txt
647 656 
Group07_06.txt
301 332 
Group07_09.txt
188 255 269 472 558 
Group07_11.txt
461 471 
Group07_15.txt
331 
Group07_16.txt
635 
Group07_17.txt
144 432 466 
Group07_18.txt
1424 
Group07_20.txt
41 353 358 366 
Group07_21.txt
256 
Group07_22.txt
153 728 734 
Group07_23.txt
502 515 
Group07_24.txt
1305 2078 
Group07_25.txt
64 84 124 217 263 267 272 299 304 307 355 364 367 371 378 395 398 409 418 455 481 502 535 
Group07_27.txt
579 
Group07_28.txt
47 
Group07_31.txt
1296 
Group07_33.txt
421 
Group07_34.txt
332 335 343 511 612 624 
Group07_35.txt
99 291 
Group07_37.txt
866 868 870 894 898 1787 
Group07_38.txt
417 1449 1460 1464 1510 
Group07_40.txt
6 629 
Group07_44.txt
586 589 620 
Group07_46.txt
426 
Group07_48.txt
1074 
Group07_49.txt
28 33 83 199 228 250 270 316 407 451 646 759 784 903 959 984 1066 1097 1127 1228 1302 1325 1371 1391 1425 1435 1573 1581 1728 1741 1803 1846 2039 2063 2351 2444 2531 2560 2712 
Group07_50.txt
601 
Group08_16.txt
1700 
Group08_20.txt
774 1327 1371 1374 1383 1497 
Group08_24.txt
697 1057 1076 
Group08_25.txt
1245 
Group08_30.txt
907 
Group09_15.txt
14 21 
Group09_40.txt
383 
Group10_01.txt
105 467 
Group10_02.txt
289 
Group10_03.txt
956 
Group10_05.txt
156 386 394 429 443 446 448 
Group10_06.txt
158 220 293 498 725 
Group10_08.txt
396 449 457 498 
Group10_09.txt
54 167 172 227 263 322 345 349 355 358 393 410 421 470 549 597 686 713 809 865 914 1006 1017 
Group10_14.txt
225 
Group10_17.txt
229 323 326 409 518 529 536 542 588 597 617 864 870 891 913 966 1030 
Group10_19.txt
147 
Group10_21.txt
711 
Group10_24.txt
25 117 440 446 459 553 562 583 596 667 756 824 839 879 906 909 1286 1302 1319 
Group10_26.txt
289 
Group10_28.txt
25 799 805 1075 1082 1095 
Group10_29.txt
4 12 23 26 31 69 80 91 105 125 130 193 250 252 269 272 282 289 302 337 343 368 411 493 516 525 540 553 601 615 630 648 651 685 702 730 766 772 812 817 911 930 939 948 968 977 982 995 1002 1018 
Group10_34.txt
206 302 
Group10_38.txt
6 628 
Group10_41.txt
560 
Group10_45.txt
449 674 
Group10_50.txt
294 315 343 435 458 483 
Group11-04.txt
681 
Group11-05.txt
1390 
Group11-14.txt
433 
Group11-15.txt
2054 2148 2465 
Group11-16.txt
1800 1912 2462 2762 
Group11-17.txt
44 
Group11-18.txt
13 44 149 279 450 544 660 
Group11-21.txt
829 851 
Group11-23.txt
125 
Group11-24.txt
336 350 1262 1859 
Group11-28.txt
946 980 
Group11-29.txt
733 767 
Group11-30.txt
609 643 
Group11-31.txt
589 
Group11-32.txt
782 816 
Group11-39.txt
701 
Group11-40.txt
5 8 39 44 59 74 124 138 141 143 146 154 190 196 241 267 320 380 436 539 597 660 706 
Group11-45.txt
1062 
Group11-46.txt
148 545 963 1468 1473 
Group12_03.txt
58 111 129 181 197 274 327 374 383 413 612 666 754 976 1039 1212 1315 1407 
Group12_07.txt
491 
Group12_10.txt
316 
Group12_13.txt
7 971 1271 1299 1301 
Group12_14.txt
32 
Group12_28.txt
15 22 103 170 178 198 342 453 494 510 589 
Group12_30.txt
592 
Group12_35.txt
687 
Group12_39.txt
183 501 645 717 752 788 
Group12_40.txt
18 101 182 
Group12_41.txt
11 102 198 326 
Group12_49.txt
813 
Group13_02.txt
915 920 926 969 1937 2002 
Group13_04.txt
194 
Group13_05.txt
1267 1519 
Group13_06.txt
686 1385 1416 1482 1516 1751 
Group13_09.txt
12 18 49 51 54 60 71 101 274 285 358 363 376 394 406 428 608 624 649 680 716 738 751 769 793 806 861 875 895 899 937 961 970 1033 1063 1163 1218 1292 1345 1394 1405 1458 1518 1540 1544 1687 1696 1706 1734 1786 1804 1848 1911 
Group13_22.txt
3194 3457 3487 5298 10292 14343 
Group13_23.txt
989 
Group13_24.txt
2944 
Group13_25.txt
886 1253 1373 1393 1426 1971 2002 
Group13_26.txt
1303 2781 3614 3934 4545 
Group13_30.txt
2160 2229 
Group13_32.txt
534 634 
Group13_33.txt
1418 1624 1683 
Group13_35.txt
134 300 352 361 581 908 1450 
Group13_36.txt
391 721 850 885 902 1007 1041 1209 
Group13_39.txt
568 
Group13_41.txt
666 
Group13_44.txt
162 1140 1197 2331 2396 
Group13_45.txt
1534 
Group13_47.txt
1315 
Group13_48.txt
1360 
Group14_01.txt
470 
Group14_03.txt
54 
Group14_05.txt
544 552 565 
Group14_11.txt
395 401 506 
Group14_13.txt
164 
Group14_18.txt
68 
Group14_19.txt
285 698 710 783 
Group14_31.txt
272 753 
Group14_32.txt
553 
Group14_33.txt
523 967 1104 
Group14_34.txt
395 647 663 670 
Group14_35.txt
316 487 611 744 1401 
Group14_36.txt
38 302 308 323 326 449 594 610 
Group14_37.txt
365 454 493 522 535 542 549 588 604 695 742 749 761 
Group14_38.txt
114 202 218 252 354 510 827 
Group14_39.txt
561 632 814 
Group14_40.txt
454 596 709 769 836 
Group14_41.txt
35 97 501 522 585 762 782 
Group14_42.txt
385 550 746 749 863 897 
Group14_43.txt
180 
Group14_44.txt
275 438 493 498 507 697 733 861 884 961 
Group14_45.txt
152 194 220 288 315 332 360 370 
Group14_46.txt
191 559 605 
Group14_47.txt
174 347 560 609 612 
Group14_48.txt
50 114 120 160 179 185 223 248 623 
Group14_49.txt
60 201 222 334 348 386 393 408 591 737 
Group14_50.txt
136 148 163 198 224 388 451 484 615 
